   Residue Number     State  0     State  1     State  2     State  3     State  4 
-----------------------------------------------------------------------------------
Residue: TYR 11   1.000000 (1) 0.000000 (0) 
Residue: GL4 14   0.000222 (0) 0.445660 (1) 0.064691 (1) 0.436238 (1) 0.053189 (1) 
Residue: TYR 16   1.000000 (1) 0.000000 (0) 
Residue: HIP 20   0.999953 (2) 0.000046 (1) 0.000001 (1) 
Residue: HIP 25   0.999997 (2) 0.000003 (1) 0.000000 (1) 
Residue: GL4 28   0.003188 (0) 0.488545 (1) 0.014537 (1) 0.486375 (1) 0.007356 (1) 
Residue: TYR 31   1.000000 (1) 0.000000 (0) 
Residue: GL4 36   0.000125 (0) 0.477174 (1) 0.025379 (1) 0.473508 (1) 0.023814 (1) 
Residue: TYR 41   1.000000 (1) 0.000000 (0) 
Residue: TYR 54   1.000000 (1) 0.000000 (0) 
Residue: GL4 57   0.000032 (0) 0.429411 (1) 0.072945 (1) 0.428525 (1) 0.069088 (1) 
Residue: TYR 59   1.000000 (1) 0.000000 (0) 
Residue: HIP 63   1.000000 (2) 0.000000 (1) 0.000000 (1) 
Residue: HIP 68   0.999995 (2) 0.000002 (1) 0.000003 (1) 
Residue: GL4 71   0.000174 (0) 0.478456 (1) 0.020888 (1) 0.478899 (1) 0.021583 (1) 
Residue: TYR 74   1.000000 (1) 0.000000 (0) 
Residue: GL4 79   0.000139 (0) 0.476125 (1) 0.022613 (1) 0.477940 (1) 0.023183 (1) 
Residue: TYR 84   1.000000 (1) 0.000000 (0) 
Residue: TYR 97   1.000000 (1) 0.000000 (0) 
Residue: GL4 100  0.000033 (0) 0.380179 (1) 0.122936 (1) 0.384338 (1) 0.112513 (1) 
Residue: TYR 102  1.000000 (1) 0.000000 (0) 
Residue: HIP 106  0.999996 (2) 0.000004 (1) 0.000000 (1) 
Residue: HIP 111  1.000000 (2) 0.000000 (1) 0.000000 (1) 
Residue: GL4 114  0.000584 (0) 0.489962 (1) 0.021386 (1) 0.466292 (1) 0.021776 (1) 
Residue: TYR 117  1.000000 (1) 0.000000 (0) 
Residue: GL4 122  0.000018 (0) 0.404882 (1) 0.096645 (1) 0.403755 (1) 0.094701 (1) 
Residue: TYR 127  1.000000 (1) 0.000000 (0) 
