   Residue Number     State  0     State  1     State  2     State  3     State  4 
-----------------------------------------------------------------------------------
Residue: TYR 11   1.000000 (1) 0.000000 (0) 
Residue: GL4 14   0.000705 (0) 0.445404 (1) 0.064358 (1) 0.436351 (1) 0.053183 (1) 
Residue: TYR 16   1.000000 (1) 0.000000 (0) 
Residue: HIP 20   0.999857 (2) 0.000141 (1) 0.000002 (1) 
Residue: HIP 25   0.999988 (2) 0.000008 (1) 0.000004 (1) 
Residue: GL4 28   0.010004 (0) 0.484826 (1) 0.014796 (1) 0.482702 (1) 0.007672 (1) 
Residue: TYR 31   1.000000 (1) 0.000000 (0) 
Residue: GL4 36   0.000441 (0) 0.476235 (1) 0.025251 (1) 0.474137 (1) 0.023936 (1) 
Residue: TYR 41   1.000000 (1) 0.000000 (0) 
Residue: TYR 54   1.000000 (1) 0.000000 (0) 
Residue: GL4 57   0.000083 (0) 0.429098 (1) 0.072986 (1) 0.428927 (1) 0.068906 (1) 
Residue: TYR 59   1.000000 (1) 0.000000 (0) 
Residue: HIP 63   0.999997 (2) 0.000003 (1) 0.000000 (1) 
Residue: HIP 68   0.999991 (2) 0.000004 (1) 0.000005 (1) 
Residue: GL4 71   0.000492 (0) 0.476404 (1) 0.022604 (1) 0.477307 (1) 0.023193 (1) 
Residue: TYR 74   1.000000 (1) 0.000000 (0) 
Residue: GL4 79   0.000349 (0) 0.475913 (1) 0.022738 (1) 0.477928 (1) 0.023073 (1) 
Residue: TYR 84   0.999999 (1) 0.000001 (0) 
Residue: TYR 97   1.000000 (1) 0.000000 (0) 
Residue: GL4 100  0.000096 (0) 0.380765 (1) 0.123117 (1) 0.383250 (1) 0.112772 (1) 
Residue: TYR 102  1.000000 (1) 0.000000 (0) 
Residue: HIP 106  0.999990 (2) 0.000009 (1) 0.000001 (1) 
Residue: HIP 111  0.999998 (2) 0.000002 (1) 0.000000 (1) 
Residue: GL4 114  0.001491 (0) 0.488956 (1) 0.021373 (1) 0.466136 (1) 0.022044 (1) 
Residue: TYR 117  1.000000 (1) 0.000000 (0) 
Residue: GL4 122  0.000052 (0) 0.404259 (1) 0.096023 (1) 0.405412 (1) 0.094255 (1) 
Residue: TYR 127  1.000000 (1) 0.000000 (0) 
