   Residue Number     State  0     State  1     State  2     State  3     State  4 
-----------------------------------------------------------------------------------
Residue: TYR 11   1.000000 (1) 0.000000 (0) 
Residue: GL4 14   0.005253 (0) 0.441605 (1) 0.064493 (1) 0.435130 (1) 0.053519 (1) 
Residue: TYR 16   1.000000 (1) 0.000000 (0) 
Residue: HIP 20   0.998911 (2) 0.001078 (1) 0.000012 (1) 
Residue: HIP 25   0.999773 (2) 0.000190 (1) 0.000037 (1) 
Residue: GL4 28   0.089728 (0) 0.442023 (1) 0.017182 (1) 0.440690 (1) 0.010377 (1) 
Residue: TYR 31   1.000000 (1) 0.000000 (0) 
Residue: GL4 36   0.004572 (0) 0.475288 (1) 0.025508 (1) 0.470530 (1) 0.024103 (1) 
Residue: TYR 41   1.000000 (1) 0.000000 (0) 
Residue: TYR 54   1.000000 (1) 0.000000 (0) 
Residue: GL4 57   0.000865 (0) 0.427357 (1) 0.073502 (1) 0.428982 (1) 0.069294 (1) 
Residue: TYR 59   1.000000 (1) 0.000000 (0) 
Residue: HIP 63   0.999967 (2) 0.000032 (1) 0.000002 (1) 
Residue: HIP 68   0.999910 (2) 0.000050 (1) 0.000040 (1) 
Residue: GL4 71   0.004014 (0) 0.453655 (1) 0.043628 (1) 0.451216 (1) 0.047487 (1) 
Residue: TYR 74   1.000000 (1) 0.000000 (0) 
Residue: GL4 79   0.003073 (0) 0.473667 (1) 0.023426 (1) 0.476530 (1) 0.023304 (1) 
Residue: TYR 84   1.000000 (1) 0.000000 (0) 
Residue: TYR 97   1.000000 (1) 0.000000 (0) 
Residue: GL4 100  0.000619 (0) 0.379854 (1) 0.123877 (1) 0.381336 (1) 0.114314 (1) 
Residue: TYR 102  1.000000 (1) 0.000000 (0) 
Residue: HIP 106  0.999873 (2) 0.000094 (1) 0.000033 (1) 
Residue: HIP 111  0.999982 (2) 0.000016 (1) 0.000003 (1) 
Residue: GL4 114  0.012408 (0) 0.478610 (1) 0.024320 (1) 0.459939 (1) 0.024724 (1) 
Residue: TYR 117  1.000000 (1) 0.000000 (0) 
Residue: GL4 122  0.000458 (0) 0.405653 (1) 0.096563 (1) 0.403489 (1) 0.093838 (1) 
Residue: TYR 127  1.000000 (1) 0.000000 (0) 
