   Residue Number     State  0     State  1     State  2     State  3     State  4 
-----------------------------------------------------------------------------------
Residue: TYR 11   1.000000 (1) 0.000000 (0) 
Residue: GL4 14   0.001912 (0) 0.444026 (1) 0.064408 (1) 0.436384 (1) 0.053271 (1) 
Residue: TYR 16   1.000000 (1) 0.000000 (0) 
Residue: HIP 20   0.999631 (2) 0.000367 (1) 0.000003 (1) 
Residue: HIP 25   0.999920 (2) 0.000059 (1) 0.000021 (1) 
Residue: GL4 28   0.030947 (0) 0.473750 (1) 0.015355 (1) 0.471551 (1) 0.008397 (1) 
Residue: TYR 31   1.000000 (1) 0.000000 (0) 
Residue: GL4 36   0.001456 (0) 0.476319 (1) 0.025358 (1) 0.472942 (1) 0.023925 (1) 
Residue: TYR 41   1.000000 (1) 0.000000 (0) 
Residue: TYR 54   1.000000 (1) 0.000000 (0) 
Residue: GL4 57   0.000279 (0) 0.427906 (1) 0.073143 (1) 0.429585 (1) 0.069087 (1) 
Residue: TYR 59   1.000000 (1) 0.000000 (0) 
Residue: HIP 63   0.999995 (2) 0.000005 (1) 0.000000 (1) 
Residue: HIP 68   0.999977 (2) 0.000016 (1) 0.000007 (1) 
Residue: GL4 71   0.001454 (0) 0.470188 (1) 0.028252 (1) 0.470106 (1) 0.030000 (1) 
Residue: TYR 74   1.000000 (1) 0.000000 (0) 
Residue: GL4 79   0.000968 (0) 0.474920 (1) 0.022983 (1) 0.477739 (1) 0.023391 (1) 
Residue: TYR 84   1.000000 (1) 0.000000 (0) 
Residue: TYR 97   1.000000 (1) 0.000000 (0) 
Residue: GL4 100  0.000220 (0) 0.380401 (1) 0.123368 (1) 0.382743 (1) 0.113268 (1) 
Residue: TYR 102  1.000000 (1) 0.000000 (0) 
Residue: HIP 106  0.999957 (2) 0.000031 (1) 0.000012 (1) 
Residue: HIP 111  0.999992 (2) 0.000008 (1) 0.000000 (1) 
Residue: GL4 114  0.004362 (0) 0.486493 (1) 0.022193 (1) 0.464198 (1) 0.022755 (1) 
Residue: TYR 117  1.000000 (1) 0.000000 (0) 
Residue: GL4 122  0.000179 (0) 0.404565 (1) 0.096502 (1) 0.404613 (1) 0.094142 (1) 
Residue: TYR 127  1.000000 (1) 0.000000 (0) 
