   Residue Number     State  0     State  1     State  2     State  3     State  4 
-----------------------------------------------------------------------------------
Residue: TYR 11   0.995636 (1) 0.004364 (0) 
Residue: GL4 14   0.999860 (0) 0.000058 (1) 0.000010 (1) 0.000068 (1) 0.000005 (1) 
Residue: TYR 16   0.983495 (1) 0.016505 (0) 
Residue: HIP 20   0.000478 (2) 0.918059 (1) 0.081463 (1) 
Residue: HIP 25   0.000241 (2) 0.916640 (1) 0.083119 (1) 
Residue: GL4 28   0.999850 (0) 0.000074 (1) 0.000015 (1) 0.000056 (1) 0.000005 (1) 
Residue: TYR 31   0.999662 (1) 0.000338 (0) 
Residue: GL4 36   0.999802 (0) 0.000078 (1) 0.000016 (1) 0.000065 (1) 0.000040 (1) 
Residue: TYR 41   0.994364 (1) 0.005636 (0) 
Residue: TYR 54   0.912690 (1) 0.087310 (0) 
Residue: GL4 57   0.999807 (0) 0.000013 (1) 0.000050 (1) 0.000032 (1) 0.000098 (1) 
Residue: TYR 59   0.948142 (1) 0.051858 (0) 
Residue: HIP 63   0.000654 (2) 0.946126 (1) 0.053220 (1) 
Residue: HIP 68   0.000313 (2) 0.886057 (1) 0.113630 (1) 
Residue: GL4 71   0.999865 (0) 0.000031 (1) 0.000060 (1) 0.000013 (1) 0.000031 (1) 
Residue: TYR 74   0.982378 (1) 0.017622 (0) 
Residue: GL4 79   0.999955 (0) 0.000008 (1) 0.000015 (1) 0.000008 (1) 0.000015 (1) 
Residue: TYR 84   0.921802 (1) 0.078198 (0) 
Residue: TYR 97   0.962709 (1) 0.037291 (0) 
Residue: GL4 100  0.999934 (0) 0.000018 (1) 0.000018 (1) 0.000015 (1) 0.000015 (1) 
Residue: TYR 102  0.909411 (1) 0.090589 (0) 
Residue: HIP 106  0.000074 (2) 0.906949 (1) 0.092977 (1) 
Residue: HIP 111  0.000393 (2) 0.800162 (1) 0.199445 (1) 
Residue: GL4 114  0.999772 (0) 0.000029 (1) 0.000060 (1) 0.000038 (1) 0.000101 (1) 
Residue: TYR 117  0.984537 (1) 0.015463 (0) 
Residue: GL4 122  0.999793 (0) 0.000029 (1) 0.000063 (1) 0.000044 (1) 0.000070 (1) 
Residue: TYR 127  0.970292 (1) 0.029708 (0) 
