   Residue Number     State  0     State  1     State  2     State  3     State  4 
-----------------------------------------------------------------------------------
Residue: TYR 11   0.998680 (1) 0.001320 (0) 
Residue: GL4 14   0.999636 (0) 0.000148 (1) 0.000041 (1) 0.000163 (1) 0.000012 (1) 
Residue: TYR 16   0.994488 (1) 0.005512 (0) 
Residue: HIP 20   0.001564 (2) 0.918287 (1) 0.080148 (1) 
Residue: HIP 25   0.000698 (2) 0.915877 (1) 0.083425 (1) 
Residue: GL4 28   0.999363 (0) 0.000242 (1) 0.000053 (1) 0.000246 (1) 0.000096 (1) 
Residue: TYR 31   0.999882 (1) 0.000118 (0) 
Residue: GL4 36   0.999439 (0) 0.000186 (1) 0.000068 (1) 0.000208 (1) 0.000100 (1) 
Residue: TYR 41   0.998172 (1) 0.001828 (0) 
Residue: TYR 54   0.971516 (1) 0.028484 (0) 
Residue: GL4 57   0.999491 (0) 0.000055 (1) 0.000132 (1) 0.000042 (1) 0.000281 (1) 
Residue: TYR 59   0.982622 (1) 0.017378 (0) 
Residue: HIP 63   0.001834 (2) 0.944801 (1) 0.053365 (1) 
Residue: HIP 68   0.001026 (2) 0.884386 (1) 0.114588 (1) 
Residue: GL4 71   0.999594 (0) 0.000095 (1) 0.000153 (1) 0.000050 (1) 0.000108 (1) 
Residue: TYR 74   0.994294 (1) 0.005706 (0) 
Residue: GL4 79   0.999915 (0) 0.000023 (1) 0.000030 (1) 0.000018 (1) 0.000015 (1) 
Residue: TYR 84   0.974062 (1) 0.025938 (0) 
Residue: TYR 97   0.988231 (1) 0.011769 (0) 
Residue: GL4 100  0.999773 (0) 0.000069 (1) 0.000046 (1) 0.000063 (1) 0.000048 (1) 
Residue: TYR 102  0.969776 (1) 0.030224 (0) 
Residue: HIP 106  0.000313 (2) 0.907952 (1) 0.091735 (1) 
Residue: HIP 111  0.001236 (2) 0.800500 (1) 0.198264 (1) 
Residue: GL4 114  0.999270 (0) 0.000078 (1) 0.000235 (1) 0.000142 (1) 0.000275 (1) 
Residue: TYR 117  0.995074 (1) 0.004926 (0) 
Residue: GL4 122  0.999378 (0) 0.000062 (1) 0.000217 (1) 0.000112 (1) 0.000232 (1) 
Residue: TYR 127  0.990682 (1) 0.009318 (0) 
