   Residue Number     State  0     State  1     State  2     State  3     State  4 
-----------------------------------------------------------------------------------
Residue: TYR 11   0.984620 (1) 0.015380 (0) 
Residue: GL4 14   0.999950 (0) 0.000021 (1) 0.000010 (1) 0.000019 (1) 0.000000 (1) 
Residue: TYR 16   0.957840 (1) 0.042160 (0) 
Residue: HIP 20   0.000183 (2) 0.917745 (1) 0.082073 (1) 
Residue: HIP 25   0.000060 (2) 0.918856 (1) 0.081084 (1) 
Residue: GL4 28   0.999935 (0) 0.000036 (1) 0.000005 (1) 0.000019 (1) 0.000005 (1) 
Residue: TYR 31   0.998902 (1) 0.001098 (0) 
Residue: GL4 36   0.999938 (0) 0.000018 (1) 0.000000 (1) 0.000024 (1) 0.000020 (1) 
Residue: TYR 41   0.983476 (1) 0.016524 (0) 
Residue: TYR 54   0.753253 (1) 0.246747 (0) 
Residue: GL4 57   0.999879 (0) 0.000003 (1) 0.000035 (1) 0.000053 (1) 0.000030 (1) 
Residue: TYR 59   0.857180 (1) 0.142820 (0) 
Residue: HIP 63   0.000220 (2) 0.946704 (1) 0.053076 (1) 
Residue: HIP 68   0.000103 (2) 0.889229 (1) 0.110668 (1) 
Residue: GL4 71   0.999950 (0) 0.000016 (1) 0.000025 (1) 0.000004 (1) 0.000005 (1) 
Residue: TYR 74   0.945938 (1) 0.054062 (0) 
Residue: GL4 79   0.999983 (0) 0.000006 (1) 0.000010 (1) 0.000001 (1) 0.000000 (1) 
Residue: TYR 84   0.783727 (1) 0.216273 (0) 
Residue: TYR 97   0.885807 (1) 0.114193 (0) 
Residue: GL4 100  0.999972 (0) 0.000008 (1) 0.000000 (1) 0.000009 (1) 0.000012 (1) 
Residue: TYR 102  0.762409 (1) 0.237591 (0) 
Residue: HIP 106  0.000031 (2) 0.903830 (1) 0.096139 (1) 
Residue: HIP 111  0.000116 (2) 0.799847 (1) 0.200037 (1) 
Residue: GL4 114  0.999923 (0) 0.000007 (1) 0.000030 (1) 0.000025 (1) 0.000015 (1) 
Residue: TYR 117  0.951443 (1) 0.048557 (0) 
Residue: GL4 122  0.999957 (0) 0.000001 (1) 0.000018 (1) 0.000015 (1) 0.000010 (1) 
Residue: TYR 127  0.907321 (1) 0.092679 (0) 
