   Residue Number     State  0     State  1     State  2     State  3     State  4 
-----------------------------------------------------------------------------------
Residue: TYR 11   0.947377 (1) 0.052623 (0) 
Residue: GL4 14   0.999986 (0) 0.000006 (1) 0.000000 (1) 0.000008 (1) 0.000000 (1) 
Residue: TYR 16   0.919929 (1) 0.080071 (0) 
Residue: HIP 20   0.000074 (2) 0.917224 (1) 0.082702 (1) 
Residue: HIP 25   0.000028 (2) 0.924532 (1) 0.075440 (1) 
Residue: GL4 28   0.999973 (0) 0.000023 (1) 0.000000 (1) 0.000004 (1) 0.000000 (1) 
Residue: TYR 31   0.996866 (1) 0.003134 (0) 
Residue: GL4 36   0.999982 (0) 0.000008 (1) 0.000000 (1) 0.000006 (1) 0.000005 (1) 
Residue: TYR 41   0.955915 (1) 0.044085 (0) 
Residue: TYR 54   0.461381 (1) 0.538619 (0) 
Residue: GL4 57   0.999939 (0) 0.000008 (1) 0.000038 (1) 0.000010 (1) 0.000005 (1) 
Residue: TYR 59   0.678700 (1) 0.321300 (0) 
Residue: HIP 63   0.000068 (2) 0.947199 (1) 0.052733 (1) 
Residue: HIP 68   0.000036 (2) 0.893989 (1) 0.105975 (1) 
Residue: GL4 71   0.999987 (0) 0.000013 (1) 0.000000 (1) 0.000000 (1) 0.000000 (1) 
Residue: TYR 74   0.842855 (1) 0.157145 (0) 
Residue: GL4 79   1.000000 (0) 0.000000 (1) 0.000000 (1) 0.000000 (1) 0.000000 (1) 
Residue: TYR 84   0.522599 (1) 0.477401 (0) 
Residue: TYR 97   0.694463 (1) 0.305537 (0) 
Residue: GL4 100  0.999990 (0) 0.000003 (1) 0.000000 (1) 0.000008 (1) 0.000000 (1) 
Residue: TYR 102  0.526982 (1) 0.473018 (0) 
Residue: HIP 106  0.000013 (2) 0.899557 (1) 0.100430 (1) 
Residue: HIP 111  0.000046 (2) 0.795035 (1) 0.204919 (1) 
Residue: GL4 114  0.999988 (0) 0.000001 (1) 0.000000 (1) 0.000011 (1) 0.000000 (1) 
Residue: TYR 117  0.853096 (1) 0.146904 (0) 
Residue: GL4 122  1.000000 (0) 0.000000 (1) 0.000000 (1) 0.000000 (1) 0.000000 (1) 
Residue: TYR 127  0.741223 (1) 0.258777 (0) 
