   Residue Number     State  0     State  1     State  2     State  3     State  4 
-----------------------------------------------------------------------------------
Residue: TYR 11   0.839279 (1) 0.160721 (0) 
Residue: GL4 14   0.999987 (0) 0.000006 (1) 0.000000 (1) 0.000008 (1) 0.000000 (1) 
Residue: TYR 16   0.883470 (1) 0.116530 (0) 
Residue: HIP 20   0.000022 (2) 0.923148 (1) 0.076830 (1) 
Residue: HIP 25   0.000008 (2) 0.930599 (1) 0.069393 (1) 
Residue: GL4 28   0.999995 (0) 0.000003 (1) 0.000000 (1) 0.000002 (1) 0.000000 (1) 
Residue: TYR 31   0.990784 (1) 0.009216 (0) 
Residue: GL4 36   0.999994 (0) 0.000003 (1) 0.000000 (1) 0.000003 (1) 0.000000 (1) 
Residue: TYR 41   0.900580 (1) 0.099420 (0) 
Residue: TYR 54   0.182628 (1) 0.817372 (0) 
Residue: GL4 57   0.999970 (0) 0.000000 (1) 0.000020 (1) 0.000000 (1) 0.000010 (1) 
Residue: TYR 59   0.437805 (1) 0.562195 (0) 
Residue: HIP 63   0.000025 (2) 0.948933 (1) 0.051042 (1) 
Residue: HIP 68   0.000012 (2) 0.897972 (1) 0.102017 (1) 
Residue: GL4 71   0.999995 (0) 0.000005 (1) 0.000000 (1) 0.000000 (1) 0.000000 (1) 
Residue: TYR 74   0.609762 (1) 0.390238 (0) 
Residue: GL4 79   0.999999 (0) 0.000000 (1) 0.000000 (1) 0.000001 (1) 0.000000 (1) 
Residue: TYR 84   0.245698 (1) 0.754302 (0) 
Residue: TYR 97   0.403890 (1) 0.596110 (0) 
Residue: GL4 100  0.999999 (0) 0.000000 (1) 0.000000 (1) 0.000000 (1) 0.000001 (1) 
Residue: TYR 102  0.305029 (1) 0.694971 (0) 
Residue: HIP 106  0.000003 (2) 0.901229 (1) 0.098768 (1) 
Residue: HIP 111  0.000012 (2) 0.786997 (1) 0.212991 (1) 
Residue: GL4 114  1.000000 (0) 0.000000 (1) 0.000000 (1) 0.000000 (1) 0.000000 (1) 
Residue: TYR 117  0.609476 (1) 0.390524 (0) 
Residue: GL4 122  0.999997 (0) 0.000002 (1) 0.000000 (1) 0.000002 (1) 0.000000 (1) 
Residue: TYR 127  0.469379 (1) 0.530621 (0) 
