   Residue Number     State  0     State  1     State  2     State  3     State  4 
-----------------------------------------------------------------------------------
Residue: TYR 11   0.625001 (1) 0.374999 (0) 
Residue: GL4 14   0.999996 (0) 0.000002 (1) 0.000000 (1) 0.000003 (1) 0.000000 (1) 
Residue: TYR 16   0.836917 (1) 0.163083 (0) 
Residue: HIP 20   0.000007 (2) 0.924952 (1) 0.075041 (1) 
Residue: HIP 25   0.000003 (2) 0.934210 (1) 0.065788 (1) 
Residue: GL4 28   0.999991 (0) 0.000005 (1) 0.000000 (1) 0.000004 (1) 0.000000 (1) 
Residue: TYR 31   0.975638 (1) 0.024362 (0) 
Residue: GL4 36   1.000000 (0) 0.000000 (1) 0.000000 (1) 0.000000 (1) 0.000000 (1) 
Residue: TYR 41   0.799844 (1) 0.200156 (0) 
Residue: TYR 54   0.055967 (1) 0.944033 (0) 
Residue: GL4 57   1.000000 (0) 0.000000 (1) 0.000000 (1) 0.000000 (1) 0.000000 (1) 
Residue: TYR 59   0.231129 (1) 0.768871 (0) 
Residue: HIP 63   0.000010 (2) 0.951022 (1) 0.048968 (1) 
Residue: HIP 68   0.000003 (2) 0.905597 (1) 0.094401 (1) 
Residue: GL4 71   1.000000 (0) 0.000000 (1) 0.000000 (1) 0.000000 (1) 0.000000 (1) 
Residue: TYR 74   0.308999 (1) 0.691001 (0) 
Residue: GL4 79   0.999988 (0) 0.000005 (1) 0.000000 (1) 0.000007 (1) 0.000000 (1) 
Residue: TYR 84   0.090752 (1) 0.909248 (0) 
Residue: TYR 97   0.185411 (1) 0.814589 (0) 
Residue: GL4 100  1.000000 (0) 0.000000 (1) 0.000000 (1) 0.000000 (1) 0.000000 (1) 
Residue: TYR 102  0.157573 (1) 0.842427 (0) 
Residue: HIP 106  0.000000 (2) 0.903154 (1) 0.096846 (1) 
Residue: HIP 111  0.000006 (2) 0.782856 (1) 0.217138 (1) 
Residue: GL4 114  1.000000 (0) 0.000000 (1) 0.000000 (1) 0.000000 (1) 0.000000 (1) 
Residue: TYR 117  0.300969 (1) 0.699031 (0) 
Residue: GL4 122  1.000000 (0) 0.000000 (1) 0.000000 (1) 0.000000 (1) 0.000000 (1) 
Residue: TYR 127  0.246428 (1) 0.753572 (0) 
