   Residue Number     State  0     State  1     State  2     State  3     State  4 
-----------------------------------------------------------------------------------
Residue: TYR 11   0.342006 (1) 0.657994 (0) 
Residue: GL4 14   0.999995 (0) 0.000000 (1) 0.000000 (1) 0.000005 (1) 0.000000 (1) 
Residue: TYR 16   0.726873 (1) 0.273127 (0) 
Residue: HIP 20   0.000002 (2) 0.928467 (1) 0.071532 (1) 
Residue: HIP 25   0.000000 (2) 0.936262 (1) 0.063738 (1) 
Residue: GL4 28   1.000000 (0) 0.000000 (1) 0.000000 (1) 0.000000 (1) 0.000000 (1) 
Residue: TYR 31   0.938155 (1) 0.061845 (0) 
Residue: GL4 36   1.000000 (0) 0.000000 (1) 0.000000 (1) 0.000000 (1) 0.000000 (1) 
Residue: TYR 41   0.594825 (1) 0.405175 (0) 
Residue: TYR 54   0.016000 (1) 0.984000 (0) 
Residue: GL4 57   1.000000 (0) 0.000000 (1) 0.000000 (1) 0.000000 (1) 0.000000 (1) 
Residue: TYR 59   0.114193 (1) 0.885807 (0) 
Residue: HIP 63   0.000003 (2) 0.951582 (1) 0.048415 (1) 
Residue: HIP 68   0.000000 (2) 0.908374 (1) 0.091626 (1) 
Residue: GL4 71   1.000000 (0) 0.000000 (1) 0.000000 (1) 0.000000 (1) 0.000000 (1) 
Residue: TYR 74   0.125443 (1) 0.874557 (0) 
Residue: GL4 79   1.000000 (0) 0.000000 (1) 0.000000 (1) 0.000000 (1) 0.000000 (1) 
Residue: TYR 84   0.031548 (1) 0.968452 (0) 
Residue: TYR 97   0.075084 (1) 0.924916 (0) 
Residue: GL4 100  0.999999 (0) 0.000000 (1) 0.000001 (1) 0.000000 (1) 0.000000 (1) 
Residue: TYR 102  0.079118 (1) 0.920882 (0) 
Residue: HIP 106  0.000000 (2) 0.904121 (1) 0.095879 (1) 
Residue: HIP 111  0.000000 (2) 0.791986 (1) 0.208014 (1) 
Residue: GL4 114  1.000000 (0) 0.000000 (1) 0.000000 (1) 0.000000 (1) 0.000000 (1) 
Residue: TYR 117  0.107710 (1) 0.892290 (0) 
Residue: GL4 122  1.000000 (0) 0.000000 (1) 0.000000 (1) 0.000000 (1) 0.000000 (1) 
Residue: TYR 127  0.131354 (1) 0.868646 (0) 
