   Residue Number     State  0     State  1     State  2     State  3     State  4 
-----------------------------------------------------------------------------------
Residue: TYR 11   0.142597 (1) 0.857403 (0) 
Residue: GL4 14   1.000000 (0) 0.000000 (1) 0.000000 (1) 0.000000 (1) 0.000000 (1) 
Residue: TYR 16   0.494993 (1) 0.505007 (0) 
Residue: HIP 20   0.000002 (2) 0.922698 (1) 0.077300 (1) 
Residue: HIP 25   0.000001 (2) 0.941214 (1) 0.058785 (1) 
Residue: GL4 28   1.000000 (0) 0.000000 (1) 0.000000 (1) 0.000000 (1) 0.000000 (1) 
Residue: TYR 31   0.840888 (1) 0.159112 (0) 
Residue: GL4 36   1.000000 (0) 0.000000 (1) 0.000000 (1) 0.000000 (1) 0.000000 (1) 
Residue: TYR 41   0.322710 (1) 0.677290 (0) 
Residue: TYR 54   0.004966 (1) 0.995034 (0) 
Residue: GL4 57   1.000000 (0) 0.000000 (1) 0.000000 (1) 0.000000 (1) 0.000000 (1) 
Residue: TYR 59   0.055274 (1) 0.944726 (0) 
Residue: HIP 63   0.000001 (2) 0.952915 (1) 0.047084 (1) 
Residue: HIP 68   0.000000 (2) 0.901246 (1) 0.098754 (1) 
Residue: GL4 71   1.000000 (0) 0.000000 (1) 0.000000 (1) 0.000000 (1) 0.000000 (1) 
Residue: TYR 74   0.053396 (1) 0.946604 (0) 
Residue: GL4 79   1.000000 (0) 0.000000 (1) 0.000000 (1) 0.000000 (1) 0.000000 (1) 
Residue: TYR 84   0.010422 (1) 0.989578 (0) 
Residue: TYR 97   0.027998 (1) 0.972002 (0) 
Residue: GL4 100  1.000000 (0) 0.000000 (1) 0.000000 (1) 0.000000 (1) 0.000000 (1) 
Residue: TYR 102  0.039991 (1) 0.960009 (0) 
Residue: HIP 106  0.000000 (2) 0.900315 (1) 0.099685 (1) 
Residue: HIP 111  0.000001 (2) 0.804591 (1) 0.195408 (1) 
Residue: GL4 114  1.000000 (0) 0.000000 (1) 0.000000 (1) 0.000000 (1) 0.000000 (1) 
Residue: TYR 117  0.033848 (1) 0.966152 (0) 
Residue: GL4 122  1.000000 (0) 0.000000 (1) 0.000000 (1) 0.000000 (1) 0.000000 (1) 
Residue: TYR 127  0.062046 (1) 0.937954 (0) 
