   Residue Number     State  0     State  1     State  2     State  3     State  4 
-----------------------------------------------------------------------------------
Residue: TYR 11   1.000000 (1) 0.000000 (0) 
Residue: GL4 14   0.039264 (0) 0.423039 (1) 0.062248 (1) 0.422497 (1) 0.052952 (1) 
Residue: TYR 16   1.000000 (1) 0.000000 (0) 
Residue: HIP 20   0.995113 (2) 0.004827 (1) 0.000060 (1) 
Residue: HIP 25   0.997730 (2) 0.001896 (1) 0.000374 (1) 
Residue: GL4 28   0.429336 (0) 0.262319 (1) 0.027598 (1) 0.258647 (1) 0.022099 (1) 
Residue: TYR 31   1.000000 (1) 0.000000 (0) 
Residue: GL4 36   0.042181 (0) 0.452329 (1) 0.026455 (1) 0.454223 (1) 0.024813 (1) 
Residue: TYR 41   0.999999 (1) 0.000001 (0) 
Residue: TYR 54   1.000000 (1) 0.000000 (0) 
Residue: GL4 57   0.007443 (0) 0.426270 (1) 0.076368 (1) 0.418659 (1) 0.071261 (1) 
Residue: TYR 59   1.000000 (1) 0.000000 (0) 
Residue: HIP 63   0.999818 (2) 0.000171 (1) 0.000011 (1) 
Residue: HIP 68   0.999376 (2) 0.000429 (1) 0.000195 (1) 
Residue: GL4 71   0.020712 (0) 0.354229 (1) 0.131916 (1) 0.343499 (1) 0.149644 (1) 
Residue: TYR 74   1.000000 (1) 0.000000 (0) 
Residue: GL4 79   0.023326 (0) 0.459075 (1) 0.027135 (1) 0.463634 (1) 0.026830 (1) 
Residue: TYR 84   1.000000 (1) 0.000000 (0) 
Residue: TYR 97   1.000000 (1) 0.000000 (0) 
Residue: GL4 100  0.004855 (0) 0.370335 (1) 0.126913 (1) 0.372934 (1) 0.124963 (1) 
Residue: TYR 102  1.000000 (1) 0.000000 (0) 
Residue: HIP 106  0.999002 (2) 0.000737 (1) 0.000262 (1) 
Residue: HIP 111  0.999745 (2) 0.000203 (1) 0.000052 (1) 
Residue: GL4 114  0.059957 (0) 0.429414 (1) 0.037939 (1) 0.432942 (1) 0.039748 (1) 
Residue: TYR 117  1.000000 (1) 0.000000 (0) 
Residue: GL4 122  0.004098 (0) 0.408650 (1) 0.096810 (1) 0.395735 (1) 0.094707 (1) 
Residue: TYR 127  1.000000 (1) 0.000000 (0) 
