   Residue Number     State  0     State  1     State  2     State  3     State  4 
-----------------------------------------------------------------------------------
Residue: TYR 11   1.000000 (1) 0.000000 (0) 
Residue: GL4 14   0.014677 (0) 0.436391 (1) 0.063999 (1) 0.431412 (1) 0.053521 (1) 
Residue: TYR 16   1.000000 (1) 0.000000 (0) 
Residue: HIP 20   0.997310 (2) 0.002669 (1) 0.000021 (1) 
Residue: HIP 25   0.999274 (2) 0.000604 (1) 0.000122 (1) 
Residue: GL4 28   0.222625 (0) 0.371453 (1) 0.021273 (1) 0.369519 (1) 0.015130 (1) 
Residue: TYR 31   1.000000 (1) 0.000000 (0) 
Residue: GL4 36   0.013632 (0) 0.468828 (1) 0.025362 (1) 0.467895 (1) 0.024284 (1) 
Residue: TYR 41   1.000000 (1) 0.000000 (0) 
Residue: TYR 54   1.000000 (1) 0.000000 (0) 
Residue: GL4 57   0.002739 (0) 0.428267 (1) 0.073944 (1) 0.425053 (1) 0.069997 (1) 
Residue: TYR 59   1.000000 (1) 0.000000 (0) 
Residue: HIP 63   0.999924 (2) 0.000072 (1) 0.000004 (1) 
Residue: HIP 68   0.999737 (2) 0.000176 (1) 0.000088 (1) 
Residue: GL4 71   0.009895 (0) 0.416147 (1) 0.078021 (1) 0.408184 (1) 0.087753 (1) 
Residue: TYR 74   1.000000 (1) 0.000000 (0) 
Residue: GL4 79   0.008489 (0) 0.469513 (1) 0.023978 (1) 0.473827 (1) 0.024193 (1) 
Residue: TYR 84   1.000000 (1) 0.000000 (0) 
Residue: TYR 97   1.000000 (1) 0.000000 (0) 
Residue: GL4 100  0.001807 (0) 0.376404 (1) 0.125618 (1) 0.377438 (1) 0.118733 (1) 
Residue: TYR 102  1.000000 (1) 0.000000 (0) 
Residue: HIP 106  0.999621 (2) 0.000259 (1) 0.000120 (1) 
Residue: HIP 111  0.999897 (2) 0.000081 (1) 0.000022 (1) 
Residue: GL4 114  0.030406 (0) 0.459936 (1) 0.029414 (1) 0.450171 (1) 0.030073 (1) 
Residue: TYR 117  1.000000 (1) 0.000000 (0) 
Residue: GL4 122  0.001421 (0) 0.408496 (1) 0.095800 (1) 0.400783 (1) 0.093500 (1) 
Residue: TYR 127  1.000000 (1) 0.000000 (0) 
