   Residue Number     State  0     State  1     State  2     State  3     State  4 
-----------------------------------------------------------------------------------
Residue: TYR 11   1.000000 (1) 0.000000 (0) 
Residue: GL4 14   0.214587 (0) 0.342699 (1) 0.052344 (1) 0.342017 (1) 0.048353 (1) 
Residue: TYR 16   1.000000 (1) 0.000000 (0) 
Residue: HIP 20   0.989501 (2) 0.010024 (1) 0.000475 (1) 
Residue: HIP 25   0.978744 (2) 0.017334 (1) 0.003922 (1) 
Residue: GL4 28   0.729112 (0) 0.103156 (1) 0.035861 (1) 0.096228 (1) 0.035643 (1) 
Residue: TYR 31   1.000000 (1) 0.000000 (0) 
Residue: GL4 36   0.248824 (0) 0.339054 (1) 0.036329 (1) 0.339897 (1) 0.035896 (1) 
Residue: TYR 41   1.000000 (1) 0.000000 (0) 
Residue: TYR 54   1.000000 (1) 0.000000 (0) 
Residue: GL4 57   0.046722 (0) 0.394419 (1) 0.094920 (1) 0.373997 (1) 0.089942 (1) 
Residue: TYR 59   1.000000 (1) 0.000000 (0) 
Residue: HIP 63   0.997990 (2) 0.001909 (1) 0.000101 (1) 
Residue: HIP 68   0.994741 (2) 0.003969 (1) 0.001290 (1) 
Residue: GL4 71   0.051094 (0) 0.253596 (1) 0.213391 (1) 0.234069 (1) 0.247849 (1) 
Residue: TYR 74   1.000000 (1) 0.000000 (0) 
Residue: GL4 79   0.127006 (0) 0.387964 (1) 0.049278 (1) 0.389024 (1) 0.046729 (1) 
Residue: TYR 84   1.000000 (1) 0.000000 (0) 
Residue: TYR 97   1.000000 (1) 0.000000 (0) 
Residue: GL4 100  0.024015 (0) 0.348116 (1) 0.134517 (1) 0.353713 (1) 0.139639 (1) 
Residue: TYR 102  1.000000 (1) 0.000000 (0) 
Residue: HIP 106  0.990855 (2) 0.007430 (1) 0.001715 (1) 
Residue: HIP 111  0.997275 (2) 0.002158 (1) 0.000568 (1) 
Residue: GL4 114  0.111368 (0) 0.375869 (1) 0.053142 (1) 0.402284 (1) 0.057337 (1) 
Residue: TYR 117  0.999999 (1) 0.000001 (0) 
Residue: GL4 122  0.027613 (0) 0.378929 (1) 0.126887 (1) 0.337677 (1) 0.128894 (1) 
Residue: TYR 127  1.000000 (1) 0.000000 (0) 
