   Residue Number     State  0     State  1     State  2     State  3     State  4 
-----------------------------------------------------------------------------------
Residue: TYR 11   1.000000 (1) 0.000000 (0) 
Residue: GL4 14   0.095443 (0) 0.398506 (1) 0.057497 (1) 0.396403 (1) 0.052151 (1) 
Residue: TYR 16   1.000000 (1) 0.000000 (0) 
Residue: HIP 20   0.992577 (2) 0.007272 (1) 0.000151 (1) 
Residue: HIP 25   0.993123 (2) 0.005575 (1) 0.001302 (1) 
Residue: GL4 28   0.621683 (0) 0.160098 (1) 0.033080 (1) 0.155591 (1) 0.029548 (1) 
Residue: TYR 31   1.000000 (1) 0.000000 (0) 
Residue: GL4 36   0.112089 (0) 0.415298 (1) 0.029590 (1) 0.414213 (1) 0.028810 (1) 
Residue: TYR 41   1.000000 (1) 0.000000 (0) 
Residue: TYR 54   1.000000 (1) 0.000000 (0) 
Residue: GL4 57   0.019723 (0) 0.417291 (1) 0.082076 (1) 0.404659 (1) 0.076252 (1) 
Residue: TYR 59   0.999999 (1) 0.000001 (0) 
Residue: HIP 63   0.999351 (2) 0.000618 (1) 0.000031 (1) 
Residue: HIP 68   0.998073 (2) 0.001370 (1) 0.000557 (1) 
Residue: GL4 71   0.034178 (0) 0.294934 (1) 0.182464 (1) 0.277544 (1) 0.210879 (1) 
Residue: TYR 74   1.000000 (1) 0.000000 (0) 
Residue: GL4 79   0.058832 (0) 0.436439 (1) 0.034135 (1) 0.437535 (1) 0.033060 (1) 
Residue: TYR 84   1.000000 (1) 0.000000 (0) 
Residue: TYR 97   1.000000 (1) 0.000000 (0) 
Residue: GL4 100  0.011278 (0) 0.360693 (1) 0.130508 (1) 0.365047 (1) 0.132474 (1) 
Residue: TYR 102  1.000000 (1) 0.000000 (0) 
Residue: HIP 106  0.996730 (2) 0.002557 (1) 0.000713 (1) 
Residue: HIP 111  0.999040 (2) 0.000775 (1) 0.000185 (1) 
Residue: GL4 114  0.089357 (0) 0.398061 (1) 0.047252 (1) 0.415960 (1) 0.049371 (1) 
Residue: TYR 117  1.000000 (1) 0.000000 (0) 
Residue: GL4 122  0.011379 (0) 0.403025 (1) 0.104570 (1) 0.376620 (1) 0.104406 (1) 
Residue: TYR 127  1.000000 (1) 0.000000 (0) 
