   Residue Number     State  0     State  1     State  2     State  3     State  4 
-----------------------------------------------------------------------------------
Residue: TYR 11   1.000000 (1) 0.000000 (0) 
Residue: GL4 14   0.578425 (0) 0.171536 (1) 0.043556 (1) 0.167996 (1) 0.038487 (1) 
Residue: TYR 16   1.000000 (1) 0.000000 (0) 
Residue: HIP 20   0.963437 (2) 0.033833 (1) 0.002729 (1) 
Residue: HIP 25   0.826358 (2) 0.137268 (1) 0.036374 (1) 
Residue: GL4 28   0.772670 (0) 0.078918 (1) 0.037046 (1) 0.068966 (1) 0.042400 (1) 
Residue: TYR 31   1.000000 (1) 0.000000 (0) 
Residue: GL4 36   0.550158 (0) 0.174927 (1) 0.051015 (1) 0.171507 (1) 0.052393 (1) 
Residue: TYR 41   1.000000 (1) 0.000000 (0) 
Residue: TYR 54   1.000000 (1) 0.000000 (0) 
Residue: GL4 57   0.144518 (0) 0.300933 (1) 0.144670 (1) 0.273411 (1) 0.136468 (1) 
Residue: TYR 59   0.999999 (1) 0.000001 (0) 
Residue: HIP 63   0.981859 (2) 0.016923 (1) 0.001218 (1) 
Residue: HIP 68   0.958909 (2) 0.031872 (1) 0.009219 (1) 
Residue: GL4 71   0.143138 (0) 0.201524 (1) 0.220541 (1) 0.180461 (1) 0.254335 (1) 
Residue: TYR 74   1.000000 (1) 0.000000 (0) 
Residue: GL4 79   0.335015 (0) 0.257537 (1) 0.078223 (1) 0.257694 (1) 0.071530 (1) 
Residue: TYR 84   1.000000 (1) 0.000000 (0) 
Residue: TYR 97   1.000000 (1) 0.000000 (0) 
Residue: GL4 100  0.091700 (0) 0.304474 (1) 0.144815 (1) 0.308014 (1) 0.150997 (1) 
Residue: TYR 102  1.000000 (1) 0.000000 (0) 
Residue: HIP 106  0.926303 (2) 0.060973 (1) 0.012724 (1) 
Residue: HIP 111  0.975302 (2) 0.018533 (1) 0.006164 (1) 
Residue: GL4 114  0.172570 (0) 0.334655 (1) 0.060983 (1) 0.355126 (1) 0.076665 (1) 
Residue: TYR 117  1.000000 (1) 0.000000 (0) 
Residue: GL4 122  0.105356 (0) 0.294839 (1) 0.178611 (1) 0.230229 (1) 0.190966 (1) 
Residue: TYR 127  1.000000 (1) 0.000000 (0) 
