   Residue Number     State  0     State  1     State  2     State  3     State  4 
-----------------------------------------------------------------------------------
Residue: TYR 11   1.000000 (1) 0.000000 (0) 
Residue: GL4 14   0.398219 (0) 0.257930 (1) 0.047348 (1) 0.253786 (1) 0.042717 (1) 
Residue: TYR 16   1.000000 (1) 0.000000 (0) 
Residue: HIP 20   0.982436 (2) 0.016453 (1) 0.001111 (1) 
Residue: HIP 25   0.936578 (2) 0.050956 (1) 0.012466 (1) 
Residue: GL4 28   0.770967 (0) 0.080972 (1) 0.036120 (1) 0.072713 (1) 0.039228 (1) 
Residue: TYR 31   1.000000 (1) 0.000000 (0) 
Residue: GL4 36   0.424158 (0) 0.242253 (1) 0.045548 (1) 0.242385 (1) 0.045657 (1) 
Residue: TYR 41   1.000000 (1) 0.000000 (0) 
Residue: TYR 54   1.000000 (1) 0.000000 (0) 
Residue: GL4 57   0.092837 (0) 0.350997 (1) 0.119093 (1) 0.325035 (1) 0.112038 (1) 
Residue: TYR 59   1.000000 (1) 0.000000 (0) 
Residue: HIP 63   0.993890 (2) 0.005714 (1) 0.000396 (1) 
Residue: HIP 68   0.984788 (2) 0.011685 (1) 0.003527 (1) 
Residue: GL4 71   0.080523 (0) 0.225874 (1) 0.227794 (1) 0.205080 (1) 0.260729 (1) 
Residue: TYR 74   1.000000 (1) 0.000000 (0) 
Residue: GL4 79   0.222244 (0) 0.323279 (1) 0.068143 (1) 0.323120 (1) 0.063213 (1) 
Residue: TYR 84   0.999999 (1) 0.000001 (0) 
Residue: TYR 97   1.000000 (1) 0.000000 (0) 
Residue: GL4 100  0.049079 (0) 0.329614 (1) 0.142029 (1) 0.333060 (1) 0.146217 (1) 
Residue: TYR 102  1.000000 (1) 0.000000 (0) 
Residue: HIP 106  0.973639 (2) 0.021558 (1) 0.004803 (1) 
Residue: HIP 111  0.991239 (2) 0.006733 (1) 0.002028 (1) 
Residue: GL4 114  0.133430 (0) 0.359512 (1) 0.056091 (1) 0.385388 (1) 0.065579 (1) 
Residue: TYR 117  1.000000 (1) 0.000000 (0) 
Residue: GL4 122  0.056789 (0) 0.339088 (1) 0.156951 (1) 0.282704 (1) 0.164468 (1) 
Residue: TYR 127  1.000000 (1) 0.000000 (0) 
