   Residue Number     State  0     State  1     State  2     State  3     State  4 
-----------------------------------------------------------------------------------
Residue: TYR 11   1.000000 (1) 0.000000 (0) 
Residue: GL4 14   0.710070 (0) 0.105632 (1) 0.039316 (1) 0.108609 (1) 0.036373 (1) 
Residue: TYR 16   1.000000 (1) 0.000000 (0) 
Residue: HIP 20   0.834882 (2) 0.153088 (1) 0.012030 (1) 
Residue: HIP 25   0.404070 (2) 0.467825 (1) 0.128105 (1) 
Residue: GL4 28   0.691558 (0) 0.105203 (1) 0.043105 (1) 0.107327 (1) 0.052808 (1) 
Residue: TYR 31   1.000000 (1) 0.000000 (0) 
Residue: GL4 36   0.613891 (0) 0.146738 (1) 0.052422 (1) 0.140793 (1) 0.046157 (1) 
Residue: TYR 41   1.000000 (1) 0.000000 (0) 
Residue: TYR 54   0.999999 (1) 0.000001 (0) 
Residue: GL4 57   0.294106 (0) 0.209931 (1) 0.151185 (1) 0.194594 (1) 0.150183 (1) 
Residue: TYR 59   0.999998 (1) 0.000002 (0) 
Residue: HIP 63   0.878734 (2) 0.112541 (1) 0.008725 (1) 
Residue: HIP 68   0.829452 (2) 0.134905 (1) 0.035643 (1) 
Residue: GL4 71   0.458277 (0) 0.117948 (1) 0.152481 (1) 0.105841 (1) 0.165453 (1) 
Residue: TYR 74   1.000000 (1) 0.000000 (0) 
Residue: GL4 79   0.666286 (0) 0.116028 (1) 0.058674 (1) 0.115876 (1) 0.043137 (1) 
Residue: TYR 84   1.000000 (1) 0.000000 (0) 
Residue: TYR 97   1.000000 (1) 0.000000 (0) 
Residue: GL4 100  0.327986 (0) 0.214565 (1) 0.115058 (1) 0.215498 (1) 0.126893 (1) 
Residue: TYR 102  0.999998 (1) 0.000002 (0) 
Residue: HIP 106  0.609025 (2) 0.322784 (1) 0.068192 (1) 
Residue: HIP 111  0.885217 (2) 0.085124 (1) 0.029659 (1) 
Residue: GL4 114  0.370817 (0) 0.221835 (1) 0.088400 (1) 0.214607 (1) 0.104341 (1) 
Residue: TYR 117  1.000000 (1) 0.000000 (0) 
Residue: GL4 122  0.316857 (0) 0.173717 (1) 0.175488 (1) 0.135234 (1) 0.198703 (1) 
Residue: TYR 127  1.000000 (1) 0.000000 (0) 
