   Residue Number     State  0     State  1     State  2     State  3     State  4 
-----------------------------------------------------------------------------------
Residue: TYR 11   1.000000 (1) 0.000000 (0) 
Residue: GL4 14   0.679261 (0) 0.121799 (1) 0.041130 (1) 0.121177 (1) 0.036633 (1) 
Residue: TYR 16   1.000000 (1) 0.000000 (0) 
Residue: HIP 20   0.918374 (2) 0.075867 (1) 0.005759 (1) 
Residue: HIP 25   0.619433 (2) 0.299094 (1) 0.081473 (1) 
Residue: GL4 28   0.742962 (0) 0.089179 (1) 0.038109 (1) 0.082010 (1) 0.047739 (1) 
Residue: TYR 31   1.000000 (1) 0.000000 (0) 
Residue: GL4 36   0.600711 (0) 0.149467 (1) 0.052807 (1) 0.144919 (1) 0.052097 (1) 
Residue: TYR 41   1.000000 (1) 0.000000 (0) 
Residue: TYR 54   1.000000 (1) 0.000000 (0) 
Residue: GL4 57   0.203879 (0) 0.254968 (1) 0.156263 (1) 0.233206 (1) 0.151684 (1) 
Residue: TYR 59   1.000000 (1) 0.000000 (0) 
Residue: HIP 63   0.949567 (2) 0.046911 (1) 0.003522 (1) 
Residue: HIP 68   0.907501 (2) 0.072158 (1) 0.020341 (1) 
Residue: GL4 71   0.267904 (0) 0.168807 (1) 0.195119 (1) 0.149357 (1) 0.218814 (1) 
Residue: TYR 74   1.000000 (1) 0.000000 (0) 
Residue: GL4 79   0.483390 (0) 0.188829 (1) 0.074055 (1) 0.189847 (1) 0.063878 (1) 
Residue: TYR 84   1.000000 (1) 0.000000 (0) 
Residue: TYR 97   0.999999 (1) 0.000001 (0) 
Residue: GL4 100  0.171304 (0) 0.270854 (1) 0.137903 (1) 0.272529 (1) 0.147410 (1) 
Residue: TYR 102  1.000000 (1) 0.000000 (0) 
Residue: HIP 106  0.811432 (2) 0.155158 (1) 0.033411 (1) 
Residue: HIP 111  0.941728 (2) 0.043116 (1) 0.015156 (1) 
Residue: GL4 114  0.247831 (0) 0.290707 (1) 0.071939 (1) 0.299218 (1) 0.090305 (1) 
Residue: TYR 117  1.000000 (1) 0.000000 (0) 
Residue: GL4 122  0.191185 (0) 0.240700 (1) 0.183620 (1) 0.184347 (1) 0.200148 (1) 
Residue: TYR 127  1.000000 (1) 0.000000 (0) 
