   Residue Number     State  0     State  1     State  2     State  3     State  4 
-----------------------------------------------------------------------------------
Residue: TYR 11   1.000000 (1) 0.000000 (0) 
Residue: GL4 14   0.723708 (0) 0.099537 (1) 0.035888 (1) 0.104488 (1) 0.036379 (1) 
Residue: TYR 16   0.999999 (1) 0.000001 (0) 
Residue: HIP 20   0.716074 (2) 0.260551 (1) 0.023375 (1) 
Residue: HIP 25   0.287780 (2) 0.558000 (1) 0.154220 (1) 
Residue: GL4 28   0.668324 (0) 0.111223 (1) 0.046988 (1) 0.118134 (1) 0.055330 (1) 
Residue: TYR 31   1.000000 (1) 0.000000 (0) 
Residue: GL4 36   0.629946 (0) 0.140773 (1) 0.048781 (1) 0.139573 (1) 0.040928 (1) 
Residue: TYR 41   1.000000 (1) 0.000000 (0) 
Residue: TYR 54   0.999994 (1) 0.000006 (0) 
Residue: GL4 57   0.427274 (0) 0.157032 (1) 0.138063 (1) 0.141268 (1) 0.136364 (1) 
Residue: TYR 59   0.999993 (1) 0.000007 (0) 
Residue: HIP 63   0.747078 (2) 0.234960 (1) 0.017962 (1) 
Residue: HIP 68   0.710528 (2) 0.234590 (1) 0.054882 (1) 
Residue: GL4 71   0.637474 (0) 0.068480 (1) 0.115598 (1) 0.064833 (1) 0.113615 (1) 
Residue: TYR 74   1.000000 (1) 0.000000 (0) 
Residue: GL4 79   0.819707 (0) 0.058954 (1) 0.037549 (1) 0.059250 (1) 0.024540 (1) 
Residue: TYR 84   0.999999 (1) 0.000001 (0) 
Residue: TYR 97   0.999999 (1) 0.000001 (0) 
Residue: GL4 100  0.552093 (0) 0.139298 (1) 0.079984 (1) 0.140104 (1) 0.088520 (1) 
Residue: TYR 102  0.999994 (1) 0.000006 (0) 
Residue: HIP 106  0.377581 (2) 0.516720 (1) 0.105699 (1) 
Residue: HIP 111  0.783700 (2) 0.162602 (1) 0.053698 (1) 
Residue: GL4 114  0.494409 (0) 0.145261 (1) 0.106416 (1) 0.138732 (1) 0.115183 (1) 
Residue: TYR 117  0.999999 (1) 0.000001 (0) 
Residue: GL4 122  0.444942 (0) 0.117477 (1) 0.160424 (1) 0.090634 (1) 0.186523 (1) 
Residue: TYR 127  1.000000 (1) 0.000000 (0) 
