   Residue Number     State  0     State  1     State  2     State  3     State  4 
-----------------------------------------------------------------------------------
Residue: TYR 11   1.000000 (1) 0.000000 (0) 
Residue: GL4 14   0.766353 (0) 0.085469 (1) 0.027968 (1) 0.090148 (1) 0.030062 (1) 
Residue: TYR 16   0.999997 (1) 0.000003 (0) 
Residue: HIP 20   0.583268 (2) 0.379264 (1) 0.037468 (1) 
Residue: HIP 25   0.239809 (2) 0.603938 (1) 0.156253 (1) 
Residue: GL4 28   0.687051 (0) 0.105253 (1) 0.046156 (1) 0.108604 (1) 0.052937 (1) 
Residue: TYR 31   1.000000 (1) 0.000000 (0) 
Residue: GL4 36   0.673644 (0) 0.125078 (1) 0.041028 (1) 0.124503 (1) 0.035746 (1) 
Residue: TYR 41   1.000000 (1) 0.000000 (0) 
Residue: TYR 54   0.999985 (1) 0.000015 (0) 
Residue: GL4 57   0.600485 (0) 0.106609 (1) 0.103206 (1) 0.087741 (1) 0.101959 (1) 
Residue: TYR 59   0.999988 (1) 0.000012 (0) 
Residue: HIP 63   0.575804 (2) 0.396060 (1) 0.028136 (1) 
Residue: HIP 68   0.529272 (2) 0.389044 (1) 0.081684 (1) 
Residue: GL4 71   0.764145 (0) 0.038926 (1) 0.081363 (1) 0.036907 (1) 0.078659 (1) 
Residue: TYR 74   0.999996 (1) 0.000004 (0) 
Residue: GL4 79   0.907897 (0) 0.027639 (1) 0.022195 (1) 0.028087 (1) 0.014182 (1) 
Residue: TYR 84   0.999989 (1) 0.000011 (0) 
Residue: TYR 97   0.999992 (1) 0.000008 (0) 
Residue: GL4 100  0.754246 (0) 0.073449 (1) 0.047642 (1) 0.073023 (1) 0.051639 (1) 
Residue: TYR 102  0.999984 (1) 0.000016 (0) 
Residue: HIP 106  0.201122 (2) 0.670985 (1) 0.127893 (1) 
Residue: HIP 111  0.614336 (2) 0.295028 (1) 0.090637 (1) 
Residue: GL4 114  0.602135 (0) 0.085765 (1) 0.111220 (1) 0.088568 (1) 0.112312 (1) 
Residue: TYR 117  0.999997 (1) 0.000003 (0) 
Residue: GL4 122  0.582750 (0) 0.074354 (1) 0.133043 (1) 0.059876 (1) 0.149976 (1) 
Residue: TYR 127  0.999996 (1) 0.000004 (0) 
