   Residue Number     State  0     State  1     State  2     State  3     State  4 
-----------------------------------------------------------------------------------
Residue: TYR 11   0.999992 (1) 0.000008 (0) 
Residue: GL4 14   0.918008 (0) 0.033391 (1) 0.008128 (1) 0.033402 (1) 0.007071 (1) 
Residue: TYR 16   0.999970 (1) 0.000030 (0) 
Residue: HIP 20   0.259019 (2) 0.675731 (1) 0.065250 (1) 
Residue: HIP 25   0.123104 (2) 0.758228 (1) 0.118668 (1) 
Residue: GL4 28   0.864008 (0) 0.048341 (1) 0.020620 (1) 0.046169 (1) 0.020862 (1) 
Residue: TYR 31   0.999999 (1) 0.000001 (0) 
Residue: GL4 36   0.878761 (0) 0.042698 (1) 0.015176 (1) 0.048901 (1) 0.014464 (1) 
Residue: TYR 41   0.999990 (1) 0.000010 (0) 
Residue: TYR 54   0.999893 (1) 0.000107 (0) 
Residue: GL4 57   0.896561 (0) 0.022823 (1) 0.028807 (1) 0.017685 (1) 0.034124 (1) 
Residue: TYR 59   0.999913 (1) 0.000087 (0) 
Residue: HIP 63   0.259816 (2) 0.694202 (1) 0.045982 (1) 
Residue: HIP 68   0.179812 (2) 0.702130 (1) 0.118058 (1) 
Residue: GL4 71   0.919030 (0) 0.014877 (1) 0.029186 (1) 0.010636 (1) 0.026272 (1) 
Residue: TYR 74   0.999972 (1) 0.000028 (0) 
Residue: GL4 79   0.979007 (0) 0.005090 (1) 0.006328 (1) 0.005181 (1) 0.004394 (1) 
Residue: TYR 84   0.999919 (1) 0.000081 (0) 
Residue: TYR 97   0.999956 (1) 0.000044 (0) 
Residue: GL4 100  0.951659 (0) 0.013174 (1) 0.010448 (1) 0.013351 (1) 0.011368 (1) 
Residue: TYR 102  0.999900 (1) 0.000100 (0) 
Residue: HIP 106  0.047705 (2) 0.827714 (1) 0.124581 (1) 
Residue: HIP 111  0.220769 (2) 0.607555 (1) 0.171677 (1) 
Residue: GL4 114  0.835839 (0) 0.021788 (1) 0.053202 (1) 0.024931 (1) 0.064240 (1) 
Residue: TYR 117  0.999985 (1) 0.000015 (0) 
Residue: GL4 122  0.861711 (0) 0.022087 (1) 0.045518 (1) 0.022698 (1) 0.047987 (1) 
Residue: TYR 127  0.999962 (1) 0.000038 (0) 
