   Residue Number     State  0     State  1     State  2     State  3     State  4 
-----------------------------------------------------------------------------------
Residue: TYR 11   0.999999 (1) 0.000001 (0) 
Residue: GL4 14   0.846260 (0) 0.058687 (1) 0.016923 (1) 0.061154 (1) 0.016977 (1) 
Residue: TYR 16   0.999991 (1) 0.000009 (0) 
Residue: HIP 20   0.429515 (2) 0.517042 (1) 0.053443 (1) 
Residue: HIP 25   0.194338 (2) 0.662035 (1) 0.143627 (1) 
Residue: GL4 28   0.758174 (0) 0.081766 (1) 0.037583 (1) 0.080589 (1) 0.041888 (1) 
Residue: TYR 31   1.000000 (1) 0.000000 (0) 
Residue: GL4 36   0.766330 (0) 0.087743 (1) 0.028929 (1) 0.092000 (1) 0.024998 (1) 
Residue: TYR 41   0.999996 (1) 0.000004 (0) 
Residue: TYR 54   0.999973 (1) 0.000027 (0) 
Residue: GL4 57   0.770514 (0) 0.057728 (1) 0.061160 (1) 0.046388 (1) 0.064210 (1) 
Residue: TYR 59   0.999965 (1) 0.000035 (0) 
Residue: HIP 63   0.417131 (2) 0.544423 (1) 0.038446 (1) 
Residue: HIP 68   0.333685 (2) 0.558643 (1) 0.107672 (1) 
Residue: GL4 71   0.850012 (0) 0.024481 (1) 0.053491 (1) 0.019820 (1) 0.052196 (1) 
Residue: TYR 74   0.999992 (1) 0.000008 (0) 
Residue: GL4 79   0.952951 (0) 0.012493 (1) 0.013066 (1) 0.012384 (1) 0.009106 (1) 
Residue: TYR 84   0.999973 (1) 0.000027 (0) 
Residue: TYR 97   0.999985 (1) 0.000015 (0) 
Residue: GL4 100  0.883062 (0) 0.032653 (1) 0.025224 (1) 0.032733 (1) 0.026328 (1) 
Residue: TYR 102  0.999962 (1) 0.000038 (0) 
Residue: HIP 106  0.098463 (2) 0.765888 (1) 0.135649 (1) 
Residue: HIP 111  0.407224 (2) 0.456729 (1) 0.136048 (1) 
Residue: GL4 114  0.706886 (0) 0.047215 (1) 0.094064 (1) 0.052655 (1) 0.099179 (1) 
Residue: TYR 117  0.999992 (1) 0.000008 (0) 
Residue: GL4 122  0.728452 (0) 0.044640 (1) 0.087363 (1) 0.038409 (1) 0.101136 (1) 
Residue: TYR 127  0.999992 (1) 0.000008 (0) 
