   Residue Number     State  0     State  1     State  2     State  3     State  4 
-----------------------------------------------------------------------------------
Residue: TYR 11   0.999992 (1) 0.000008 (0) 
Residue: GL4 14   0.966290 (0) 0.014363 (1) 0.002986 (1) 0.014143 (1) 0.002219 (1) 
Residue: TYR 16   0.999927 (1) 0.000073 (0) 
Residue: HIP 20   0.117224 (2) 0.810117 (1) 0.072658 (1) 
Residue: HIP 25   0.058013 (2) 0.844507 (1) 0.097480 (1) 
Residue: GL4 28   0.946045 (0) 0.019054 (1) 0.007677 (1) 0.020196 (1) 0.007028 (1) 
Residue: TYR 31   0.999999 (1) 0.000001 (0) 
Residue: GL4 36   0.954500 (0) 0.015244 (1) 0.005816 (1) 0.018631 (1) 0.005809 (1) 
Residue: TYR 41   0.999977 (1) 0.000023 (0) 
Residue: TYR 54   0.999729 (1) 0.000271 (0) 
Residue: GL4 57   0.961459 (0) 0.007045 (1) 0.010317 (1) 0.005665 (1) 0.015514 (1) 
Residue: TYR 59   0.999807 (1) 0.000193 (0) 
Residue: HIP 63   0.123923 (2) 0.824987 (1) 0.051091 (1) 
Residue: HIP 68   0.078762 (2) 0.803343 (1) 0.117895 (1) 
Residue: GL4 71   0.966942 (0) 0.007518 (1) 0.011564 (1) 0.004481 (1) 0.009495 (1) 
Residue: TYR 74   0.999928 (1) 0.000072 (0) 
Residue: GL4 79   0.992120 (0) 0.001925 (1) 0.002398 (1) 0.001967 (1) 0.001590 (1) 
Residue: TYR 84   0.999759 (1) 0.000241 (0) 
Residue: TYR 97   0.999874 (1) 0.000126 (0) 
Residue: GL4 100  0.982779 (0) 0.004942 (1) 0.003773 (1) 0.004528 (1) 0.003978 (1) 
Residue: TYR 102  0.999657 (1) 0.000343 (0) 
Residue: HIP 106  0.020537 (2) 0.871743 (1) 0.107720 (1) 
Residue: HIP 111  0.097068 (2) 0.713658 (1) 0.189274 (1) 
Residue: GL4 114  0.934658 (0) 0.008688 (1) 0.020553 (1) 0.009712 (1) 0.026389 (1) 
Residue: TYR 117  0.999952 (1) 0.000048 (0) 
Residue: GL4 122  0.943892 (0) 0.008239 (1) 0.020061 (1) 0.009908 (1) 0.017900 (1) 
Residue: TYR 127  0.999900 (1) 0.000100 (0) 
