   Residue Number     State  0     State  1     State  2     State  3     State  4 
-----------------------------------------------------------------------------------
Residue: TYR 11   0.999958 (1) 0.000042 (0) 
Residue: GL4 14   0.988285 (0) 0.005238 (1) 0.000938 (1) 0.004924 (1) 0.000614 (1) 
Residue: TYR 16   0.999823 (1) 0.000177 (0) 
Residue: HIP 20   0.042360 (2) 0.880751 (1) 0.076889 (1) 
Residue: HIP 25   0.021148 (2) 0.890927 (1) 0.087926 (1) 
Residue: GL4 28   0.981597 (0) 0.006448 (1) 0.002522 (1) 0.007169 (1) 0.002264 (1) 
Residue: TYR 31   0.999993 (1) 0.000007 (0) 
Residue: GL4 36   0.984567 (0) 0.004998 (1) 0.002072 (1) 0.006317 (1) 0.002048 (1) 
Residue: TYR 41   0.999936 (1) 0.000064 (0) 
Residue: TYR 54   0.999068 (1) 0.000932 (0) 
Residue: GL4 57   0.986509 (0) 0.001923 (1) 0.003460 (1) 0.001858 (1) 0.006251 (1) 
Residue: TYR 59   0.999406 (1) 0.000594 (0) 
Residue: HIP 63   0.047676 (2) 0.900292 (1) 0.052032 (1) 
Residue: HIP 68   0.028975 (2) 0.854491 (1) 0.116534 (1) 
Residue: GL4 71   0.988948 (0) 0.002539 (1) 0.003907 (1) 0.001599 (1) 0.003007 (1) 
Residue: TYR 74   0.999814 (1) 0.000186 (0) 
Residue: GL4 79   0.997219 (0) 0.000636 (1) 0.001012 (1) 0.000622 (1) 0.000512 (1) 
Residue: TYR 84   0.999187 (1) 0.000813 (0) 
Residue: TYR 97   0.999614 (1) 0.000386 (0) 
Residue: GL4 100  0.994246 (0) 0.001654 (1) 0.001203 (1) 0.001593 (1) 0.001303 (1) 
Residue: TYR 102  0.998907 (1) 0.001093 (0) 
Residue: HIP 106  0.007461 (2) 0.894736 (1) 0.097803 (1) 
Residue: HIP 111  0.035882 (2) 0.768881 (1) 0.195237 (1) 
Residue: GL4 114  0.978607 (0) 0.002768 (1) 0.006450 (1) 0.003123 (1) 0.009052 (1) 
Residue: TYR 117  0.999846 (1) 0.000154 (0) 
Residue: GL4 122  0.980590 (0) 0.002651 (1) 0.007088 (1) 0.003493 (1) 0.006178 (1) 
Residue: TYR 127  0.999696 (1) 0.000304 (0) 
