   Residue Number     State  0     State  1     State  2     State  3     State  4 
-----------------------------------------------------------------------------------
Residue: TYR 11   0.999586 (1) 0.000414 (0) 
Residue: GL4 14   0.998739 (0) 0.000566 (1) 0.000086 (1) 0.000562 (1) 0.000048 (1) 
Residue: TYR 16   0.998132 (1) 0.001868 (0) 
Residue: HIP 20   0.004685 (2) 0.915493 (1) 0.079822 (1) 
Residue: HIP 25   0.002197 (2) 0.913410 (1) 0.084393 (1) 
Residue: GL4 28   0.997991 (0) 0.000756 (1) 0.000271 (1) 0.000739 (1) 0.000243 (1) 
Residue: TYR 31   0.999952 (1) 0.000048 (0) 
Residue: GL4 36   0.998338 (0) 0.000595 (1) 0.000181 (1) 0.000607 (1) 0.000279 (1) 
Residue: TYR 41   0.999402 (1) 0.000598 (0) 
Residue: TYR 54   0.990827 (1) 0.009173 (0) 
Residue: GL4 57   0.998686 (0) 0.000152 (1) 0.000329 (1) 0.000145 (1) 0.000688 (1) 
Residue: TYR 59   0.994327 (1) 0.005673 (0) 
Residue: HIP 63   0.005526 (2) 0.941804 (1) 0.052670 (1) 
Residue: HIP 68   0.003125 (2) 0.881599 (1) 0.115276 (1) 
Residue: GL4 71   0.998733 (0) 0.000273 (1) 0.000418 (1) 0.000169 (1) 0.000407 (1) 
Residue: TYR 74   0.998199 (1) 0.001801 (0) 
Residue: GL4 79   0.999760 (0) 0.000058 (1) 0.000067 (1) 0.000069 (1) 0.000046 (1) 
Residue: TYR 84   0.991844 (1) 0.008156 (0) 
Residue: TYR 97   0.996260 (1) 0.003740 (0) 
Residue: GL4 100  0.999299 (0) 0.000187 (1) 0.000167 (1) 0.000188 (1) 0.000160 (1) 
Residue: TYR 102  0.990033 (1) 0.009967 (0) 
Residue: HIP 106  0.000809 (2) 0.906967 (1) 0.092224 (1) 
Residue: HIP 111  0.003801 (2) 0.798169 (1) 0.198030 (1) 
Residue: GL4 114  0.997652 (0) 0.000309 (1) 0.000766 (1) 0.000326 (1) 0.000947 (1) 
Residue: TYR 117  0.998451 (1) 0.001549 (0) 
Residue: GL4 122  0.997964 (0) 0.000248 (1) 0.000763 (1) 0.000380 (1) 0.000645 (1) 
Residue: TYR 127  0.997039 (1) 0.002961 (0) 
