   Residue Number     State  0     State  1     State  2     State  3     State  4 
-----------------------------------------------------------------------------------
Residue: TYR 11   0.999866 (1) 0.000134 (0) 
Residue: GL4 14   0.996171 (0) 0.001637 (1) 0.000274 (1) 0.001752 (1) 0.000167 (1) 
Residue: TYR 16   0.999432 (1) 0.000568 (0) 
Residue: HIP 20   0.014094 (2) 0.906847 (1) 0.079058 (1) 
Residue: HIP 25   0.006846 (2) 0.907578 (1) 0.085576 (1) 
Residue: GL4 28   0.993782 (0) 0.002253 (1) 0.000761 (1) 0.002463 (1) 0.000741 (1) 
Residue: TYR 31   0.999985 (1) 0.000015 (0) 
Residue: GL4 36   0.995067 (0) 0.001660 (1) 0.000583 (1) 0.001978 (1) 0.000712 (1) 
Residue: TYR 41   0.999811 (1) 0.000189 (0) 
Residue: TYR 54   0.997067 (1) 0.002933 (0) 
Residue: GL4 57   0.995586 (0) 0.000568 (1) 0.001058 (1) 0.000512 (1) 0.002276 (1) 
Residue: TYR 59   0.998302 (1) 0.001698 (0) 
Residue: HIP 63   0.016238 (2) 0.931103 (1) 0.052659 (1) 
Residue: HIP 68   0.009647 (2) 0.875365 (1) 0.114988 (1) 
Residue: GL4 71   0.996474 (0) 0.000866 (1) 0.001204 (1) 0.000510 (1) 0.000946 (1) 
Residue: TYR 74   0.999436 (1) 0.000564 (0) 
Residue: GL4 79   0.999077 (0) 0.000217 (1) 0.000275 (1) 0.000207 (1) 0.000224 (1) 
Residue: TYR 84   0.997411 (1) 0.002589 (0) 
Residue: TYR 97   0.998833 (1) 0.001167 (0) 
Residue: GL4 100  0.997982 (0) 0.000584 (1) 0.000439 (1) 0.000571 (1) 0.000424 (1) 
Residue: TYR 102  0.996839 (1) 0.003161 (0) 
Residue: HIP 106  0.002512 (2) 0.904143 (1) 0.093345 (1) 
Residue: HIP 111  0.011863 (2) 0.790901 (1) 0.197235 (1) 
Residue: GL4 114  0.993072 (0) 0.000838 (1) 0.002128 (1) 0.001045 (1) 0.002918 (1) 
Residue: TYR 117  0.999507 (1) 0.000493 (0) 
Residue: GL4 122  0.993766 (0) 0.000862 (1) 0.002242 (1) 0.001095 (1) 0.002036 (1) 
Residue: TYR 127  0.999065 (1) 0.000935 (0) 
