# 1    2
# pH   Residue
0.00 0.000 0.000 0.000 0.000 0.000 0.003 0.000 0.000 0.000 0.000 0.000 0.000 0.000 0.000 0.000 0.000 0.000 0.000 0.000 0.000 0.000 0.000 0.000 0.001 0.000 0.000 0.000  
0.50 0.000 0.001 0.000 0.000 0.000 0.010 0.000 0.000 0.000 0.000 0.000 0.000 0.000 0.000 0.000 0.000 0.000 0.000 0.000 0.000 0.000 0.000 0.000 0.001 0.000 0.000 0.000  
1.00 0.000 0.002 0.000 0.000 0.000 0.031 0.000 0.001 0.000 0.000 0.000 0.000 0.000 0.000 0.001 0.000 0.001 0.000 0.000 0.000 0.000 0.000 0.000 0.004 0.000 0.000 0.000  
1.50 0.000 0.005 0.000 0.001 0.000 0.090 0.000 0.005 0.000 0.000 0.001 0.000 0.000 0.000 0.004 0.000 0.003 0.000 0.000 0.001 0.000 0.000 0.000 0.012 0.000 0.000 0.000  
2.00 0.000 0.015 0.000 0.003 0.001 0.223 0.000 0.014 0.000 0.000 0.003 0.000 0.000 0.000 0.010 0.000 0.008 0.000 0.000 0.002 0.000 0.000 0.000 0.030 0.000 0.001 0.000  
2.50 0.000 0.039 0.000 0.005 0.002 0.429 0.000 0.042 0.000 0.000 0.007 0.000 0.000 0.001 0.021 0.000 0.023 0.000 0.000 0.005 0.000 0.001 0.000 0.060 0.000 0.004 0.000  
3.00 0.000 0.095 0.000 0.007 0.007 0.622 0.000 0.112 0.000 0.000 0.020 0.000 0.001 0.002 0.034 0.000 0.059 0.000 0.000 0.011 0.000 0.003 0.001 0.089 0.000 0.011 0.000  
3.50 0.000 0.215 0.000 0.010 0.021 0.729 0.000 0.249 0.000 0.000 0.047 0.000 0.002 0.005 0.051 0.000 0.127 0.000 0.000 0.024 0.000 0.009 0.003 0.111 0.000 0.028 0.000  
4.00 0.000 0.398 0.000 0.018 0.063 0.771 0.000 0.424 0.000 0.000 0.093 0.000 0.006 0.015 0.081 0.000 0.222 0.000 0.000 0.049 0.000 0.026 0.009 0.133 0.000 0.057 0.000  
4.50 0.000 0.578 0.000 0.037 0.174 0.773 0.000 0.550 0.000 0.000 0.145 0.000 0.018 0.041 0.143 0.000 0.335 0.000 0.000 0.092 0.000 0.074 0.025 0.173 0.000 0.105 0.000  
5.00 0.000 0.679 0.000 0.082 0.381 0.743 0.000 0.601 0.000 0.000 0.204 0.000 0.050 0.092 0.268 0.000 0.483 0.000 0.000 0.171 0.000 0.189 0.058 0.248 0.000 0.191 0.000  
5.50 0.000 0.710 0.000 0.165 0.596 0.692 0.000 0.614 0.000 0.000 0.294 0.000 0.121 0.171 0.458 0.000 0.666 0.000 0.000 0.328 0.000 0.391 0.115 0.371 0.000 0.317 0.000  
6.00 0.000 0.724 0.000 0.284 0.712 0.668 0.000 0.630 0.000 0.000 0.427 0.000 0.253 0.289 0.637 0.000 0.820 0.000 0.000 0.552 0.000 0.622 0.216 0.494 0.000 0.445 0.000  
6.50 0.000 0.766 0.000 0.417 0.760 0.687 0.000 0.674 0.000 0.000 0.600 0.000 0.424 0.471 0.764 0.000 0.908 0.000 0.000 0.754 0.000 0.799 0.386 0.602 0.000 0.583 0.000  
7.00 0.000 0.846 0.000 0.570 0.806 0.758 0.000 0.766 0.000 0.000 0.771 0.000 0.583 0.666 0.850 0.000 0.953 0.000 0.000 0.883 0.000 0.902 0.593 0.707 0.000 0.728 0.000  
7.50 0.000 0.918 0.000 0.741 0.877 0.864 0.000 0.879 0.000 0.000 0.897 0.000 0.740 0.820 0.919 0.000 0.979 0.000 0.000 0.952 0.000 0.952 0.779 0.836 0.000 0.862 0.000  
8.00 0.000 0.966 0.000 0.883 0.942 0.946 0.000 0.954 0.000 0.000 0.961 0.000 0.876 0.921 0.967 0.000 0.992 0.000 0.000 0.983 0.000 0.979 0.903 0.935 0.000 0.944 0.000  
8.50 0.000 0.988 0.000 0.958 0.979 0.982 0.000 0.985 0.000 0.001 0.987 0.001 0.952 0.971 0.989 0.000 0.997 0.001 0.000 0.994 0.001 0.993 0.964 0.979 0.000 0.981 0.000  
9.00 0.000 0.996 0.001 0.986 0.993 0.994 0.000 0.995 0.000 0.003 0.996 0.002 0.984 0.990 0.996 0.001 0.999 0.003 0.001 0.998 0.003 0.997 0.988 0.993 0.000 0.994 0.001  
9.50 0.000 0.999 0.002 0.995 0.998 0.998 0.000 0.998 0.001 0.009 0.999 0.006 0.994 0.997 0.999 0.002 1.000 0.008 0.004 0.999 0.010 0.999 0.996 0.998 0.002 0.998 0.003  
10.00 0.001 1.000 0.006 0.998 0.999 0.999 0.000 0.999 0.002 0.028 0.999 0.017 0.998 0.999 1.000 0.006 1.000 0.026 0.012 1.000 0.030 1.000 0.999 0.999 0.005 0.999 0.009  
10.50 0.004 1.000 0.017 1.000 1.000 1.000 0.000 1.000 0.006 0.087 1.000 0.052 0.999 1.000 1.000 0.018 1.000 0.078 0.037 1.000 0.091 1.000 1.000 1.000 0.015 1.000 0.030  
11.00 0.015 1.000 0.042 1.000 1.000 1.000 0.001 1.000 0.017 0.247 1.000 0.143 1.000 1.000 1.000 0.054 1.000 0.216 0.114 1.000 0.238 1.000 1.000 1.000 0.049 1.000 0.093  
11.50 0.053 1.000 0.080 1.000 1.000 1.000 0.003 1.000 0.044 0.539 1.000 0.321 1.000 1.000 1.000 0.157 1.000 0.477 0.306 1.000 0.473 1.000 1.000 1.000 0.147 1.000 0.259  
12.00 0.161 1.000 0.117 1.000 1.000 1.000 0.009 1.000 0.099 0.817 1.000 0.562 1.000 1.000 1.000 0.390 1.000 0.754 0.596 1.000 0.695 1.000 1.000 1.000 0.391 1.000 0.531  
12.50 0.375 1.000 0.163 1.000 1.000 1.000 0.024 1.000 0.200 0.944 1.000 0.769 1.000 1.000 1.000 0.691 1.000 0.909 0.815 1.000 0.842 1.000 1.000 1.000 0.699 1.000 0.754  
13.00 0.658 1.000 0.273 1.000 1.000 1.000 0.062 1.000 0.405 0.984 1.000 0.886 1.000 1.000 1.000 0.875 1.000 0.968 0.925 1.000 0.921 1.000 1.000 1.000 0.892 1.000 0.869  
13.50 0.857 1.000 0.505 1.000 1.000 1.000 0.159 1.000 0.677 0.995 1.000 0.945 1.000 1.000 1.000 0.947 1.000 0.990 0.972 1.000 0.960 1.000 1.000 1.000 0.966 1.000 0.938  
