
Initial FFT Block Distribution Based on Workload Estimate:

  FFT blocks assigned to   12 tasks

First FFT Block Distribution Based on Actual Workload:

  FFT blocks assigned to   24 tasks

Image Distribution at run step     314:

  Count of images assigned to each task:
          914     1141      327     1193      937      351     1058      350
         1166     1179      314      943     1061      301     1186      363
         1159     1101      347     1127     1175      312     1134      317
         1138     1195      373     1199     1142      378     1172      345
         1227     1200      330     1179     1189      417     1184      400
         1158     1211      338     1235     1094      316     1139      374
         1196     1167      334     1089     1149      312     1187      349
         1106     1067      387     1169     1189      267      901      268

Atom Distribution No.     4 at run step    2846:

  Count of atoms assigned to each task:
          885     1119      336     1206      924      357     1041      351
         1161     1179      327      912     1077      303     1185      393
         1167     1083      366     1113     1194      315     1125      324
         1125     1182      375     1212     1143      399     1170      357
         1230     1191      324     1167     1179      435     1209      405
         1158     1221      360     1254     1101      309     1125      378
         1182     1179      342     1074     1131      315     1164      348
         1110     1047      384     1149     1194      276      912      267

Atom Distribution No.     5 at run step    5691:

  Count of atoms assigned to each task:
         1047     1155      339     1173     1083      381      897      357
         1173     1158      321      903     1086      318     1206      378
         1137     1077      351     1125     1191      330     1113      324
         1110     1182      369     1194     1092      366     1179      339
         1218     1146      330     1170     1161      402     1209      354
         1116     1212      360     1254     1113      360     1149      396
         1236     1170      363     1092     1140      315     1206      342
          924     1071      390     1155     1197      333      903      285

Atom Distribution No.     6 at run step    8519:

  Count of atoms assigned to each task:
         1044     1149      393     1152      900      351     1041      348
         1161     1146      360      912     1089      345     1179      402
         1146     1083      384     1116     1164      345     1107      345
         1110     1188      378     1188     1098      378     1158      357
         1239     1137      348     1149     1203      423     1167      351
         1107     1197      375     1236     1101      369     1131      408
         1230     1152      357     1074     1140      306     1179      348
          921     1053      372     1164     1179      372      900      321

Atom Distribution No.     7 at run step   11333:

  Count of atoms assigned to each task:
         1041     1131      354     1143      903      357     1038      348
         1143     1152      369      906     1059      354     1182      393
         1152     1068      369     1134     1164      366     1107      354
         1110     1173      411     1170     1095      381     1182      384
         1224     1128      372     1152     1185      450     1164      381
         1101     1206      366     1218     1113      369     1128      423
         1212     1149      372     1086     1155      321     1176      363
          927     1041      369     1152     1167      357      900      306

Atom Distribution No.     8 at run step   14124:

  Count of atoms assigned to each task:
          888     1110      357     1161      909      363     1041      354
         1125     1167      342      912     1062      342     1179      408
         1173     1089      378     1101     1173      357     1110      342
         1092     1146      429     1158     1101      369     1113      375
         1224     1182      369     1110     1170      456     1206      378
         1107     1188      375     1248     1125      372     1113      396
         1173     1200      366     1092     1113      345     1197      357
         1101     1053      396     1158     1200      327      903      300

Atom Distribution No.     9 at run step   16926:

  Count of atoms assigned to each task:
         1065     1164      366     1161     1086      372      894      351
         1176     1140      315      900     1071      339     1194      423
         1119     1098      363     1143     1161      333     1095      327
         1128     1170      375     1164     1101      357     1158      366
         1203     1146      336     1128     1197      414     1176      372
         1116     1209      363     1233     1125      360     1122      375
         1176     1170      363     1089     1134      327     1215      342
          969     1068      381     1182     1227      336      906      291

Atom Distribution No.    10 at run step   19757:

  Count of atoms assigned to each task:
          900     1140      369     1152      921      369     1035      354
         1155     1167      342      930     1062      321     1194      393
         1173     1092      372     1131     1164      342     1101      339
         1098     1182      390     1173     1095      363     1161      369
         1233     1134      339     1128     1197      444     1170      351
         1116     1197      372     1236     1131      369     1098      375
         1176     1182      369     1110     1134      354     1194      348
         1107     1062      381     1182     1182      306      918      282

Atom Distribution No.    11 at run step   22584:

  Count of atoms assigned to each task:
          897     1137      357     1182     1077      354      894      348
         1170     1167      342      924     1071      333     1182      399
         1158     1089      357     1137     1176      357     1116      327
         1104     1191      393     1161     1110      360     1155      366
         1230     1149      354     1125     1200      414     1188      354
         1107     1197      357     1242     1125      348     1113      363
         1161     1215      333     1092     1125      336     1215      354
         1119     1056      372     1173     1194      312      918      294

Atom Distribution No.    12 at run step   25386:

  Count of atoms assigned to each task:
          900     1125      375     1155      900      363     1035      357
         1158     1158      339      903     1086      339     1182      405
         1140     1068      384     1128     1161      372     1101      336
         1113     1173      411     1173     1110      387     1152      378
         1224     1137      360     1140     1197      417     1155      387
         1110     1197      372     1233     1122      357     1125      387
         1191     1167      363     1092     1128      357     1197      351
         1098     1056      402     1167     1170      300      906      294

Atom Distribution No.    13 at run step   28223:

  Count of atoms assigned to each task:
          903     1110      375     1161     1056      360      876      357
         1140     1173      345      906     1062      327     1170      417
         1152     1098      372     1113     1173      372     1116      339
         1095     1188      423     1188     1110      363     1146      357
         1230     1131      375     1131     1194      399     1161      354
         1107     1173      384     1248     1131      369     1092      381
         1206     1170      351     1098     1122      360     1203      342
         1128     1083      390     1143     1170      360      897      300

Atom Distribution No.    14 at run step   31084:

  Count of atoms assigned to each task:
          897     1113      390     1167     1059      369      891      357
         1137     1155      360      909     1071      333     1161      435
         1137     1092      378     1122     1152      369     1110      348
         1089     1155      411     1173     1104      378     1119      390
         1215     1155      378     1119     1170      429     1161      381
         1101     1143      390     1227     1134      375     1095      387
         1170     1194      372     1089     1104      360     1170      372
         1137     1068      387     1158     1179      369      909      297

Atom Distribution No.    15 at run step   33908:

  Count of atoms assigned to each task:
         1038     1146      390     1125      915      369     1041      372
         1167     1119      369      906     1080      357     1185      417
         1107     1092      378     1131     1143      357     1098      342
         1092     1161      414     1140     1092      372     1131      390
         1206     1140      375     1119     1146      456     1140      384
         1104     1155      387     1227     1095      402     1101      414
         1200     1161      399     1110     1116      354     1197      357
          945     1077      381     1137     1167      390      924      324

Atom Distribution No.    16 at run step   36746:

  Count of atoms assigned to each task:
          906     1113      372     1164      918      360     1053      363
         1137     1152      360      930     1098      339     1185      399
         1140     1095      366     1128     1173      354     1089      351
         1098     1137      393     1170     1107      363     1098      384
         1203     1167      369     1104     1134      432     1158      396
         1101     1146      399     1239     1137      396     1086      384
         1203     1152      396     1107     1113      375     1194      378
         1134     1068      381     1146     1176      318      927      312

Atom Distribution No.    17 at run step   39550:

  Count of atoms assigned to each task:
         1038     1146      375     1116     1086      384      903      357
         1161     1134      324      915     1098      354     1194      393
         1107     1098      375     1146     1176      366     1098      345
         1086     1170      411     1149     1095      387     1119      366
         1203     1134      360     1113     1179      420     1143      393
         1107     1179      396     1221     1122      387     1110      384
         1185     1152      387     1110     1134      363     1173      357
          957     1080      369     1170     1152      369      912      333

Atom Distribution No.    18 at run step   42383:

  Count of atoms assigned to each task:
          903     1131      390     1155      933      375     1053      360
         1128     1149      375      936     1083      366     1155      390
         1161     1116      387     1101     1146      369     1155      351
         1107     1116      399     1146     1173      381     1125      378
         1161     1152      387     1161     1140      408     1119      393
         1164     1173      381     1149     1122      399     1143      393
         1131     1125      396     1107     1125      378     1137      381
         1092     1071      405     1161     1137      324      915      303

Atom Distribution No.    19 at run step   45231:

  Count of atoms assigned to each task:
          915     1128      363     1143     1092      366      897      351
          948     1128      360     1095     1113      336     1149      375
         1182     1143      360     1101     1113      360     1164      366
         1134     1119      357     1158     1209      366     1134      339
         1128     1164      393     1209     1131      384     1089      387
         1233     1218      357     1149     1116      375     1167      381
         1146     1143      387     1131     1158      378     1140      369
         1122     1095      396     1158     1125      312      930      291

Atom Distribution No.    20 at run step   48050:

  Count of atoms assigned to each task:
          909     1119      366     1143     1107      378      891      366
          963     1128      378     1128     1086      339     1134      372
         1146     1131      393     1104     1134      354     1167      372
         1131     1128      378     1179     1176      375     1128      357
         1128     1164      396     1182     1137      402     1122      405
         1155     1206      381     1146     1128      375     1134      390
         1149     1140      396     1128     1146      375     1122      393
         1113     1080      399     1143     1128      294      921      288

Atom Distribution No.    21 at run step   50869:

  Count of atoms assigned to each task:
          924     1125      366     1146     1113      369      924      363
          963     1140      402     1125     1113      330     1164      372
         1152     1143      396     1113     1134      342     1140      360
         1140     1107      396     1164     1152      366     1140      336
         1137     1152      405     1161     1152      384     1119      369
         1176     1170      369     1149     1122      387     1146      399
         1143     1149      396     1128     1137      372     1146      378
         1131     1080      354     1152     1131      294      936      282

Atom Distribution No.    22 at run step   53719:

  Count of atoms assigned to each task:
          906     1131      369     1149     1113      384      921      363
          957     1113      381     1119     1086      336     1149      384
         1161     1131      396     1110     1137      342     1155      363
         1152     1119      366     1167     1176      366     1143      351
         1146     1155      393     1152     1152      393     1119      369
         1134     1161      387     1170     1137      375     1140      393
         1146     1161      378     1143     1152      366     1137      387
         1113     1083      354     1164     1152      300      933      285

Atom Distribution No.    23 at run step   56548:

  Count of atoms assigned to each task:
          909     1098      366     1134     1122      390      897      375
          942     1113      399     1125     1089      354     1143      375
         1146     1140      396     1101     1134      339     1149      372
         1134     1113      402     1149     1158      381     1137      357
         1131     1146      396     1158     1161      417     1101      405
         1164     1164      375     1149     1119      375     1143      390
         1149     1137      378     1125     1161      378     1155      402
         1104     1089      405     1143     1131      318      930      288

Atom Distribution No.    24 at run step   59392:

  Count of atoms assigned to each task:
         1050     1122      384     1125     1098      402      918      351
         1083     1104      378     1101      933      357     1122      381
         1131     1128      402     1092     1128      348     1125      381
         1131     1116      408     1158     1146      399     1131      369
         1137     1131      402     1146     1155      405     1128      411
         1161     1173      378     1158     1113      393     1152      399
         1146     1140      396     1122     1125      378     1143      390
          948     1086      384     1152     1146      372      915      339

Atom Distribution No.    25 at run step   62240:

  Count of atoms assigned to each task:
         1071     1134      369     1125     1122      402      921      336
          954     1122      366     1125     1083      345     1140      375
         1149     1140      405     1107     1134      345     1146      375
         1146     1128      369     1167     1170      375     1134      381
         1131     1155      384     1146     1158      378     1131      378
         1146     1179      369     1152     1131      372     1131      375
         1146     1143      396     1122     1137      378     1140      375
          954     1083      357     1179     1128      360      924      327

Atom Distribution No.    26 at run step   65042:

  Count of atoms assigned to each task:
         1074     1128      366     1134     1128      396      924      324
          954     1119      372     1122     1110      345     1140      336
         1131     1143      393     1101     1128      351     1143      384
         1128     1113      390     1158     1158      360     1137      348
         1143     1149      387     1173     1149      384     1122      372
         1161     1170      381     1152     1128      372     1143      372
         1143     1167      402     1119     1116      360     1152      384
          975     1095      384     1158     1140      369      927      339

Atom Distribution No.    27 at run step   67872:

  Count of atoms assigned to each task:
         1059     1107      378     1143     1122      402      921      342
          942     1113      375     1110     1089      348     1137      369
         1128     1134      402     1080     1116      357     1119      378
         1167     1113      390     1155     1164      384     1152      363
         1134     1131      387     1149     1161      381     1113      378
         1134     1149      396     1143     1116      378     1137      393
         1146     1125      417     1143     1128      369     1155      402
          972     1101      357     1155     1164      393      927      333

Atom Distribution No.    28 at run step   70737:

  Count of atoms assigned to each task:
          906     1107      369     1155     1131      387      930      339
          933     1140      375     1137     1083      324     1131      363
         1137     1143      396     1095     1101      351     1134      369
         1149     1113      363     1155     1173      384     1158      348
         1119     1155      393     1179     1149      408     1113      381
         1170     1152      375     1158     1128      381     1152      381
         1131     1170      390     1128     1146      384     1164      381
         1134     1095      411     1143     1152      297      933      294

Atom Distribution No.    29 at run step   73575:

  Count of atoms assigned to each task:
         1074     1128      381     1134     1122      414      924      354
          957     1113      384     1110     1107      345     1128      366
         1140     1125      408     1083     1104      372     1128      384
         1134     1098      378     1155     1155      393     1122      348
         1122     1146      405     1161     1146      390     1107      381
         1149     1161      381     1134     1122      384     1152      396
         1155     1125      402     1131     1149      390     1158      378
          945     1089      354     1155     1167      366      924      333

Atom Distribution No.    30 at run step   76381:

  Count of atoms assigned to each task:
         1071     1125      378     1149     1149      414      927      345
         1104     1113      378     1113      933      330     1146      372
         1134     1161      405     1107     1119      342     1140      375
         1149     1110      372     1143     1167      399     1131      330
         1113     1140      366     1155     1140      399     1104      372
         1158     1152      396     1143     1134      378     1137      399
         1131     1134      414     1131     1125      372     1134      402
          969     1101      354     1146     1149      375      933      339

Atom Distribution No.    31 at run step   79227:

  Count of atoms assigned to each task:
          921     1110      378     1140     1113      390      936      363
          954     1116      381     1140     1095      339     1152      363
         1131     1128      402     1116     1134      363     1128      369
         1161     1119      363     1155     1161      381     1143      363
         1140     1143      363     1155     1143      384     1134      387
         1149     1146      387     1143     1143      375     1134      378
         1149     1143      387     1137     1119      381     1143      396
         1131     1098      411     1152     1146      297      936      288

Atom Distribution No.    32 at run step   82041:

  Count of atoms assigned to each task:
          927     1134      354     1155     1128      366      927      330
          966     1137      357     1125     1092      315     1149      363
         1161     1137      372     1122     1140      315     1170      342
         1143     1131      354     1176     1185      357     1146      333
         1158     1164      339     1188     1158      354     1116      393
         1155     1176      357     1152     1149      360     1143      369
         1161     1164      381     1155     1140      366     1167      387
         1158     1116      390     1164     1161      282      942      252

Atom Distribution No.    33 at run step   84856:

  Count of atoms assigned to each task:
          927     1119      366     1164     1113      360      924      357
          966     1125      381     1116     1095      327     1167      360
         1149     1161      396     1125     1140      336     1122      357
         1158     1134      360     1185     1170      363     1149      327
         1146     1173      375     1161     1146      381     1113      363
         1164     1173      372     1146     1146      366     1146      378
         1143     1146      384     1131     1155      363     1149      399
         1128     1092      405     1155     1152      279      939      258

Atom Distribution No.    34 at run step   87693:

  Count of atoms assigned to each task:
         1074     1131      384     1131     1125      420      912      369
          954     1134      378     1107     1086      345     1134      369
         1143     1143      396     1083     1110      372     1149      375
         1128     1110      369     1167     1167      387     1137      348
         1134     1146      396     1146     1122      393     1113      387
         1152     1155      381     1146     1134      369     1155      393
         1149     1128      399     1125     1131      366     1134      402
          948     1107      366     1161     1155      357      915      324

Atom Distribution No.    35 at run step   90514:

  Count of atoms assigned to each task:
         1062     1110      384     1140     1119      429      915      345
         1101     1134      387     1095      936      339     1146      375
         1146     1137      396     1116     1119      372     1134      375
         1137     1122      387     1155     1155      369     1131      351
         1134     1161      384     1125     1143      414     1098      390
         1164     1167      372     1137     1125      369     1125      402
         1140     1128      429     1128     1101      363     1152      402
          963     1101      378     1149     1140      354      930      339

Atom Distribution No.    36 at run step   93364:

  Count of atoms assigned to each task:
          900     1098      390     1152     1116      393      930      342
          939     1125      405     1113     1086      351     1137      378
         1143     1128      405     1107     1128      366     1131      393
         1137     1116      375     1158     1158      357     1134      351
         1149     1140      393     1152     1149      390     1128      396
         1155     1149      405     1155     1140      384     1131      378
         1152     1152      423     1125     1116      381     1134      402
         1119     1080      411     1137     1128      315      921      294

Atom Distribution No.    37 at run step   96160:

  Count of atoms assigned to each task:
          903     1110      378     1161     1119      390      933      369
          948     1137      399     1125     1080      357     1152      396
         1134     1137      390     1098     1134      348     1119      381
         1137     1110      378     1158     1173      369     1128      354
         1140     1146      402     1164     1131      387     1128      372
         1158     1146      396     1149     1143      378     1137      396
         1140     1134      414     1146     1113      375     1131      390
         1116     1098      396     1137     1143      309      927      279

Atom Distribution No.    38 at run step   98991:

  Count of atoms assigned to each task:
          906     1104      375     1161      966      381      921      372
         1092     1104      390     1125     1080      345     1143      393
         1149     1134      396     1089     1116      354     1131      372
         1128     1116      378     1155     1170      378     1131      363
         1152     1155      396     1179     1161      396     1122      402
         1158     1182      381     1146     1140      366     1152      378
         1158     1134      369     1125     1140      363     1149      390
         1116     1092      369     1137     1155      309      936      300

Atom Distribution No.    39 at run step  101800:

  Count of atoms assigned to each task:
         1077     1116      378     1122     1122      414      924      357
          945     1113      384     1098     1077      369     1158      384
         1146     1119      408     1107     1134      363     1125      378
         1119     1122      384     1155     1146      408     1134      366
         1137     1140      375     1134     1140      390     1107      399
         1146     1155      390     1143     1125      387     1143      390
         1131     1140      408     1149     1134      372     1140      396
          954     1104      366     1140     1137      363      912      327

Atom Distribution No.    40 at run step  104653:

  Count of atoms assigned to each task:
          927     1101      378     1158     1110      372      939      336
         1113     1137      384     1119      936      342     1155      384
         1134     1146      387     1107     1140      342     1125      369
         1107     1122      372     1167     1149      351     1134      345
         1149     1155      369     1170     1155      399     1125      369
         1164     1146      381     1155     1140      372     1146      390
         1137     1146      414     1137     1164      363     1158      387
         1131     1101      420     1161     1152      291      927      264

Atom Distribution No.    41 at run step  107484:

  Count of atoms assigned to each task:
          921     1116      372     1155      963      372      915      372
         1092     1125      402     1128     1092      339     1152      396
         1149     1134      408     1095     1140      354     1113      378
         1128     1128      384     1143     1143      381     1131      348
         1116     1134      381     1155     1140      387     1098      384
         1140     1173      405     1158     1116      360     1143      405
         1146     1152      402     1119     1134      384     1155      420
         1113     1083      420     1146     1146      315      930      297

Atom Distribution No.    42 at run step  110327:

  Count of atoms assigned to each task:
          927     1098      375     1149     1125      381      942      381
          951     1104      411     1134     1095      345     1152      363
         1137     1128      408     1104     1140      351     1113      369
         1134     1122      375     1161     1155      387     1146      354
         1134     1146      369     1158     1158      411     1110      378
         1152     1167      375     1149     1122      348     1158      387
         1131     1149      396     1119     1143      372     1140      408
         1116     1083      420     1134     1140      294      948      294

Atom Distribution No.    43 at run step  113148:

  Count of atoms assigned to each task:
          927     1119      366     1149     1122      384      924      366
          954     1110      393     1140     1098      336     1170      363
         1128     1134      399     1128     1137      345     1128      336
         1128     1128      363     1176     1161      375     1143      348
         1140     1173      339     1134     1146      405     1119      396
         1167     1173      357     1167     1134      342     1140      387
         1143     1170      375     1140     1143      366     1164      399
         1128     1098      408     1155     1158      276      942      264

Atom Distribution No.    44 at run step  115997:

  Count of atoms assigned to each task:
          930     1116      393     1179     1110      387      933      348
         1113     1116      372     1131      948      327     1155      369
         1125     1152      393     1110     1134      354     1146      369
         1152     1146      390     1158     1173      366     1131      339
         1167     1146      372     1143     1134      408     1125      381
         1146     1167      360     1155     1137      360     1143      387
         1143     1155      390     1146     1128      360     1125      384
         1122     1098      402     1143     1143      276      942      273

Atom Distribution No.    45 at run step  118834:

  Count of atoms assigned to each task:
          930     1104      387     1152     1116      390      936      354
          939     1128      384     1119     1089      348     1134      372
         1131     1143      396     1107     1131      330     1137      378
         1158     1125      369     1176     1167      369     1143      333
         1152     1167      378     1173     1140      387     1119      402
         1140     1179      390     1158     1137      363     1134      381
         1137     1149      408     1131     1119      360     1158      396
         1119     1107      381     1128     1146      297      927      288

Atom Distribution No.    46 at run step  121648:

  Count of atoms assigned to each task:
          933     1134      366     1173     1119      372      945      336
         1125     1122      369     1143      945      309     1152      351
         1131     1155      369     1110     1134      318     1122      363
         1164     1134      357     1179     1152      375     1155      327
         1167     1158      366     1182     1146      399     1131      375
         1176     1185      357     1179     1131      360     1158      366
         1143     1170      387     1143     1137      348     1155      375
         1131     1095      387     1146     1167      279      939      249

Atom Distribution No.    47 at run step  124494:

  Count of atoms assigned to each task:
          915     1107      381     1152     1104      387      927      363
         1098     1119      396     1140      939      327     1122      399
         1137     1134      396     1107     1101      342     1122      372
         1116     1113      393     1146     1143      375     1149      348
         1146     1155      378     1161     1152      426     1116      408
         1167     1191      378     1155     1128      363     1131      393
         1170     1161      405     1137     1146      372     1164      405
         1143     1101      318     1143     1134      309      930      270

Atom Distribution No.    48 at run step  127362:

  Count of atoms assigned to each task:
          924     1128      378     1146     1125      387      939      345
          945     1113      393     1170     1095      333     1131      381
         1125     1143      405     1110     1116      336     1131      351
         1155     1119      387     1158     1170      375     1146      342
         1149     1158      375     1176     1143      393     1119      372
         1161     1182      366     1143     1140      366     1140      378
         1146     1155      411     1128     1137      363     1161      390
         1140     1095      357     1137     1155      270      945      273

Atom Distribution No.    49 at run step  130204:

  Count of atoms assigned to each task:
          930     1110      393     1161     1098      396      936      357
          942     1116      378     1152     1098      330     1137      387
         1131     1125      402     1116     1128      363     1125      357
         1137     1134      390     1170     1152      390     1134      363
         1158     1146      366     1170     1125      399     1110      399
         1158     1167      363     1140     1125      366     1146      390
         1128     1155      402     1140     1125      363     1155      393
         1128     1095      381     1128     1167      285      939      276

Atom Distribution No.    50 at run step  133045:

  Count of atoms assigned to each task:
          924     1110      411     1152     1110      402      930      351
         1104     1110      402     1137      942      336     1131      399
         1131     1134      399     1107     1125      348     1110      366
         1152     1116      408     1143     1164      396     1137      357
         1137     1131      372     1164     1119      399     1110      411
         1158     1173      381     1158     1110      372     1140      396
         1143     1167      387     1110     1131      375     1143      399
         1131     1086      366     1152     1146      309      921      285

Atom Distribution No.    51 at run step  135899:

  Count of atoms assigned to each task:
         1086     1104      384     1137      957      360      915      339
         1086     1104      393     1134     1080      330     1152      381
         1158     1146      387     1110     1122      354     1134      381
         1149     1110      372     1173     1176      375     1152      351
         1158     1170      408     1167     1143      402     1116      381
         1161     1158      369     1143     1125      399     1143      375
         1134     1134      387     1128     1155      351     1134      375
          951     1077      372     1137     1140      375      927      339

Atom Distribution No.    52 at run step  138719:

  Count of atoms assigned to each task:
          933     1110      381     1140     1134      375      945      339
          936     1110      399     1155     1089      336     1134      354
         1149     1131      384     1098     1119      363     1140      339
         1110     1110      384     1179     1176      366     1125      363
         1134     1161      402     1161     1134      405     1119      402
         1170     1167      366     1167     1134      363     1149      381
         1137     1164      402     1125     1134      375     1149      393
         1119     1089      414     1140     1137      297      945      285

Atom Distribution No.    53 at run step  141501:

  Count of atoms assigned to each task:
          924     1107      390     1164     1116      381      939      348
          957     1113      390     1146     1098      330     1131      372
         1128     1128      396     1107     1131      345     1119      357
         1128     1113      369     1161     1167      372     1125      330
         1137     1140      363     1179     1125      396     1107      390
         1158     1191      372     1158     1119      369     1167      414
         1158     1170      387     1122     1146      369     1143      387
         1137     1107      390     1149     1137      333      939      285

Atom Distribution No.    54 at run step  144338:

  Count of atoms assigned to each task:
          921     1101      405     1158     1107      387      924      354
         1098     1128      396     1119      933      342     1131      384
         1137     1143      402     1101     1104      348     1125      378
         1119     1107      381     1131     1158      384     1128      351
         1140     1146      390     1170     1146      417     1110      411
         1167     1158      375     1143     1119      396     1137      414
         1146     1140      399     1143     1137      378     1143      387
         1131     1080      405     1146     1143      300      930      294

Atom Distribution No.    55 at run step  147147:

  Count of atoms assigned to each task:
          906     1116      396     1131     1116      387      915      342
         1092     1092      396     1131      933      360     1128      381
         1146     1131      408     1107     1128      357     1137      375
         1146     1119      402     1164     1170      384     1149      351
         1164     1140      387     1134     1146      405     1119      414
         1146     1158      375     1140     1125      390     1134      399
         1137     1140      396     1128     1146      378     1140      375
         1125     1080      405     1146     1122      309      930      297

Atom Distribution No.    56 at run step  149998:

  Count of atoms assigned to each task:
          933     1143      399     1137     1119      396      933      348
          933     1113      405     1137     1083      366     1131      393
         1137     1116      393     1095     1119      345     1122      375
         1104     1101      402     1140     1143      363     1125      366
         1128     1131      372     1137     1137      411     1104      414
         1149     1149      381     1155     1113      387     1146      420
         1158     1134      393     1143     1140      387     1158      414
         1119     1095      387     1149     1143      315      945      297

Atom Distribution No.    57 at run step  152835:

  Count of atoms assigned to each task:
          927     1110      396     1152     1113      393      933      339
         1092     1113      378     1125      951      345     1131      390
         1140     1125      408     1104     1125      354     1128      375
         1152     1116      378     1167     1143      372     1137      339
         1137     1173      378     1149     1125      384     1113      408
         1155     1149      387     1158     1140      393     1122      399
         1146     1146      396     1131     1134      375     1143      381
         1128     1092      399     1143     1137      309      954      291

Atom Distribution No.    58 at run step  155648:

  Count of atoms assigned to each task:
          915     1119      393     1140     1125      384      918      363
          939     1098      387     1131     1086      321     1122      402
         1146     1140      375     1104     1122      354     1122      363
         1158     1116      399     1152     1140      378     1158      348
         1140     1146      363     1164     1155      399     1113      402
         1155     1167      372     1155     1131      372     1149      399
         1140     1167      384     1134     1140      372     1155      423
         1131     1107      354     1146     1143      294      957      279

Atom Distribution No.    59 at run step  158472:

  Count of atoms assigned to each task:
          909     1119      405     1128     1134      381      900      345
          936     1092      399     1146     1086      354     1116      390
         1134     1146      390     1101     1107      345     1119      375
         1149     1110      384     1161     1146      396     1137      369
         1128     1146      366     1155     1155      396     1104      378
         1152     1140      378     1149     1137      378     1149      393
         1155     1176      405     1128     1140      372     1161      417
         1134     1092      390     1128     1143      354      936      282

Atom Distribution No.    60 at run step  161286:

  Count of atoms assigned to each task:
         1065     1116      402     1143     1122      414      906      348
          954     1113      375     1116     1053      351     1131      378
         1134     1143      402     1071     1113      342     1131      381
         1140     1110      399     1155     1134      399     1164      366
         1137     1134      357     1152     1143      408     1107      411
         1158     1167      390     1137     1125      372     1140      378
         1140     1149      399     1128     1146      381     1146      390
          963     1077      381     1152     1161      381      924      321

Atom Distribution No.    61 at run step  164147:

  Count of atoms assigned to each task:
          909     1125      408     1158     1107      381      897      354
          933     1116      399     1116     1065      324     1131      390
         1143     1152      399     1095     1122      369     1119      378
         1137     1122      393     1146     1140      393     1149      351
         1152     1137      342     1170     1164      378     1104      414
         1152     1191      408     1158     1110      351     1131      411
         1146     1140      390     1104     1143      369     1143      399
         1137     1089      402     1149     1149      378      918      276

Atom Distribution No.    62 at run step  167000:

  Count of atoms assigned to each task:
          918     1122      414     1149     1104      381      927      363
         1107     1113      396     1128      921      348     1125      378
         1134     1137      402     1098     1113      348     1128      375
         1125     1104      375     1149     1155      381     1128      378
         1137     1140      402     1149     1155      390     1116      405
         1146     1188      393     1134     1107      375     1152      393
         1125     1143      399     1116     1161      378     1140      384
         1131     1089      411     1143     1146      342      921      291

Atom Distribution No.    63 at run step  169869:

  Count of atoms assigned to each task:
          930     1131      399     1131     1113      387      927      351
          945     1104      390     1119     1086      351     1131      381
         1128     1137      402     1101     1125      360     1125      372
         1134     1113      402     1170     1158      381     1140      339
         1137     1170      369     1173     1134      363     1116      375
         1161     1161      378     1122     1137      363     1146      387
         1146     1128      393     1131     1149      393     1161      399
         1128     1098      429     1182     1128      303      924      279

Atom Distribution No.    64 at run step  172735:

  Count of atoms assigned to each task:
         1080     1119      399     1140     1149      417      927      345
          960     1107      381     1131     1080      351     1140      381
         1125     1125      402     1089     1122      351     1101      360
         1116     1104      408     1155     1146      402     1131      351
         1149     1158      372     1152     1122      396     1119      393
         1152     1173      375     1155     1140      363     1131      393
         1155     1128      396     1143     1143      336     1140      408
          966     1095      372     1146     1140      366      930      324

Atom Distribution No.    65 at run step  175586:

  Count of atoms assigned to each task:
          912     1110      399     1149     1113      387      921      345
         1113     1110      390     1107      915      342     1125      381
         1128     1137      396     1110     1122      357     1122      363
         1143     1131      405     1170     1161      387     1152      348
         1155     1152      384     1179     1146      399     1116      405
         1161     1176      372     1137     1125      366     1149      384
         1140     1125      372     1116     1146      375     1155      381
         1131     1092      414     1158     1143      312      942      267

Atom Distribution No.    66 at run step  178425:

  Count of atoms assigned to each task:
          915     1101      375     1152     1125      387      915      366
         1113     1116      405     1116      948      318     1134      378
         1152     1152      402     1101     1128      351     1146      375
         1155     1122      375     1197     1164      366     1137      360
         1146     1161      381     1167     1140      408     1119      402
         1158     1188      348     1161     1125      342     1158      372
         1134     1143      360     1125     1146      366     1149      417
         1122     1077      396     1149     1134      288      936      261

Atom Distribution No.    67 at run step  181235:

  Count of atoms assigned to each task:
          927     1128      411     1155     1119      408      933      378
          957     1125      402     1125     1098      342     1149      387
         1125     1125      402     1101     1137      372     1116      375
         1128     1122      384     1167     1149      384     1134      354
         1143     1140      390     1143     1128      387     1116      399
         1149     1164      342     1146     1128      366     1119      372
         1146     1134      399     1149     1140      384     1140      408
         1110     1086      408     1161     1134      282      927      267

Atom Distribution No.    68 at run step  184079:

  Count of atoms assigned to each task:
          918     1128      387     1152     1125      390      930      378
          954     1131      405     1125     1074      360     1143      381
         1137     1122      396     1104     1116      369     1116      372
         1134     1128      363     1161     1134      369     1146      330
         1155     1134      375     1155     1146      387     1119      396
         1155     1188      372     1158     1125      357     1155      396
         1155     1131      372     1125     1167      378     1152      393
         1122     1092      396     1161     1140      279      936      276

Atom Distribution No.    69 at run step  186911:

  Count of atoms assigned to each task:
         1080     1101      423     1140     1131      423      918      357
          951     1128      384     1119     1083      348     1134      384
         1155     1146      405     1098     1116      360     1131      375
         1131     1116      378     1158     1158      402     1131      348
         1137     1161      393     1149     1125      417     1113      405
         1182     1164      366     1140     1131      369     1134      351
         1143     1125      360     1137     1125      384     1131      390
          939     1092      366     1146     1140      351      921      327

Atom Distribution No.    70 at run step  189721:

  Count of atoms assigned to each task:
         1071     1134      405     1140     1143      402      915      342
          954     1122      375     1146     1092      360     1149      372
         1128     1122      363     1110     1113      357     1131      366
         1122     1128      369     1170     1155      384     1128      345
         1134     1155      366     1161     1137      372     1113      378
         1176     1155      357     1158     1140      384     1155      369
         1152     1134      402     1143     1164      387     1152      366
          942     1083      351     1158     1146      378      909      336

Atom Distribution No.    71 at run step  192556:

  Count of atoms assigned to each task:
         1086     1137      393     1131     1122      420      918      360
          951     1104      378     1119     1086      381     1149      381
         1113     1119      375     1107     1122      369     1113      375
         1116     1122      384     1161     1158      405     1113      363
         1152     1146      387     1146     1125      375     1110      417
         1164     1161      375     1152     1128      387     1161      393
         1146     1116      408     1128     1134      375     1137      381
          936     1077      360     1158     1116      378      924      342

Atom Distribution No.    72 at run step  195393:

  Count of atoms assigned to each task:
          924     1113      390     1134     1107      390      924      354
          948     1098      399     1110     1077      351     1134      390
         1140     1134      408     1098     1122      366     1113      390
         1140     1107      393     1161     1149      390     1152      372
         1149     1146      354     1149     1152      381     1116      381
         1125     1161      399     1143     1119      378     1131      390
         1125     1140      420     1140     1137      387     1140      411
         1119     1101      417     1125     1128      381      918      285

Atom Distribution No.    73 at run step  198253:

  Count of atoms assigned to each task:
         1071     1122      390     1146     1131      411      912      348
          957     1122      381     1128     1092      354     1146      372
         1137     1128      408     1107     1125      363     1122      366
         1122     1125      387     1170     1161      396     1122      360
         1149     1149      375     1158     1134      387     1116      399
         1143     1161      375     1152     1119      366     1134      372
         1140     1146      390     1122     1131      363     1143      396
          954     1080      420     1134     1131      360      921      324

Atom Distribution No.    74 at run step  201049:

  Count of atoms assigned to each task:
          921     1122      405     1140     1113      381      933      339
          945     1116      402     1125     1077      351     1122      372
         1143     1140      381     1101     1128      354     1128      366
         1113     1122      372     1182     1140      375     1134      354
         1158     1158      378     1155     1146      372     1134      366
         1149     1182      387     1167     1134      372     1137      372
         1149     1143      426     1140     1146      396     1137      399
         1119     1095      420     1161     1125      294      927      285

Major Routine Parallel Profiling - NonSetup CPU Seconds:

           D                                                              
           a                                                              
           t                                                              
           a                              D                               
           D         N                    i                               
           i         o                    h                               
           s         n             A      e      S      R      O         T
   T       t         B      B      n      d      h      u      t         o
   a       r         o      o      g      r      a      n      h         t
   s       i         n      n      l      a      k      M      e         a
   k       b         d      d      e      l      e      D      r         l
------------------------------------------------------------------------------
   0   404.1     869.8    0.6   10.5   44.2    5.2   57.3   17.5    1409.3
   1   377.5     944.1    0.1    0.1    0.1    7.1   66.5   17.8    1413.2
   2   504.5     838.7    0.1    0.1    0.1    2.5   31.3   18.1    1395.4
   3   370.0     946.4    0.1    0.1    0.1    7.3   69.4   17.8    1411.1
   4   380.4     924.7    0.2    2.5   11.0    6.6   65.2   18.0    1408.6
   5   495.6     841.3    0.1    0.1    0.1    2.5   31.4   18.1    1389.1
   6   399.5     864.0    0.8   12.8   56.7    4.8   58.1   18.5    1415.2
   7   502.0     835.6    0.1    0.1    0.1    2.4   30.3   17.8    1388.3
   8   403.1     886.0    0.5    8.4   35.7    5.8   60.9   18.0    1418.4
   9   374.8     942.4    0.1    0.1    0.1    7.2   68.1   18.1    1410.8
  10   497.9     839.3    0.1    0.1    0.1    2.5   31.2   18.3    1389.4
  11   378.8     924.4    0.2    3.2   13.6    6.5   64.1   17.5    1408.2
  12   382.3     923.9    0.2    3.0   12.8    6.4   64.0   17.9    1410.6
  13   514.2     829.1    0.1    0.1    0.1    2.3   30.7   18.0    1394.5
  14   378.4     946.3    0.1    0.1    0.1    7.2   68.1   17.8    1418.1
  15   501.7     833.6    0.1    0.1    0.1    2.6   33.8   17.5    1389.4
  16   364.3     944.8    0.1    0.1    0.1    7.3   68.9   18.0    1403.5
  17   374.3     942.6    0.1    0.1    0.1    7.1   66.5   17.8    1408.6
  18   494.2     839.8    0.1    0.1    0.1    2.6   31.5   18.0    1386.2
  19   369.4     945.2    0.1    0.1    0.1    7.1   67.6   17.7    1407.3
  20   371.1     941.9    0.1    0.1    0.1    7.1   69.5   17.8    1407.7
  21   512.2     830.0    0.1    0.1    0.1    2.4   29.1   17.8    1391.6
  22   364.3     945.4    0.1    0.1    0.1    7.1   69.0   18.0    1404.1
  23   497.3     836.0    0.1    0.1    0.1    2.5   31.0   17.5    1384.5
  24   361.6     946.0    0.1    0.1    0.1    7.2   68.6   17.9    1401.5
  25   368.4     944.8    0.1    0.1    0.1    7.2   69.1   18.0    1407.6
  26   499.4     839.3    0.1    0.1    0.1    2.6   31.5   18.0    1391.0
  27   367.3     948.1    0.1    0.1    0.1    7.4   68.3   17.1    1408.3
  28   362.7     947.1    0.1    0.1    0.1    7.3   68.5   17.6    1403.4
  29   499.9     838.2    0.1    0.1    0.1    2.5   31.8   18.0    1390.7
  30   364.6     944.3    0.1    0.1    0.1    7.2   69.1   17.7    1403.2
  31   504.3     836.2    0.1    0.1    0.1    2.4   30.6   17.4    1391.1
  32   369.0     944.0    0.1    0.1    0.1    7.3   68.8   17.6    1407.0
  33   373.5     942.5    0.1    0.1    0.1    7.3   68.9   17.9    1410.4
  34   498.0     838.7    0.1    0.1    0.1    2.6   32.0   17.9    1389.4
  35   362.1     946.5    0.1    0.1    0.1    7.3   69.3   17.5    1402.8
  36   360.6     944.3    0.1    0.1    0.1    7.3   69.9   17.8    1400.2
  37   495.8     842.0    0.1    0.1    0.1    2.7   32.8   17.8    1391.2
  38   366.4     946.7    0.1    0.1    0.1    7.1   69.9   17.9    1408.3
  39   501.6     841.9    0.1    0.1    0.1    2.6   32.5   17.6    1396.4
  40   363.3     945.1    0.1    0.1    0.1    7.3   70.2   17.8    1403.9
  41   363.0     947.4    0.1    0.1    0.1    7.4   69.1   17.7    1404.9
  42   500.9     834.8    0.1    0.1    0.1    2.6   31.4   17.9    1387.7
  43   368.0     945.2    0.1    0.1    0.1    7.4   69.0   17.3    1407.1
  44   372.2     946.2    0.1    0.1    0.1    7.1   69.2   17.6    1412.5
  45   513.5     836.5    0.1    0.1    0.1    2.5   32.2   17.8    1402.8
  46   370.6     944.2    0.1    0.1    0.1    7.2   69.9   17.8    1409.8
  47   505.4     840.7    0.1    0.1    0.1    2.6   31.8   17.2    1397.9
  48   363.4     943.6    0.1    0.1    0.1    7.3   70.1   17.5    1402.1
  49   373.7     946.0    0.1    0.1    0.1    7.3   68.7   17.5    1413.5
  50   495.9     842.1    0.1    0.1    0.1    2.6   31.6   17.7    1390.1
  51   354.0     950.2    0.1    0.1    0.1    7.1   67.3   17.3    1396.2
  52   369.0     943.6    0.1    0.1    0.1    7.2   68.7   17.4    1406.1
  53   504.3     838.3    0.1    0.1    0.1    2.5   31.5   17.7    1394.5
  54   366.2     944.6    0.1    0.1    0.1    7.2   69.9   17.4    1405.5
  55   486.0     837.3    0.1    0.1    0.1    2.6   32.0   17.0    1375.2
  56   374.3     914.1    0.3    4.9   20.4    6.4   63.3   17.3    1400.9
  57   380.7     939.6    0.1    0.1    0.1    6.8   63.3   17.2    1407.8
  58   495.6     839.9    0.1    0.1    0.1    2.6   31.4   17.5    1387.2
  59   367.0     946.6    0.1    0.1    0.1    7.3   69.6   16.7    1407.5
  60   370.2     945.8    0.1    0.1    0.1    7.3   70.6   17.2    1411.3
  61   522.1     832.1    0.1    0.1    0.1    2.2   28.1   17.1    1401.8
  62   427.4     836.1    0.9   16.3   65.4    4.6   54.2   17.3    1422.2
  63   520.7     828.5    0.1    0.1    0.1    2.0   26.0   16.5    1394.1
------------------------------------------------------------------------------
 avg   421.8     898.0    0.1    1.0    4.1    5.3   53.7   17.7    1401.7
         0.0
 min   354.0     828.5    0.1    0.1    0.1    2.0   26.0   16.5    1375.2
         0.0
 max   522.1     950.2    0.9   16.3   65.4    7.4   70.6   18.5    1422.2
         0.0
 std    63.7      51.3    0.2    3.0   12.8    2.2   17.7    0.4       9.7
         0.0
------------------------------------------------------------------------------

PME NonBond Parallel Profiling - NonSetup CPU Seconds:

                     D                           
           P         i         R                 
           a         r         e      L          
           i         e         c      o          
           r         c         i      a         T
   T       l         t         p      d         o
   a       i         F         F      B         t
   s       s         r         r      a         a
   k       t         c         c      l         l
-------------------------------------------------
   0   161.2     708.0       0.0    0.5     869.6
   1   176.8     766.4       0.0    0.7     943.9
   2    92.6     279.7     465.7    0.5     838.5
   3   181.4     764.3       0.0    0.5     946.2
   4   175.3     748.7       0.0    0.5     924.5
   5    93.7     296.6     450.2    0.5     841.1
   6   174.0     689.2       0.0    0.6     863.8
   7    88.3     281.6     465.0    0.5     835.3
   8   168.9     716.4       0.0    0.5     885.8
   9   179.9     761.8       0.0    0.5     942.2
  10    93.2     281.0     464.3    0.5     839.0
  11   175.5     748.0       0.0    0.7     924.2
  12   177.1     746.0       0.0    0.6     923.7
  13    86.1     255.9     486.3    0.5     828.9
  14   178.7     766.6       0.0    0.9     946.1
  15    90.2     275.4     467.3    0.5     833.4
  16   181.2     762.9       0.0    0.5     944.6
  17   177.6     763.9       0.0    0.9     942.4
  18    93.6     289.3     455.8    0.7     839.5
  19   182.1     762.4       0.0    0.6     945.0
  20   179.8     761.3       0.0    0.6     941.7
  21    85.1     254.1     489.6    1.0     829.8
  22   181.6     763.0       0.0    0.7     945.3
  23    89.2     274.8     471.2    0.6     835.8
  24   180.9     764.3       0.0    0.6     945.8
  25   181.1     762.7       0.0    0.8     944.6
  26    92.7     281.7     463.9    0.8     839.1
  27   179.0     767.7       0.0    1.2     947.9
  28   181.1     764.7       0.0    1.0     946.8
  29    89.2     272.0     476.0    0.8     838.0
  30   181.4     761.8       0.0    0.9     944.1
  31    87.6     259.0     488.5    0.8     836.0
  32   178.6     764.2       0.0    0.9     943.8
  33   177.7     763.6       0.0    1.0     942.3
  34    90.4     283.6     463.6    0.8     838.5
  35   178.4     766.9       0.0    0.9     946.3
  36   179.8     763.6       0.0    0.8     944.1
  37    93.4     292.5     455.0    0.8     841.7
  38   181.0     764.8       0.0    0.8     946.5
  39    90.8     288.7     461.4    0.8     841.6
  40   180.3     763.9       0.0    0.8     944.9
  41   178.7     767.5       0.0    1.1     947.2
  42    89.1     277.6     467.0    0.8     834.6
  43   178.1     765.7       0.0    1.1     944.9
  44   181.7     763.4       0.0    0.9     945.9
  45    89.6     273.5     472.3    0.9     836.3
  46   180.7     762.4       0.0    0.9     944.0
  47    88.8     274.5     476.0    1.2     840.5
  48   179.9     762.6       0.0    0.9     943.4
  49   179.4     765.3       0.0    1.1     945.8
  50    93.8     293.9     453.1    1.0     841.8
  51   181.3     767.7       0.0    0.9     950.0
  52   178.5     763.8       0.0    1.0     943.4
  53    90.2     274.7     472.2    0.9     838.0
  54   179.5     763.7       0.0    1.1     944.3
  55    92.9     283.8     459.5    0.9     837.1
  56   173.7     739.2       0.0    0.9     913.8
  57   171.8     766.3       0.0    1.3     939.4
  58    94.1     288.5     456.2    0.9     839.7
  59   181.2     764.3       0.0    0.9     946.4
  60   181.1     763.4       0.0    1.0     945.5
  61    81.3     236.7     512.7    1.1     831.9
  62   156.0     678.8       0.0    1.1     835.9
  63    77.6     227.0     522.5    1.2     828.3
-------------------------------------------------
 avg   144.8     575.4     176.8    0.8     897.8
-------------------------------------------------
