
Initial FFT Block Distribution Based on Workload Estimate:

  FFT blocks assigned to   12 tasks

First FFT Block Distribution Based on Actual Workload:

  FFT blocks assigned to   24 tasks

Image Distribution at run step     320:

  Count of images assigned to each task:
          984     1232      526     1208     1116      373     1168      410
         1421     1019      316     1004     1215      362     1352      366
         1177     1189      346     1386     1190      284     1185      298
         1458     1204      367     1182     1360      460     1197      323
         1193     1256      503     1223     1175      368     1248      576
         1254     1192      283     1253     1458      310     1178      354
         1206     1472      374     1192     1128      321     1390      365
         1180      977      346     1188     1464      301      967      242

Atom Distribution No.     4 at run step    2886:

  Count of atoms assigned to each task:
          975     1212      507     1263     1122      381     1140      393
         1422     1014      318      987     1209      345     1341      384
         1158     1185      339     1407     1197      273     1197      285
         1443     1215      378     1194     1332      489     1212      348
         1197     1320      462     1227     1206      378     1320      570
         1218     1194      264     1284     1437      291     1176      348
         1227     1440      357     1185     1137      315     1419      321
         1185      966      324     1203     1458      297      981      243

Atom Distribution No.     5 at run step    5705:

  Count of atoms assigned to each task:
         1125     1266      528     1194      984      336      972      369
         1428     1173      318      990     1188      339     1353      381
         1155     1188      354     1395     1197      276     1167      291
         1395     1260      348     1188     1212      531     1263      327
         1200     1212      465     1314     1191      357     1236      618
         1281     1197      288     1257     1488      333     1179      384
         1188     1434      402     1179     1143      315     1320      384
         1224      981      342     1158     1491      318      990      255

Atom Distribution No.     6 at run step    8524:

  Count of atoms assigned to each task:
         1128     1296      477     1206      984      339      987      384
         1416     1191      330     1002     1212      357     1356      378
         1170     1200      351     1410     1194      258     1191      306
         1443     1224      336     1194     1359      438     1197      324
         1194     1284      450     1245     1191      369     1329      588
         1218     1188      279     1257     1458      324     1158      354
         1179     1464      372     1182     1143      321     1392      342
         1194      981      339     1155     1446      327      987      267

Atom Distribution No.     7 at run step   11331:

  Count of atoms assigned to each task:
         1122     1263      438     1218      972      330      981      360
         1422     1179      321      978     1185      303     1359      372
         1146     1182      345     1407     1197      270     1188      300
         1422     1245      342     1188     1284      519     1227      306
         1197     1236      516     1281     1212      360     1278      630
         1242     1200      291     1266     1461      336     1197      390
         1188     1443      405     1194     1134      327     1383      330
         1212      978      339     1197     1434      324      987      276

Atom Distribution No.     8 at run step   14149:

  Count of atoms assigned to each task:
         1122     1266      504     1203      981      354      984      399
         1377     1167      354      981     1203      354     1332      396
         1152     1179      366     1383     1170      291     1161      327
         1416     1209      354     1170     1287      558     1197      351
         1194     1275      510     1221     1194      366     1281      630
         1206     1191      315     1260     1416      351     1185      393
         1203     1410      408     1182     1140      342     1338      342
         1173      969      351     1200     1419      342      972      288

Atom Distribution No.     9 at run step   16954:

  Count of atoms assigned to each task:
         1122     1284      459     1209      978      342     1143      390
         1365     1188      372     1017     1056      339     1344      381
         1176     1197      366     1368     1203      267     1179      300
         1431     1221      357     1185     1413      411     1203      324
         1212     1434      369     1233     1194      360     1467      447
         1215     1212      306     1332     1386      312     1185      366
         1221     1413      387     1173     1128      327     1380      348
         1179      966      327     1209     1380      312      975      270

Atom Distribution No.    10 at run step   19789:

  Count of atoms assigned to each task:
         1140     1245      426     1221      984      351      972      390
         1386     1044      345     1152     1221      342     1347      396
         1164     1197      366     1365     1203      279     1182      321
         1434     1212      357     1203     1398      405     1182      312
         1203     1422      381     1212     1188      351     1434      483
         1197     1188      306     1323     1398      333     1182      363
         1221     1416      399     1188     1131      339     1335      363
         1032     1134      342     1197     1380      342     1002      288

Atom Distribution No.    11 at run step   22582:

  Count of atoms assigned to each task:
         1137     1263      426     1221      981      357     1146      456
         1350     1191      381      990     1038      378     1308      411
         1149     1188      390     1347     1191      276     1176      309
         1392     1221      378     1182     1281      543     1197      330
         1203     1377      447     1209     1209      363     1428      510
         1188     1197      309     1314     1395      318     1176      363
         1224     1410      381     1176     1134      348     1344      369
         1194      966      342     1224     1353      318      981      261

Atom Distribution No.    12 at run step   25360:

  Count of atoms assigned to each task:
         1137     1239      369     1281      987      342      984      402
         1365     1068      342     1143     1212      339     1332      384
         1164     1191      381     1359     1209      276     1182      297
         1413     1233      357     1200     1269      534     1215      342
         1200     1422      423     1239     1209      315     1437      486
         1212     1203      306     1308     1380      324     1188      384
         1206     1407      375     1191     1149      327     1371      336
         1029     1149      336     1206     1347      324      996      282

Atom Distribution No.    13 at run step   28176:

  Count of atoms assigned to each task:
          978     1203      372     1314     1137      384     1152      432
         1341     1221      357     1038     1089      327     1323      378
         1170     1200      357     1344     1179      288     1197      303
         1380     1227      360     1206     1287      471     1224      315
         1209     1392      420     1236     1203      342     1368      483
         1215     1212      324     1293     1389      345     1191      378
         1227     1371      402     1197     1143      345     1362      348
         1194      984      324     1230     1356      312      996      270

Atom Distribution No.    14 at run step   31011:

  Count of atoms assigned to each task:
         1113     1263      402     1269      969      366     1143      405
         1341     1050      351      978     1215      369     1305      390
         1158     1194      381     1344     1209      297     1194      336
         1386     1248      405     1197     1260      501     1227      351
         1191     1284      477     1245     1200      348     1275      552
         1239     1197      306     1287     1383      360     1197      396
         1224     1383      408     1200     1149      360     1332      351
         1020     1131      345     1230     1320      324     1002      282

Atom Distribution No.    15 at run step   33836:

  Count of atoms assigned to each task:
         1149     1245      378     1284      993      360      996      399
         1314     1236      351     1020     1203      369     1296      378
         1179     1188      372     1353     1197      294     1197      336
         1386     1233      390     1212     1254      456     1245      354
         1209     1284      447     1287     1203      348     1299      525
         1281     1218      306     1275     1386      354     1191      372
         1239     1350      393     1203     1152      333     1269      351
         1218      978      318     1215     1338      354     1011      291

Atom Distribution No.    16 at run step   36622:

  Count of atoms assigned to each task:
         1149     1284      390     1287      999      330     1005      393
         1326     1227      348     1029     1242      339     1284      369
         1194     1221      348     1338     1218      273     1215      312
         1368     1233      378     1233     1275      465     1242      357
         1215     1311      411     1269     1212      345     1323      489
         1266     1209      306     1338     1362      318     1188      357
         1239     1386      396     1212     1146      321     1305      345
         1215      999      309     1197     1326      333     1017      279

Atom Distribution No.    17 at run step   39422:

  Count of atoms assigned to each task:
         1143     1239      378     1281     1008      339     1002      393
         1290     1263      366      996     1221      363     1275      378
         1182     1215      360     1326     1215      291     1197      330
         1377     1224      384     1191     1269      444     1245      342
         1209     1254      393     1329     1200      345     1266      453
         1326     1218      318     1278     1407      369     1200      402
         1242     1371      411     1239     1158      357     1281      360
         1212      993      315     1200     1308      354     1014      306

Atom Distribution No.    18 at run step   42225:

  Count of atoms assigned to each task:
         1131     1221      408     1242      984      357     1155      438
         1257     1215      420     1005     1050      366     1242      411
         1176     1197      390     1305     1200      324     1182      354
         1335     1233      417     1206     1251      504     1227      384
         1230     1263      429     1275     1218      369     1230      435
         1293     1218      330     1254     1341      372     1209      402
         1224     1350      429     1227     1137      363     1281      399
         1245      996      321     1197     1326      345     1017      303

Atom Distribution No.    19 at run step   45040:

  Count of atoms assigned to each task:
          978     1218      393     1275     1017      354     1149      411
         1281     1233      372     1011     1230      360     1266      369
         1179     1209      366     1320     1221      294     1194      333
         1365     1239      387     1215     1266      441     1251      342
         1224     1275      396     1311     1221      363     1275      399
         1329     1224      318     1296     1356      372     1224      384
         1254     1320      399     1224     1185      381     1275      369
         1221     1014      324     1206     1329      303     1023      282

Atom Distribution No.    20 at run step   47857:

  Count of atoms assigned to each task:
          981     1200      384     1317     1026      369     1140      396
         1224     1317      378     1029     1188      348     1242      411
         1239     1191      372     1242     1308      339     1194      387
         1254     1314      405     1272     1206      402     1242      357
         1317     1221      363     1251     1359      378     1215      366
         1218     1248      354     1329     1245      354     1200      387
         1317     1260      393     1203     1188      393     1284      348
         1215      996      357     1251     1299      312     1038      282

Atom Distribution No.    21 at run step   50665:

  Count of atoms assigned to each task:
          981     1212      378     1323     1170      378      990      393
         1233     1311      369      999     1188      336     1248      408
         1224     1182      372     1257     1302      330     1182      375
         1251     1269      426     1254     1209      390     1200      384
         1338     1224      375     1209     1272      408     1284      372
         1203     1239      375     1356     1221      384     1227      402
         1332     1281      432     1203     1200      369     1311      360
         1062     1140      384     1266     1272      291     1029      270

Atom Distribution No.    22 at run step   53472:

  Count of atoms assigned to each task:
         1158     1233      375     1281     1014      372      996      405
         1209     1269      387     1002     1164      351     1209      402
         1212     1197      366     1233     1269      387     1212      405
         1266     1263      435     1293     1215      402     1236      393
         1311     1215      387     1233     1254      426     1248      372
         1206     1224      363     1341     1227      390     1218      405
         1326     1257      435     1176     1194      372     1284      372
         1041     1146      384     1242     1269      360     1023      303

Atom Distribution No.    23 at run step   56305:

  Count of atoms assigned to each task:
         1143     1218      408     1254     1011      375      993      402
         1188     1275      399     1014     1164      336     1194      414
         1218     1197      396     1221     1248      378     1200      402
         1245     1254      444     1257     1206      414     1218      423
         1332     1230      396     1233     1284      459     1221      378
         1227     1251      372     1314     1230      384     1212      405
         1308     1248      435     1179     1203      390     1281      375
         1029     1149      402     1236     1254      375     1002      312

Atom Distribution No.    24 at run step   59111:

  Count of atoms assigned to each task:
         1011     1206      369     1296     1044      345     1146      414
         1230     1299      402     1026     1218      336     1221      378
         1260     1224      372     1257     1275      327     1227      369
         1281     1278      405     1254     1212      387     1248      384
         1326     1227      339     1257     1308      369     1254      366
         1245     1239      366     1332     1254      369     1239      357
         1311     1260      405     1194     1206      393     1290      318
         1047     1161      381     1263     1248      297     1032      261

Atom Distribution No.    25 at run step   61928:

  Count of atoms assigned to each task:
         1143     1230      396     1263     1026      366      987      420
         1212     1257      408     1005     1194      357     1209      399
         1245     1206      381     1239     1248      387     1203      411
         1260     1281      420     1269     1197      411     1233      429
         1311     1233      372     1221     1275      432     1242      390
         1206     1218      384     1317     1227      387     1221      411
         1263     1230      441     1191     1182      411     1233      387
         1044     1155      369     1224     1230      372     1014      330

Atom Distribution No.    26 at run step   64726:

  Count of atoms assigned to each task:
         1140     1209      414     1254     1017      375      978      411
         1224     1251      408      996     1200      363     1194      399
         1227     1197      393     1248     1245      375     1215      402
         1257     1242      429     1254     1236      429     1233      420
         1296     1251      381     1239     1275      429     1257      390
         1218     1242      375     1302     1212      387     1236      381
         1254     1233      429     1206     1224      408     1236      381
         1041     1170      393     1221     1242      354     1005      312

Atom Distribution No.    27 at run step   67525:

  Count of atoms assigned to each task:
         1155     1212      390     1230     1017      384      996      408
         1209     1224      417     1008     1188      369     1212      399
         1224     1200      414     1251     1245      381     1200      408
         1260     1251      429     1224     1218      414     1227      429
         1275     1212      399     1242     1275      420     1251      402
         1221     1251      375     1251     1260      408     1218      417
         1230     1239      432     1215     1206      402     1230      405
         1032     1167      408     1239     1209      378     1005      348

Atom Distribution No.    28 at run step   70383:

  Count of atoms assigned to each task:
         1146     1218      396     1245     1023      390      981      438
         1224     1251      408      999     1224      381     1215      399
         1212     1200      399     1260     1221      384     1224      405
         1284     1242      420     1254     1203      423     1215      408
         1245     1221      369     1236     1239      414     1257      390
         1218     1230      375     1263     1239      399     1230      411
         1245     1239      447     1230     1185      405     1233      387
         1041     1161      411     1233     1227      387     1011      345

Atom Distribution No.    29 at run step   73246:

  Count of atoms assigned to each task:
         1143     1212      432     1245     1017      384     1161      468
         1206     1245      468     1005     1062      378     1215      405
         1197     1218      414     1251     1209      381     1194      414
         1296     1245      423     1233     1206      411     1212      435
         1236     1233      399     1236     1227      393     1233      402
         1227     1236      381     1260     1254      402     1230      396
         1227     1248      441     1200     1182      405     1236      399
         1035     1164      405     1227     1245      354     1002      315

Atom Distribution No.    30 at run step   76092:

  Count of atoms assigned to each task:
         1146     1233      399     1239     1023      378     1014      432
         1218     1233      417      990     1224      381     1215      396
         1197     1218      396     1245     1215      384     1185      420
         1272     1251      438     1239     1206      420     1227      414
         1269     1236      405     1236     1224      411     1254      402
         1206     1221      381     1257     1230      399     1218      426
         1254     1224      444     1209     1209      402     1242      396
         1047     1167      402     1233     1230      375     1005      336

Atom Distribution No.    31 at run step   78940:

  Count of atoms assigned to each task:
         1146     1227      411     1260     1023      372      999      426
         1218     1260      405     1011     1221      375     1245      390
         1221     1215      402     1263     1245      366     1206      399
         1278     1230      414     1257     1203      399     1218      402
         1269     1239      372     1251     1254      396     1245      375
         1218     1233      369     1251     1224      402     1215      390
         1239     1242      432     1224     1212      384     1230      384
         1065     1173      393     1245     1248      378     1023      333

Atom Distribution No.    32 at run step   81783:

  Count of atoms assigned to each task:
         1152     1236      405     1257     1041      387     1005      441
         1206     1251      399     1020     1218      372     1233      405
         1224     1218      393     1263     1239      369     1191      405
         1275     1257      405     1245     1194      417     1215      408
         1251     1242      393     1227     1230      396     1251      396
         1224     1227      369     1263     1248      396     1215      402
         1242     1251      438     1197     1203      393     1236      396
         1050     1164      390     1236     1233      372     1014      324

Atom Distribution No.    33 at run step   84602:

  Count of atoms assigned to each task:
         1140     1224      393     1239     1020      384     1005      420
         1209     1248      408     1011     1203      384     1215      402
         1212     1215      402     1263     1227      366     1194      402
         1260     1266      417     1242     1203      390     1221      438
         1278     1236      399     1218     1242      399     1245      405
         1215     1236      381     1275     1266      405     1221      411
         1236     1260      435     1212     1182      417     1245      393
         1035     1149      405     1242     1233      372     1008      336

Atom Distribution No.    34 at run step   87412:

  Count of atoms assigned to each task:
         1143     1203      438     1248     1026      384     1005      435
         1212     1245      411      993     1200      387     1242      399
         1200     1197      426     1236     1230      387     1209      411
         1266     1227      414     1248     1215      408     1212      438
         1257     1236      393     1233     1242      384     1257      426
         1218     1242      381     1257     1245      411     1215      402
         1227     1227      453     1206     1191      417     1224      381
         1044     1146      411     1230     1212      387     1011      354

Atom Distribution No.    35 at run step   90242:

  Count of atoms assigned to each task:
         1155     1209      423     1266     1038      375      993      420
         1233     1257      411     1011     1206      381     1260      399
         1212     1215      399     1257     1233      357     1197      414
         1278     1239      405     1230     1203      414     1224      411
         1236     1233      408     1230     1233      378     1257      405
         1224     1233      375     1275     1260      399     1212      396
         1248     1248      432     1200     1209      402     1218      390
         1038     1155      405     1242     1233      375     1011      330

Atom Distribution No.    36 at run step   93029:

  Count of atoms assigned to each task:
         1143     1227      441     1251     1020      381      996      423
         1212     1263      408     1002     1206      390     1233      405
         1209     1200      405     1245     1224      384     1188      432
         1257     1227      420     1239     1206      399     1200      414
         1251     1248      393     1221     1245      402     1239      414
         1227     1239      375     1248     1242      405     1230      408
         1218     1251      438     1218     1188      405     1239      399
         1029     1149      411     1245     1236      405     1002      345

Atom Distribution No.    37 at run step   95837:

  Count of atoms assigned to each task:
         1155     1218      429     1248     1026      402      993      432
         1191     1242      429      987     1191      381     1242      411
         1200     1206      414     1242     1230      390     1194      435
         1254     1257      429     1227     1185      399     1227      420
         1227     1200      420     1236     1230      414     1227      405
         1212     1224      384     1263     1236      414     1218      438
         1236     1233      462     1203     1200      411     1218      411
         1047     1149      405     1209     1221      411     1014      351

Atom Distribution No.    38 at run step   98659:

  Count of atoms assigned to each task:
         1158     1239      420     1257     1029      387     1005      420
         1203     1239      396      999     1203      354     1239      390
         1221     1224      384     1245     1224      375     1215      402
         1260     1266      420     1248     1218      387     1227      432
         1269     1227      420     1242     1242      417     1236      387
         1188     1233      366     1275     1224      402     1221      414
         1233     1266      444     1200     1194      402     1227      405
         1038     1146      405     1242     1239      381     1002      342

Atom Distribution No.    39 at run step  101462:

  Count of atoms assigned to each task:
         1146     1206      396     1245     1017      381     1008      429
         1206     1260      402     1005     1212      372     1245      405
         1215     1236      396     1245     1212      363     1197      426
         1284     1230      420     1236     1221      423     1227      420
         1269     1245      396     1236     1236      408     1245      393
         1224     1230      378     1257     1215      399     1227      423
         1221     1254      444     1206     1209      402     1236      399
         1038     1140      405     1236     1236      378     1005      339

Atom Distribution No.    40 at run step  104292:

  Count of atoms assigned to each task:
         1149     1224      411     1251     1038      390      999      426
         1218     1254      411     1014     1197      375     1260      405
         1209     1221      387     1251     1221      366     1185      396
         1257     1245      414     1221     1191      429     1224      438
         1248     1224      402     1245     1260      384     1227      405
         1227     1248      378     1278     1224      399     1257      420
         1245     1239      435     1218     1200      396     1236      393
         1029     1164      402     1203     1212      384     1011      345

Atom Distribution No.    41 at run step  107114:

  Count of atoms assigned to each task:
         1146     1224      399     1257     1008      405      996      435
         1218     1239      405      984     1203      387     1266      414
         1176     1218      402     1248     1230      378     1179      417
         1263     1248      447     1221     1209      405     1206      423
         1257     1227      405     1233     1245      411     1236      405
         1212     1224      387     1245     1224      408     1218      438
         1212     1239      456     1221     1194      408     1236      402
         1047     1155      405     1230     1218      408     1011      342

Atom Distribution No.    42 at run step  109944:

  Count of atoms assigned to each task:
          993     1221      399     1260     1038      360     1173      423
         1236     1257      399     1020     1209      333     1275      372
         1236     1242      369     1272     1230      336     1233      369
         1284     1266      387     1242     1218      381     1236      396
         1278     1233      378     1245     1266      378     1257      369
         1230     1248      357     1266     1266      390     1245      414
         1251     1233      429     1236     1230      381     1245      363
         1062     1167      387     1272     1254      306     1035      279

Atom Distribution No.    43 at run step  112738:

  Count of atoms assigned to each task:
         1140     1206      420     1239     1023      387      993      435
         1200     1257      420      993     1197      369     1251      411
         1239     1197      393     1233     1221      393     1194      417
         1257     1239      429     1221     1188      408     1218      441
         1263     1230      372     1236     1245      408     1242      420
         1206     1221      396     1266     1218      402     1218      441
         1227     1230      456     1215     1197      417     1233      402
         1044     1149      408     1242     1218      384     1032      348

Atom Distribution No.    44 at run step  115548:

  Count of atoms assigned to each task:
         1143     1218      399     1245     1035      381     1002      420
         1245     1257      408     1014     1206      369     1254      402
         1251     1221      378     1254     1224      366     1206      408
         1284     1266      414     1233     1203      390     1227      420
         1239     1227      393     1233     1230      372     1242      405
         1230     1224      372     1266     1233      393     1251      411
         1248     1245      432     1197     1203      396     1236      393
         1041     1152      387     1239     1236      384     1017      345

Atom Distribution No.    45 at run step  118385:

  Count of atoms assigned to each task:
         1146     1236      438     1266     1026      384      993      429
         1227     1242      402      981     1191      378     1245      405
         1212     1197      408     1242     1233      378     1191      405
         1239     1248      447     1236     1191      420     1209      438
         1257     1230      402     1227     1236      387     1242      393
         1200     1209      381     1266     1224      408     1221      420
         1254     1245      447     1206     1188      405     1230      414
         1056     1152      396     1233     1230      399     1020      354

Atom Distribution No.    46 at run step  121175:

  Count of atoms assigned to each task:
         1161     1239      393     1269     1035      384      999      414
         1224     1254      402     1017     1197      363     1257      399
         1224     1206      402     1239     1236      375     1194      411
         1269     1242      420     1245     1203      402     1230      402
         1257     1236      402     1230     1254      375     1251      390
         1218     1239      378     1254     1233      381     1257      405
         1242     1230      438     1212     1188      396     1251      402
         1047     1158      387     1239     1251      369     1023      315

Atom Distribution No.    47 at run step  123984:

  Count of atoms assigned to each task:
         1146     1230      399     1239     1011      378      990      414
         1230     1242      417      981     1203      375     1254      408
         1236     1218      402     1263     1221      378     1215      411
         1260     1254      411     1242     1209      396     1221      420
         1266     1242      369     1233     1224      408     1227      408
         1209     1230      384     1260     1245      402     1212      429
         1236     1245      459     1212     1191      408     1239      396
         1050     1143      408     1248     1233      378     1005      342

Atom Distribution No.    48 at run step  126801:

  Count of atoms assigned to each task:
         1137     1218      435     1263     1005      393      984      444
         1224     1248      423      972     1188      384     1245      414
         1212     1203      411     1257     1221      375     1179      429
         1251     1239      429     1245     1191      435     1203      441
         1251     1236      402     1233     1224      393     1245      426
         1221     1230      390     1263     1236      411     1209      423
         1209     1257      462     1191     1179      417     1212      405
         1053     1140      408     1221     1230      393     1005      342

Atom Distribution No.    49 at run step  129624:

  Count of atoms assigned to each task:
         1167     1212      390     1254     1032      381     1011      417
         1218     1245      396      999     1203      360     1257      387
         1239     1221      384     1263     1218      372     1224      411
         1269     1254      414     1263     1215      405     1215      414
         1257     1257      390     1233     1227      366     1269      390
         1215     1242      372     1281     1218      390     1233      408
         1248     1236      432     1218     1200      393     1233      390
         1074     1149      387     1233     1239      369     1020      336

Atom Distribution No.    50 at run step  132434:

  Count of atoms assigned to each task:
         1164     1209      420     1260     1023      390      999      420
         1227     1251      402     1005     1200      369     1239      420
         1239     1224      405     1275     1245      378     1218      393
         1263     1245      414     1239     1197      435     1218      429
         1242     1224      411     1218     1215      393     1242      399
         1224     1233      372     1236     1221      411     1233      417
         1218     1221      444     1212     1203      396     1221      396
         1050     1149      399     1236     1230      387     1011      336

Atom Distribution No.    51 at run step  135246:

  Count of atoms assigned to each task:
         1146     1203      396     1251     1023      393      993      429
         1203     1257      417      987     1197      384     1251      414
         1239     1215      402     1281     1242      378     1206      399
         1284     1239      432     1257     1227      408     1215      438
         1239     1242      396     1236     1224      402     1227      396
         1230     1221      375     1248     1215      405     1230      423
         1236     1227      447     1194     1200      405     1209      402
         1038     1137      402     1239     1230      384     1005      345

Atom Distribution No.    52 at run step  138086:

  Count of atoms assigned to each task:
         1170     1221      387     1245     1011      372     1011      414
         1197     1251      417      984     1200      378     1230      408
         1221     1236      396     1257     1236      363     1194      411
         1260     1248      417     1230     1212      408     1221      444
         1248     1242      372     1245     1239      396     1242      396
         1227     1224      372     1239     1242      393     1233      408
         1227     1260      459     1227     1197      411     1224      408
         1083     1146      399     1260     1227      372     1014      333

Atom Distribution No.    53 at run step  140869:

  Count of atoms assigned to each task:
         1002     1209      405     1281     1029      345     1164      429
         1248     1272      405     1014     1221      354     1272      384
         1257     1239      384     1287     1248      342     1206      360
         1290     1257      384     1239     1221      408     1218      405
         1248     1248      381     1236     1254      357     1254      381
         1233     1227      372     1284     1248      396     1221      396
         1236     1275      438     1209     1221      402     1242      366
         1086     1152      402     1242     1263      285     1029      252

Atom Distribution No.    54 at run step  143690:

  Count of atoms assigned to each task:
          999     1203      411     1263     1029      360     1164      429
         1230     1272      414     1017     1212      360     1257      390
         1233     1233      378     1266     1257      339     1194      393
         1281     1269      393     1245     1218      381     1236      414
         1272     1245      381     1251     1242      366     1248      378
         1218     1239      378     1260     1239      402     1236      402
         1227     1248      447     1227     1194      381     1251      369
         1068     1173      390     1239     1254      366     1017      267

Atom Distribution No.    55 at run step  146507:

  Count of atoms assigned to each task:
         1152     1239      408     1230     1017      396      984      441
         1203     1245      435      996     1188      390     1242      414
         1221     1221      411     1260     1224      375     1197      423
         1275     1242      441     1236     1203      414     1212      441
         1263     1248      405     1233     1212      390     1251      405
         1218     1227      393     1275     1242      408     1224      426
         1233     1236      456     1185     1182      411     1206      396
         1020     1137      399     1236     1215      375      996      336

Atom Distribution No.    56 at run step  149329:

  Count of atoms assigned to each task:
         1158     1212      402     1263     1026      381      993      423
         1215     1266      420      987     1206      378     1257      408
         1254     1236      411     1248     1230      366     1206      414
         1266     1233      417     1242     1194      399     1206      423
         1260     1230      396     1254     1242      387     1248      390
         1227     1233      387     1266     1209      396     1239      408
         1254     1230      438     1197     1182      402     1233      396
         1065     1143      384     1224     1236      369     1023      327

Atom Distribution No.    57 at run step  152170:

  Count of atoms assigned to each task:
         1149     1212      435     1263     1026      387      987      435
         1215     1248      429      981     1206      378     1239      417
         1227     1203      429     1233     1230      387     1182      429
         1266     1251      447     1227     1197      411     1230      447
         1260     1227      372     1239     1218      396     1248      408
         1200     1236      381     1215     1233      399     1221      408
         1218     1248      477     1206     1182      414     1224      402
         1056     1137      402     1233     1221      381     1005      345

Atom Distribution No.    58 at run step  154974:

  Count of atoms assigned to each task:
         1155     1224      396     1248     1011      378      993      429
         1212     1254      411      999     1191      381     1248      387
         1248     1230      396     1278     1230      381     1203      405
         1299     1272      402     1224     1224      414     1230      426
         1239     1260      375     1242     1218      396     1248      405
         1218     1227      372     1248     1260      402     1224      420
         1236     1248      441     1182     1194      411     1221      399
         1038     1128      405     1248     1230      372     1005      324

Atom Distribution No.    59 at run step  157787:

  Count of atoms assigned to each task:
         1155     1209      438     1248     1011      384      996      423
         1206     1245      408      987     1197      381     1233      393
         1218     1227      420     1254     1230      384     1203      408
         1269     1248      414     1230     1203      429     1221      453
         1260     1236      411     1242     1230      378     1260      399
         1215     1218      372     1254     1221      396     1227      408
         1224     1257      453     1206     1194      405     1227      402
         1053     1140      405     1230     1233      378     1014      342

Atom Distribution No.    60 at run step  160583:

  Count of atoms assigned to each task:
         1167     1227      408     1260     1023      366     1008      411
         1215     1257      399     1011     1221      357     1248      381
         1239     1236      378     1278     1236      348     1212      402
         1269     1248      396     1248     1203      408     1221      390
         1263     1224      381     1245     1242      372     1248      390
         1239     1239      375     1260     1236      396     1236      417
         1239     1254      444     1227     1203      396     1230      378
         1059     1149      399     1257     1233      369     1014      330

Atom Distribution No.    61 at run step  163440:

  Count of atoms assigned to each task:
         1149     1194      405     1245     1020      387     1002      411
         1197     1230      420      984     1194      390     1236      411
         1251     1224      408     1251     1248      390     1215      420
         1260     1239      435     1242     1191      417     1224      423
         1242     1230      402     1248     1239      366     1254      408
         1218     1245      378     1230     1224      399     1218      414
         1233     1230      471     1215     1191      414     1218      408
         1053     1146      396     1233     1230      381     1026      342

Atom Distribution No.    62 at run step  166242:

  Count of atoms assigned to each task:
         1026     1212      387     1269     1041      327     1170      408
         1236     1260      390     1017     1224      345     1269      360
         1251     1251      378     1275     1245      348     1221      366
         1293     1260      396     1272     1233      387     1245      384
         1287     1251      381     1269     1260      357     1263      381
         1233     1248      360     1275     1242      396     1242      375
         1251     1263      432     1230     1218      381     1245      372
         1083     1167      384     1245     1230      264     1032      252

Atom Distribution No.    63 at run step  169090:

  Count of atoms assigned to each task:
         1152     1233      423     1239     1020      387      990      426
         1197     1233      420      999     1176      366     1236      408
         1245     1224      417     1230     1227      372     1197      429
         1251     1230      426     1233     1218      396     1227      435
         1248     1251      426     1233     1236      369     1266      405
         1221     1236      372     1257     1242      399     1215      420
         1230     1278      444     1203     1197      408     1233      393
         1038     1149      396     1236     1227      375     1014      336

Atom Distribution No.    64 at run step  171919:

  Count of atoms assigned to each task:
         1152     1212      399     1254     1020      384      993      417
         1215     1260      417     1002     1200      390     1254      408
         1233     1218      429     1275     1227      372     1194      420
         1275     1251      438     1212     1191      423     1221      423
         1260     1221      393     1230     1227      411     1248      393
         1206     1239      381     1248     1239      411     1233      414
         1236     1239      453     1191     1188      417     1224      387
         1032     1122      414     1239     1221      375     1008      336

Atom Distribution No.    65 at run step  174714:

  Count of atoms assigned to each task:
         1167     1230      414     1254     1026      378      996      414
         1197     1251      417      999     1182      369     1263      405
         1242     1230      414     1260     1236      363     1209      402
         1284     1248      444     1230     1227      399     1221      423
         1254     1233      384     1224     1242      387     1245      393
         1206     1230      378     1272     1239      399     1206      393
         1230     1254      441     1200     1182      399     1242      384
         1041     1152      405     1242     1233      381     1011      339

Atom Distribution No.    66 at run step  177505:

  Count of atoms assigned to each task:
         1158     1206      429     1236     1017      402      993      447
         1203     1239      429      993     1194      387     1242      411
         1236     1218      414     1248     1218      387     1194      423
         1266     1236      417     1233     1215      402     1197      459
         1257     1227      387     1239     1221      420     1230      414
         1215     1227      390     1242     1254      405     1206      432
         1224     1248      456     1188     1197      411     1230      396
         1020     1134      414     1230     1221      384     1005      342

Atom Distribution No.    67 at run step  180285:

  Count of atoms assigned to each task:
         1008     1215      390     1275     1038      342     1191      390
         1239     1281      402     1014     1236      315     1263      363
         1242     1251      357     1263     1254      300     1218      363
         1308     1278      390     1248     1239      378     1227      402
         1296     1251      363     1245     1275      369     1269      369
         1233     1275      360     1272     1257      366     1245      387
         1269     1263      411     1212     1230      369     1260      357
         1065     1161      387     1266     1245      339     1026      243

Atom Distribution No.    68 at run step  183139:

  Count of atoms assigned to each task:
         1170     1221      411     1239     1014      375      996      429
         1212     1248      423      987     1197      390     1257      423
         1227     1215      414     1272     1254      384     1185      417
         1272     1272      432     1221     1215      426     1197      453
         1263     1212      387     1215     1230      408     1230      405
         1194     1227      381     1212     1239      405     1212      423
         1218     1242      465     1194     1197      420     1221      402
         1038     1146      411     1233     1200      390     1005      342

Atom Distribution No.    69 at run step  185972:

  Count of atoms assigned to each task:
         1167     1200      393     1227     1020      396     1002      402
         1197     1224      420     1017     1188      360     1230      402
         1233     1197      393     1263     1218      390     1194      420
         1284     1242      429     1242     1221      435     1218      435
         1263     1227      411     1239     1251      396     1242      411
         1203     1218      384     1254     1242      396     1209      429
         1224     1266      450     1188     1194      408     1230      414
         1041     1137      420     1239     1230      381     1011      348

Atom Distribution No.    70 at run step  188815:

  Count of atoms assigned to each task:
         1029     1212      396     1275     1050      354     1194      429
         1215     1275      387     1026     1221      339     1266      375
         1245     1233      366     1275     1251      330     1218      357
         1287     1251      387     1269     1233      387     1227      396
         1269     1242      369     1251     1266      378     1239      378
         1230     1275      354     1266     1233      399     1242      408
         1254     1272      429     1218     1227      381     1248      363
         1053     1155      393     1266     1236      273     1029      264

Atom Distribution No.    71 at run step  191613:

  Count of atoms assigned to each task:
         1011     1227      387     1275     1041      348     1161      399
         1227     1266      405     1008     1206      333     1260      375
         1260     1224      363     1278     1239      336     1200      363
         1293     1263      375     1251     1233      363     1236      387
         1266     1224      378     1248     1239      366     1266      387
         1221     1254      378     1293     1266      399     1245      411
         1257     1266      429     1227     1215      405     1236      384
         1050     1176      387     1260     1248      333     1047      261

Atom Distribution No.    72 at run step  194449:

  Count of atoms assigned to each task:
         1152     1236      417     1248     1005      384      993      444
         1218     1257      426      993     1197      378     1257      426
         1224     1215      399     1281     1236      375     1188      402
         1287     1269      429     1245     1200      438     1206      438
         1227     1236      378     1221     1233      393     1242      405
         1203     1227      375     1239     1233      405     1212      417
         1227     1257      447     1185     1185      411     1233      402
         1044     1128      399     1230     1230      387     1002      339

Atom Distribution No.    73 at run step  197274:

  Count of atoms assigned to each task:
         1167     1218      402     1260     1014      390      993      423
         1206     1230      426      990     1191      396     1242      423
         1212     1212      405     1269     1221      372     1188      432
         1263     1239      429     1242     1194      438     1224      447
         1260     1212      402     1221     1233      402     1233      420
         1221     1251      378     1245     1227      399     1242      417
         1251     1221      453     1188     1191      417     1221      405
         1017     1137      402     1236     1224      387      999      345

Atom Distribution No.    74 at run step  200102:

  Count of atoms assigned to each task:
         1020     1197      387     1272     1044      348     1161      417
         1227     1272      402     1002     1197      324     1278      378
         1254     1233      375     1284     1257      339     1218      363
         1296     1263      399     1302     1215      390     1230      417
         1287     1257      354     1263     1248      369     1266      375
         1242     1254      348     1266     1227      381     1242      390
         1257     1236      414     1215     1233      378     1254      360
         1050     1161      399     1245     1248      351     1026      258

Major Routine Parallel Profiling - NonSetup CPU Seconds:

           D                                                              
           a                                                              
           t                                                              
           a                              D                               
           D         N                    i                               
           i         o                    h                               
           s         n             A      e      S      R      O         T
   T       t         B      B      n      d      h      u      t         o
   a       r         o      o      g      r      a      n      h         t
   s       i         n      n      l      a      k      M      e         a
   k       b         d      d      e      l      e      D      r         l
------------------------------------------------------------------------------
   0   400.6     997.1    0.2    3.1   12.7    6.9   68.6   19.2    1508.4
   1   400.8    1018.8    0.1    0.1    0.1    7.8   72.8   19.6    1519.9
   2   541.5     905.4    0.1    0.1    0.1    2.8   34.3   19.9    1504.0
   3   399.4    1019.6    0.1    0.1    0.1    7.9   73.7   19.1    1519.9
   4   447.5     915.2    0.9   13.9   61.7    5.2   60.4   19.7    1524.4
   5   545.3     901.7    0.1    0.1    0.1    2.5   34.1   19.8    1503.5
   6   442.2     936.3    0.7   10.7   48.3    5.6   62.2   19.8    1525.8
   7   515.4     917.7    0.1    0.1    0.1    2.7   46.2   19.7    1501.9
   8   408.4    1017.4    0.1    0.1    0.1    7.9   75.7   19.6    1529.2
   9   403.4    1015.0    0.1    0.9    3.7    7.7   72.1   19.3    1522.1
  10   519.1     911.8    0.1    0.1    0.1    2.6   44.7   19.9    1498.3
  11   444.5     916.6    0.9   14.9   63.4    5.1   59.5   19.4    1524.3
  12   419.9    1006.3    0.1    1.2    4.6    7.5   72.4   19.4    1531.4
  13   532.1     906.7    0.1    0.1    0.1    2.4   44.3   20.1    1505.8
  14   408.2    1015.6    0.1    0.1    0.1    7.8   76.0   19.4    1527.3
  15   514.2     916.2    0.1    0.1    0.1    2.6   45.5   19.6    1498.3
  16   399.1    1018.7    0.1    0.1    0.1    7.7   74.5   19.5    1519.8
  17   400.3    1019.4    0.1    0.1    0.1    7.7   74.4   19.5    1521.6
  18   518.0     915.3    0.1    0.1    0.1    2.6   44.7   20.1    1500.9
  19   405.6    1018.1    0.1    0.1    0.1    8.0   75.5   18.9    1526.3
  20   390.8    1019.6    0.1    0.1    0.1    7.7   76.2   19.5    1514.0
  21   551.5     892.3    0.1    0.1    0.1    2.3   31.1   19.6    1497.0
  22   403.3    1016.5    0.1    0.1    0.1    7.6   73.5   19.5    1520.6
  23   544.8     902.7    0.1    0.1    0.1    2.6   32.6   19.2    1502.0
  24   399.4    1022.1    0.1    0.1    0.1    8.1   75.9   18.9    1524.6
  25   395.8    1021.4    0.1    0.1    0.1    7.9   75.9   19.2    1520.5
  26   539.7     902.3    0.1    0.1    0.1    2.7   33.3   19.2    1497.4
  27   387.5    1024.6    0.1    0.1    0.1    7.9   75.3   18.7    1514.3
  28   395.2    1018.5    0.1    0.1    0.1    7.8   75.3   18.8    1515.9
  29   524.9     912.6    0.1    0.1    0.1    2.8   44.5   19.2    1504.1
  30   395.6    1020.2    0.1    0.1    0.1    7.7   75.5   19.0    1518.3
  31   534.2     904.2    0.1    0.1    0.1    2.7   33.6   19.0    1493.9
  32   390.7    1019.2    0.1    0.1    0.1    7.9   75.1   19.3    1512.5
  33   388.7    1020.1    0.1    0.1    0.1    8.0   77.6   19.8    1514.4
  34   531.0     905.5    0.1    0.1    0.1    2.7   43.2   19.9    1502.5
  35   403.7    1015.8    0.1    0.1    0.1    7.9   74.7   19.1    1521.4
  36   395.2    1017.9    0.1    0.1    0.1    7.8   75.8   19.6    1516.6
  37   546.4     899.6    0.1    0.1    0.1    2.6   32.4   19.5    1500.6
  38   392.5    1019.3    0.1    0.1    0.1    8.0   76.8   19.6    1516.5
  39   534.5     905.4    0.1    0.1    0.1    2.8   34.5   19.2    1496.6
  40   392.3    1021.0    0.1    0.1    0.1    7.9   76.3   19.5    1517.2
  41   414.9    1014.8    0.1    0.1    0.1    7.8   74.7   19.4    1531.8
  42   561.1     895.7    0.1    0.1    0.1    2.5   31.3   19.5    1510.3
  43   399.0    1018.4    0.1    0.1    0.1    8.0   75.9   19.0    1520.5
  44   397.3    1015.6    0.1    0.1    0.1    8.1   77.5   19.2    1517.8
  45   557.6     899.3    0.1    0.1    0.1    2.6   32.9   19.4    1512.0
  46   408.9    1013.9    0.1    0.1    0.1    7.8   74.5   19.2    1524.5
  47   549.9     905.0    0.1    0.1    0.1    2.7   34.6   18.8    1511.2
  48   398.7    1016.0    0.1    0.1    0.1    7.8   75.4   19.2    1517.3
  49   397.4    1018.0    0.1    0.1    0.1    8.1   76.8   19.3    1519.9
  50   522.0     916.1    0.1    0.1    0.1    2.9   45.0   19.6    1505.8
  51   392.0    1018.2    0.1    0.1    0.1    7.6   73.0   18.8    1509.8
  52   391.5    1016.9    0.1    0.1    0.1    7.5   73.3   19.2    1508.6
  53   535.7     905.2    0.1    0.1    0.1    2.6   42.1   19.3    1505.1
  54   403.6    1016.3    0.1    0.1    0.1    8.0   77.0   18.9    1524.0
  55   521.5     913.1    0.1    0.1    0.1    2.6   43.2   19.1    1499.6
  56   441.2     934.5    0.8   12.2   52.6    5.8   64.2   19.0    1530.3
  57   420.9     993.6    0.2    3.0   12.7    6.9   68.8   19.2    1525.3
  58   518.6     913.9    0.1    0.1    0.1    2.6   40.7   19.1    1495.2
  59   387.3    1022.3    0.1    0.1    0.1    7.8   75.8   18.6    1512.1
  60   402.8    1018.8    0.1    0.1    0.1    8.0   77.5   18.7    1526.0
  61   560.1     899.1    0.1    0.1    0.1    2.4   31.5   18.9    1512.1
  62   456.0     910.5    1.0   16.1   65.5    5.1   60.1   18.8    1533.0
  63   563.0     890.5    0.1    0.1    0.1    2.1   30.6   18.4    1504.7
------------------------------------------------------------------------------
 avg   454.8     967.7    0.1    1.2    5.1    5.7   60.0   19.3    1513.9
         0.0
 min   387.3     890.5    0.1    0.1    0.1    2.1   30.6   18.4    1493.9
         0.0
 max   563.0    1024.6    1.0   16.1   65.5    8.1   77.6   20.1    1533.0
         0.0
 std    65.6      54.4    0.2    3.7   15.8    2.5   17.8    0.4      10.5
         0.0
------------------------------------------------------------------------------

PME NonBond Parallel Profiling - NonSetup CPU Seconds:

                     D                           
           P         i         R                 
           a         r         e      L          
           i         e         c      o          
           r         c         i      a         T
   T       l         t         p      d         o
   a       i         F         F      B         t
   s       s         r         r      a         a
   k       t         c         c      l         l
-------------------------------------------------
   0   185.2     811.2       0.0    0.5     996.9
   1   190.3     827.5       0.0    0.8    1018.6
   2    98.7     297.0     508.9    0.5     905.2
   3   191.4     827.2       0.0    0.8    1019.4
   4   172.4     742.1       0.0    0.5     915.0
   5    95.2     295.2     510.5    0.5     901.4
   6   175.5     760.1       0.0    0.5     936.0
   7   111.0     311.3     494.5    0.6     917.5
   8   193.5     823.2       0.0    0.6    1017.2
   9   191.7     822.2       0.0    0.9    1014.8
  10   107.5     295.4     508.0    0.7     911.6
  11   173.7     742.1       0.0    0.5     916.3
  12   190.1     815.3       0.0    0.7    1006.1
  13   102.4     269.4     534.1    0.7     906.5
  14   191.9     822.8       0.0    0.8    1015.4
  15   110.2     293.2     512.0    0.6     915.9
  16   196.4     821.6       0.0    0.6    1018.5
  17   196.2     822.3       0.0    0.7    1019.2
  18   107.8     292.0     514.5    0.7     915.1
  19   191.5     825.5       0.0    1.0    1017.9
  20   196.9     821.9       0.0    0.6    1019.4
  21    89.4     260.0     541.9    0.7     892.1
  22   193.7     821.8       0.0    0.7    1016.2
  23    98.0     286.5     517.2    0.7     902.4
  24   193.3     827.4       0.0    1.2    1021.9
  25   196.8     823.6       0.0    0.9    1021.2
  26    98.4     296.3     506.3    1.0     902.0
  27   198.3     825.2       0.0    0.9    1024.4
  28   195.2     822.1       0.0    1.1    1018.3
  29   106.2     288.3     516.4    1.5     912.4
  30   195.5     823.4       0.0    1.1    1020.0
  31    97.3     296.2     509.8    0.7     904.0
  32   191.8     826.4       0.0    0.8    1019.0
  33   194.7     824.6       0.0    0.7    1019.9
  34   101.0     280.1     523.3    0.9     905.3
  35   190.9     823.8       0.0    0.8    1015.6
  36   194.8     822.3       0.0    0.7    1017.7
  37    95.5     278.2     524.9    0.7     899.3
  38   194.4     823.9       0.0    0.7    1019.1
  39    98.8     289.3     516.4    0.7     905.2
  40   194.4     825.7       0.0    0.7    1020.8
  41   191.6     822.1       0.0    0.9    1014.6
  42    90.2     268.9     535.4    0.9     895.4
  43   190.4     826.7       0.0    1.0    1018.2
  44   191.2     823.2       0.0    0.9    1015.3
  45    92.8     290.8     514.4    1.1     899.0
  46   191.2     821.4       0.0    1.1    1013.7
  47    97.0     301.4     505.6    0.7     904.7
  48   193.7     821.4       0.0    0.7    1015.8
  49   194.0     822.9       0.0    0.9    1017.8
  50   111.9     313.6     489.5    0.9     915.9
  51   194.9     822.3       0.0    0.9    1018.0
  52   191.7     824.2       0.0    0.8    1016.7
  53   103.0     284.6     516.1    1.2     904.9
  54   192.3     822.6       0.0    1.1    1016.1
  55   104.2     287.3     520.4    1.0     912.8
  56   176.6     756.7       0.0    1.0     934.3
  57   185.4     807.0       0.0    1.0     993.3
  58   107.0     295.0     510.4    1.3     913.7
  59   196.1     825.0       0.0    1.0    1022.1
  60   194.5     822.9       0.0    1.2    1018.5
  61    90.8     259.3     547.5    1.2     898.8
  62   170.9     738.3       0.0    1.1     910.2
  63    87.6     248.9     552.7    1.0     890.3
-------------------------------------------------
 avg   156.7     615.8     194.2    0.8     967.5
-------------------------------------------------
