   Residue Number     State  0     State  1     State  2     State  3     State  4 
-----------------------------------------------------------------------------------
Residue: TYR 11   1.000000 (1) 0.000000 (0) 
Residue: GL4 14   0.000093 (0) 0.457570 (1) 0.039065 (1) 0.467282 (1) 0.035990 (1) 
Residue: TYR 16   1.000000 (1) 0.000000 (0) 
Residue: HIP 20   1.000000 (2) 0.000000 (1) 0.000000 (1) 
Residue: HIP 25   0.999998 (2) 0.000002 (1) 0.000000 (1) 
Residue: GL4 28   0.000438 (0) 0.464306 (1) 0.029785 (1) 0.473277 (1) 0.032193 (1) 
Residue: TYR 31   0.999999 (1) 0.000001 (0) 
Residue: GL4 36   0.000196 (0) 0.447525 (1) 0.051008 (1) 0.448890 (1) 0.052382 (1) 
Residue: TYR 41   1.000000 (1) 0.000000 (0) 
Residue: TYR 54   1.000000 (1) 0.000000 (0) 
Residue: GL4 57   0.003335 (0) 0.448138 (1) 0.046855 (1) 0.455818 (1) 0.045854 (1) 
Residue: TYR 59   1.000000 (1) 0.000000 (0) 
Residue: HIP 63   0.999998 (2) 0.000001 (1) 0.000001 (1) 
Residue: HIP 68   0.999995 (2) 0.000003 (1) 0.000002 (1) 
Residue: GL4 71   0.229584 (0) 0.211283 (1) 0.037534 (1) 0.397466 (1) 0.124133 (1) 
Residue: TYR 74   1.000000 (1) 0.000000 (0) 
Residue: GL4 79   0.007557 (0) 0.476570 (1) 0.018539 (1) 0.476564 (1) 0.020771 (1) 
Residue: TYR 84   1.000000 (1) 0.000000 (0) 
Residue: TYR 97   1.000000 (1) 0.000000 (0) 
Residue: GL4 100  0.001049 (0) 0.475111 (1) 0.032901 (1) 0.460003 (1) 0.030936 (1) 
Residue: TYR 102  1.000000 (1) 0.000000 (0) 
Residue: HIP 106  0.999962 (2) 0.000038 (1) 0.000000 (1) 
Residue: HIP 111  0.999984 (2) 0.000013 (1) 0.000003 (1) 
Residue: GL4 114  0.044702 (0) 0.349224 (1) 0.059116 (1) 0.473135 (1) 0.073823 (1) 
Residue: TYR 117  1.000000 (1) 0.000000 (0) 
Residue: GL4 122  0.000794 (0) 0.441152 (1) 0.060757 (1) 0.440640 (1) 0.056657 (1) 
Residue: TYR 127  1.000000 (1) 0.000000 (0) 
Residue: TYR 140  1.000000 (1) 0.000000 (0) 
Residue: GL4 143  0.000284 (0) 0.439616 (1) 0.050313 (1) 0.456974 (1) 0.052813 (1) 
Residue: TYR 145  1.000000 (1) 0.000000 (0) 
Residue: HIP 149  0.999994 (2) 0.000006 (1) 0.000000 (1) 
Residue: HIP 154  0.999971 (2) 0.000018 (1) 0.000011 (1) 
Residue: GL4 157  0.299192 (0) 0.151217 (1) 0.179224 (1) 0.187200 (1) 0.183167 (1) 
Residue: TYR 160  1.000000 (1) 0.000000 (0) 
Residue: GL4 165  0.005377 (0) 0.453350 (1) 0.046176 (1) 0.449905 (1) 0.045193 (1) 
Residue: TYR 170  1.000000 (1) 0.000000 (0) 
Residue: TYR 183  1.000000 (1) 0.000000 (0) 
Residue: GL4 186  0.003321 (0) 0.473739 (1) 0.026903 (1) 0.473362 (1) 0.022676 (1) 
Residue: TYR 188  1.000000 (1) 0.000000 (0) 
Residue: HIP 192  0.999983 (2) 0.000008 (1) 0.000008 (1) 
Residue: HIP 197  0.999922 (2) 0.000069 (1) 0.000009 (1) 
Residue: GL4 200  0.734081 (0) 0.075110 (1) 0.027373 (1) 0.148877 (1) 0.014559 (1) 
Residue: TYR 203  1.000000 (1) 0.000000 (0) 
Residue: GL4 208  0.000782 (0) 0.458719 (1) 0.040842 (1) 0.455452 (1) 0.044206 (1) 
Residue: TYR 213  1.000000 (1) 0.000000 (0) 
Residue: TYR 226  0.999999 (1) 0.000001 (0) 
Residue: GL4 229  0.000146 (0) 0.397239 (1) 0.106778 (1) 0.389943 (1) 0.105895 (1) 
Residue: TYR 231  1.000000 (1) 0.000000 (0) 
Residue: HIP 235  0.999990 (2) 0.000004 (1) 0.000006 (1) 
Residue: HIP 240  0.999997 (2) 0.000003 (1) 0.000000 (1) 
Residue: GL4 243  0.000768 (0) 0.200369 (1) 0.275980 (1) 0.245535 (1) 0.277349 (1) 
Residue: TYR 246  1.000000 (1) 0.000000 (0) 
Residue: GL4 251  0.000015 (0) 0.387793 (1) 0.110081 (1) 0.390742 (1) 0.111369 (1) 
Residue: TYR 256  1.000000 (1) 0.000000 (0) 
Residue: TYR 269  1.000000 (1) 0.000000 (0) 
Residue: GL4 272  0.001512 (0) 0.426406 (1) 0.052468 (1) 0.426459 (1) 0.093155 (1) 
Residue: TYR 274  1.000000 (1) 0.000000 (0) 
Residue: HIP 278  0.999838 (2) 0.000162 (1) 0.000000 (1) 
Residue: HIP 283  0.999981 (2) 0.000019 (1) 0.000000 (1) 
Residue: GL4 286  0.196301 (0) 0.338029 (1) 0.102128 (1) 0.260014 (1) 0.103528 (1) 
Residue: TYR 289  0.999999 (1) 0.000001 (0) 
Residue: GL4 294  0.000243 (0) 0.444326 (1) 0.066915 (1) 0.424815 (1) 0.063702 (1) 
Residue: TYR 299  1.000000 (1) 0.000000 (0) 
