   Residue Number     State  0     State  1     State  2     State  3     State  4 
-----------------------------------------------------------------------------------
Residue: GL4 14   0.000345 (0) 0.457088 (1) 0.043143 (1) 0.458943 (1) 0.040482 (1) 
Residue: HIP 20   1.000000 (2) 0.000000 (1) 0.000000 (1) 
Residue: HIP 25   0.999988 (2) 0.000010 (1) 0.000002 (1) 
Residue: GL4 28   0.000630 (0) 0.458114 (1) 0.040358 (1) 0.462497 (1) 0.038401 (1) 
Residue: GL4 36   0.000808 (0) 0.462645 (1) 0.036609 (1) 0.457486 (1) 0.042451 (1) 
Residue: GL4 57   0.008842 (0) 0.443953 (1) 0.041616 (1) 0.449972 (1) 0.055617 (1) 
Residue: HIP 63   0.999977 (2) 0.000023 (1) 0.000000 (1) 
Residue: HIP 68   0.999914 (2) 0.000072 (1) 0.000014 (1) 
Residue: GL4 71   0.393895 (0) 0.149241 (1) 0.159614 (1) 0.152696 (1) 0.144554 (1) 
Residue: GL4 79   0.001787 (0) 0.433857 (1) 0.055849 (1) 0.448937 (1) 0.059569 (1) 
Residue: GL4 100  0.007518 (0) 0.466455 (1) 0.027928 (1) 0.469065 (1) 0.029034 (1) 
Residue: HIP 106  0.999975 (2) 0.000025 (1) 0.000000 (1) 
Residue: HIP 111  0.999926 (2) 0.000060 (1) 0.000014 (1) 
Residue: GL4 114  0.040248 (0) 0.138577 (1) 0.028865 (1) 0.719859 (1) 0.072451 (1) 
Residue: GL4 122  0.008161 (0) 0.461537 (1) 0.037106 (1) 0.454537 (1) 0.038659 (1) 
Residue: GL4 143  0.004108 (0) 0.472827 (1) 0.028937 (1) 0.480829 (1) 0.013299 (1) 
Residue: HIP 149  0.999994 (2) 0.000006 (1) 0.000000 (1) 
Residue: HIP 154  0.999844 (2) 0.000135 (1) 0.000021 (1) 
Residue: GL4 157  0.537136 (0) 0.175939 (1) 0.081780 (1) 0.144534 (1) 0.060612 (1) 
Residue: GL4 165  0.005782 (0) 0.279987 (1) 0.215569 (1) 0.283461 (1) 0.215200 (1) 
Residue: GL4 186  0.006394 (0) 0.467219 (1) 0.035842 (1) 0.455545 (1) 0.035001 (1) 
Residue: HIP 192  0.990430 (2) 0.000023 (1) 0.009548 (1) 
Residue: HIP 197  0.999863 (2) 0.000111 (1) 0.000027 (1) 
Residue: GL4 200  0.603552 (0) 0.066749 (1) 0.087751 (1) 0.146050 (1) 0.095897 (1) 
Residue: GL4 208  0.004363 (0) 0.384963 (1) 0.121223 (1) 0.380149 (1) 0.109303 (1) 
Residue: GL4 229  0.000203 (0) 0.415890 (1) 0.097789 (1) 0.391162 (1) 0.094956 (1) 
Residue: HIP 235  1.000000 (2) 0.000000 (1) 0.000000 (1) 
Residue: HIP 240  0.999992 (2) 0.000004 (1) 0.000004 (1) 
Residue: GL4 243  0.052412 (0) 0.396187 (1) 0.116304 (1) 0.349728 (1) 0.085369 (1) 
Residue: GL4 251  0.000068 (0) 0.367373 (1) 0.134081 (1) 0.365998 (1) 0.132480 (1) 
Residue: GL4 272  0.002099 (0) 0.460650 (1) 0.040736 (1) 0.462072 (1) 0.034443 (1) 
Residue: HIP 278  1.000000 (2) 0.000000 (1) 0.000000 (1) 
Residue: HIP 283  0.999945 (2) 0.000053 (1) 0.000002 (1) 
Residue: GL4 286  0.116391 (0) 0.515565 (1) 0.066663 (1) 0.256525 (1) 0.044856 (1) 
Residue: GL4 294  0.001244 (0) 0.275703 (1) 0.232334 (1) 0.278497 (1) 0.212222 (1) 
