   Residue Number     State  0     State  1     State  2     State  3     State  4 
-----------------------------------------------------------------------------------
Residue: GL4 14   0.000991 (0) 0.451480 (1) 0.048749 (1) 0.452957 (1) 0.045823 (1) 
Residue: HIP 20   1.000000 (2) 0.000000 (1) 0.000000 (1) 
Residue: HIP 25   0.999971 (2) 0.000023 (1) 0.000006 (1) 
Residue: GL4 28   0.001793 (0) 0.451654 (1) 0.046830 (1) 0.457182 (1) 0.042540 (1) 
Residue: GL4 36   0.002173 (0) 0.453597 (1) 0.041079 (1) 0.455188 (1) 0.047963 (1) 
Residue: GL4 57   0.022679 (0) 0.433915 (1) 0.045062 (1) 0.437965 (1) 0.060380 (1) 
Residue: HIP 63   0.999893 (2) 0.000107 (1) 0.000000 (1) 
Residue: HIP 68   0.999828 (2) 0.000146 (1) 0.000027 (1) 
Residue: GL4 71   0.488067 (0) 0.102080 (1) 0.151711 (1) 0.108573 (1) 0.149569 (1) 
Residue: GL4 79   0.005362 (0) 0.437816 (1) 0.056758 (1) 0.441638 (1) 0.058426 (1) 
Residue: GL4 100  0.019820 (0) 0.459357 (1) 0.032661 (1) 0.456928 (1) 0.031233 (1) 
Residue: HIP 106  0.999871 (2) 0.000127 (1) 0.000002 (1) 
Residue: HIP 111  0.999795 (2) 0.000166 (1) 0.000039 (1) 
Residue: GL4 114  0.053374 (0) 0.090989 (1) 0.035618 (1) 0.725707 (1) 0.094311 (1) 
Residue: GL4 122  0.021591 (0) 0.456567 (1) 0.036761 (1) 0.445843 (1) 0.039238 (1) 
Residue: GL4 143  0.011672 (0) 0.471078 (1) 0.028904 (1) 0.474361 (1) 0.013984 (1) 
Residue: HIP 149  0.999984 (2) 0.000014 (1) 0.000002 (1) 
Residue: HIP 154  0.999567 (2) 0.000324 (1) 0.000109 (1) 
Residue: GL4 157  0.649404 (0) 0.097211 (1) 0.085830 (1) 0.118170 (1) 0.049385 (1) 
Residue: GL4 165  0.018037 (0) 0.279753 (1) 0.212986 (1) 0.279534 (1) 0.209690 (1) 
Residue: GL4 186  0.017549 (0) 0.459109 (1) 0.039396 (1) 0.447269 (1) 0.036677 (1) 
Residue: HIP 192  0.979599 (2) 0.000088 (1) 0.020313 (1) 
Residue: HIP 197  0.999493 (2) 0.000445 (1) 0.000062 (1) 
Residue: GL4 200  0.545196 (0) 0.075848 (1) 0.100096 (1) 0.177486 (1) 0.101374 (1) 
Residue: GL4 208  0.012866 (0) 0.383323 (1) 0.120667 (1) 0.376627 (1) 0.106516 (1) 
Residue: GL4 229  0.000585 (0) 0.405852 (1) 0.099306 (1) 0.393482 (1) 0.100775 (1) 
Residue: HIP 235  0.999984 (2) 0.000010 (1) 0.000006 (1) 
Residue: HIP 240  0.999996 (2) 0.000004 (1) 0.000000 (1) 
Residue: GL4 243  0.106763 (0) 0.361246 (1) 0.119586 (1) 0.324850 (1) 0.087556 (1) 
Residue: GL4 251  0.000285 (0) 0.369784 (1) 0.133475 (1) 0.365701 (1) 0.130755 (1) 
Residue: GL4 272  0.005331 (0) 0.459189 (1) 0.038436 (1) 0.462199 (1) 0.034845 (1) 
Residue: HIP 278  0.999961 (2) 0.000039 (1) 0.000000 (1) 
Residue: HIP 283  0.999883 (2) 0.000109 (1) 0.000008 (1) 
Residue: GL4 286  0.158460 (0) 0.456862 (1) 0.088457 (1) 0.245060 (1) 0.051160 (1) 
Residue: GL4 294  0.003710 (0) 0.273749 (1) 0.231082 (1) 0.279833 (1) 0.211625 (1) 
