   Residue Number     State  0     State  1     State  2     State  3     State  4 
-----------------------------------------------------------------------------------
Residue: GL4 14   0.002489 (0) 0.442053 (1) 0.061147 (1) 0.439328 (1) 0.054983 (1) 
Residue: HIP 20   0.999965 (2) 0.000035 (1) 0.000000 (1) 
Residue: HIP 25   0.999947 (2) 0.000043 (1) 0.000010 (1) 
Residue: GL4 28   0.004432 (0) 0.443861 (1) 0.053389 (1) 0.449175 (1) 0.049143 (1) 
Residue: GL4 36   0.005629 (0) 0.440040 (1) 0.053087 (1) 0.442574 (1) 0.058670 (1) 
Residue: GL4 57   0.054829 (0) 0.413848 (1) 0.051265 (1) 0.414296 (1) 0.065762 (1) 
Residue: HIP 63   0.999797 (2) 0.000187 (1) 0.000016 (1) 
Residue: HIP 68   0.999454 (2) 0.000480 (1) 0.000066 (1) 
Residue: GL4 71   0.542013 (0) 0.087866 (1) 0.143943 (1) 0.095126 (1) 0.131052 (1) 
Residue: GL4 79   0.014778 (0) 0.436683 (1) 0.054382 (1) 0.438023 (1) 0.056134 (1) 
Residue: GL4 100  0.048055 (0) 0.435212 (1) 0.041887 (1) 0.434789 (1) 0.040057 (1) 
Residue: HIP 106  0.999585 (2) 0.000402 (1) 0.000012 (1) 
Residue: HIP 111  0.999358 (2) 0.000527 (1) 0.000115 (1) 
Residue: GL4 114  0.074567 (0) 0.070908 (1) 0.042529 (1) 0.699126 (1) 0.112869 (1) 
Residue: GL4 122  0.055356 (0) 0.439890 (1) 0.035633 (1) 0.429739 (1) 0.039382 (1) 
Residue: GL4 143  0.029013 (0) 0.459201 (1) 0.032384 (1) 0.462405 (1) 0.016997 (1) 
Residue: HIP 149  0.999918 (2) 0.000074 (1) 0.000008 (1) 
Residue: HIP 154  0.998783 (2) 0.000901 (1) 0.000316 (1) 
Residue: GL4 157  0.694794 (0) 0.061443 (1) 0.099224 (1) 0.093878 (1) 0.050661 (1) 
Residue: GL4 165  0.051907 (0) 0.271796 (1) 0.202738 (1) 0.272364 (1) 0.201195 (1) 
Residue: GL4 186  0.041797 (0) 0.439223 (1) 0.046646 (1) 0.430096 (1) 0.042238 (1) 
Residue: HIP 192  0.958726 (2) 0.000289 (1) 0.040984 (1) 
Residue: HIP 197  0.998516 (2) 0.001229 (1) 0.000254 (1) 
Residue: GL4 200  0.522472 (0) 0.088832 (1) 0.100114 (1) 0.188779 (1) 0.099802 (1) 
Residue: GL4 208  0.036234 (0) 0.379708 (1) 0.112849 (1) 0.369524 (1) 0.101686 (1) 
Residue: GL4 229  0.001642 (0) 0.401186 (1) 0.100313 (1) 0.389473 (1) 0.107387 (1) 
Residue: HIP 235  0.999975 (2) 0.000023 (1) 0.000002 (1) 
Residue: HIP 240  0.999963 (2) 0.000033 (1) 0.000004 (1) 
Residue: GL4 243  0.210470 (0) 0.300965 (1) 0.123741 (1) 0.267735 (1) 0.097090 (1) 
Residue: GL4 251  0.000769 (0) 0.363347 (1) 0.138216 (1) 0.364336 (1) 0.133332 (1) 
Residue: GL4 272  0.013297 (0) 0.457125 (1) 0.037679 (1) 0.456889 (1) 0.035011 (1) 
Residue: HIP 278  0.999936 (2) 0.000060 (1) 0.000004 (1) 
Residue: HIP 283  0.999553 (2) 0.000300 (1) 0.000148 (1) 
Residue: GL4 286  0.200126 (0) 0.434413 (1) 0.079453 (1) 0.241332 (1) 0.044676 (1) 
Residue: GL4 294  0.011711 (0) 0.271270 (1) 0.229402 (1) 0.273997 (1) 0.213620 (1) 
