   Residue Number     State  0     State  1     State  2     State  3     State  4 
-----------------------------------------------------------------------------------
Residue: TYR 11   0.933985 (1) 0.066015 (0) 
Residue: GL4 14   0.999792 (0) 0.000007 (1) 0.000115 (1) 0.000015 (1) 0.000071 (1) 
Residue: TYR 16   0.920781 (1) 0.079219 (0) 
Residue: HIP 20   0.002563 (2) 0.978616 (1) 0.018822 (1) 
Residue: HIP 25   0.000593 (2) 0.942618 (1) 0.056789 (1) 
Residue: GL4 28   0.999967 (0) 0.000024 (1) 0.000000 (1) 0.000007 (1) 0.000003 (1) 
Residue: TYR 31   0.995187 (1) 0.004813 (0) 
Residue: GL4 36   0.999926 (0) 0.000010 (1) 0.000060 (1) 0.000004 (1) 0.000000 (1) 
Residue: TYR 41   0.907727 (1) 0.092273 (0) 
Residue: TYR 54   0.999856 (1) 0.000144 (0) 
Residue: GL4 57   0.996483 (0) 0.000090 (1) 0.001618 (1) 0.000106 (1) 0.001703 (1) 
Residue: TYR 59   0.999117 (1) 0.000883 (0) 
Residue: HIP 63   0.001815 (2) 0.884132 (1) 0.114053 (1) 
Residue: HIP 68   0.000724 (2) 0.905192 (1) 0.094083 (1) 
Residue: GL4 71   0.999647 (0) 0.000195 (1) 0.000040 (1) 0.000033 (1) 0.000085 (1) 
Residue: TYR 74   0.999365 (1) 0.000635 (0) 
Residue: GL4 79   0.999936 (0) 0.000006 (1) 0.000000 (1) 0.000058 (1) 0.000001 (1) 
Residue: TYR 84   0.998602 (1) 0.001398 (0) 
Residue: TYR 97   0.999533 (1) 0.000467 (0) 
Residue: GL4 100  0.999616 (0) 0.000070 (1) 0.000120 (1) 0.000084 (1) 0.000110 (1) 
Residue: TYR 102  0.999322 (1) 0.000678 (0) 
Residue: HIP 106  0.000476 (2) 0.995942 (1) 0.003582 (1) 
Residue: HIP 111  0.000469 (2) 0.894215 (1) 0.105316 (1) 
Residue: GL4 114  0.999984 (0) 0.000006 (1) 0.000000 (1) 0.000010 (1) 0.000000 (1) 
Residue: TYR 117  0.999944 (1) 0.000056 (0) 
Residue: GL4 122  0.999604 (0) 0.000110 (1) 0.000038 (1) 0.000148 (1) 0.000100 (1) 
Residue: TYR 127  0.998926 (1) 0.001074 (0) 
Residue: TYR 140  0.999866 (1) 0.000134 (0) 
Residue: GL4 143  0.999764 (0) 0.000096 (1) 0.000055 (1) 0.000055 (1) 0.000030 (1) 
Residue: TYR 145  0.999057 (1) 0.000943 (0) 
Residue: HIP 149  0.002428 (2) 0.982289 (1) 0.015283 (1) 
Residue: HIP 154  0.000198 (2) 0.867060 (1) 0.132742 (1) 
Residue: GL4 157  0.999913 (0) 0.000011 (1) 0.000010 (1) 0.000066 (1) 0.000000 (1) 
Residue: TYR 160  0.999937 (1) 0.000063 (0) 
Residue: GL4 165  0.999927 (0) 0.000022 (1) 0.000025 (1) 0.000017 (1) 0.000010 (1) 
Residue: TYR 170  0.999773 (1) 0.000227 (0) 
Residue: TYR 183  0.999877 (1) 0.000123 (0) 
Residue: GL4 186  0.999311 (0) 0.000307 (1) 0.000028 (1) 0.000348 (1) 0.000007 (1) 
Residue: TYR 188  0.996249 (1) 0.003751 (0) 
Residue: HIP 192  0.014500 (2) 0.951887 (1) 0.033613 (1) 
Residue: HIP 197  0.000272 (2) 0.842192 (1) 0.157537 (1) 
Residue: GL4 200  1.000000 (0) 0.000000 (1) 0.000000 (1) 0.000000 (1) 0.000000 (1) 
Residue: TYR 203  0.999952 (1) 0.000048 (0) 
Residue: GL4 208  0.999650 (0) 0.000063 (1) 0.000066 (1) 0.000061 (1) 0.000160 (1) 
Residue: TYR 213  0.999187 (1) 0.000813 (0) 
Residue: TYR 226  0.968130 (1) 0.031870 (0) 
Residue: GL4 229  0.999937 (0) 0.000022 (1) 0.000008 (1) 0.000016 (1) 0.000018 (1) 
Residue: TYR 231  0.935156 (1) 0.064844 (0) 
Residue: HIP 235  0.000207 (2) 0.969852 (1) 0.029941 (1) 
Residue: HIP 240  0.000305 (2) 0.923137 (1) 0.076558 (1) 
Residue: GL4 243  0.999781 (0) 0.000019 (1) 0.000108 (1) 0.000013 (1) 0.000080 (1) 
Residue: TYR 246  0.984087 (1) 0.015913 (0) 
Residue: GL4 251  0.999932 (0) 0.000006 (1) 0.000043 (1) 0.000005 (1) 0.000015 (1) 
Residue: TYR 256  0.962401 (1) 0.037599 (0) 
Residue: TYR 269  0.999609 (1) 0.000391 (0) 
Residue: GL4 272  0.999977 (0) 0.000007 (1) 0.000000 (1) 0.000007 (1) 0.000010 (1) 
Residue: TYR 274  0.993896 (1) 0.006104 (0) 
Residue: HIP 278  0.000301 (2) 0.982948 (1) 0.016751 (1) 
Residue: HIP 283  0.000172 (2) 0.863637 (1) 0.136192 (1) 
Residue: GL4 286  0.999920 (0) 0.000037 (1) 0.000010 (1) 0.000016 (1) 0.000018 (1) 
Residue: TYR 289  0.999858 (1) 0.000142 (0) 
Residue: GL4 294  0.999712 (0) 0.000076 (1) 0.000108 (1) 0.000068 (1) 0.000036 (1) 
Residue: TYR 299  0.998521 (1) 0.001479 (0) 
