   Residue Number     State  0     State  1     State  2     State  3     State  4 
-----------------------------------------------------------------------------------
Residue: TYR 11   0.978601 (1) 0.021399 (0) 
Residue: GL4 14   0.999327 (0) 0.000049 (1) 0.000383 (1) 0.000054 (1) 0.000187 (1) 
Residue: TYR 16   0.973631 (1) 0.026369 (0) 
Residue: HIP 20   0.007139 (2) 0.973983 (1) 0.018878 (1) 
Residue: HIP 25   0.001770 (2) 0.941296 (1) 0.056934 (1) 
Residue: GL4 28   0.999852 (0) 0.000066 (1) 0.000002 (1) 0.000065 (1) 0.000015 (1) 
Residue: TYR 31   0.998402 (1) 0.001598 (0) 
Residue: GL4 36   0.999739 (0) 0.000043 (1) 0.000151 (1) 0.000051 (1) 0.000017 (1) 
Residue: TYR 41   0.969542 (1) 0.030458 (0) 
Residue: TYR 54   0.999954 (1) 0.000046 (0) 
Residue: GL4 57   0.989011 (0) 0.000218 (1) 0.005044 (1) 0.000283 (1) 0.005444 (1) 
Residue: TYR 59   0.999740 (1) 0.000260 (0) 
Residue: HIP 63   0.005252 (2) 0.873891 (1) 0.120858 (1) 
Residue: HIP 68   0.002330 (2) 0.904833 (1) 0.092837 (1) 
Residue: GL4 71   0.998777 (0) 0.000692 (1) 0.000105 (1) 0.000091 (1) 0.000335 (1) 
Residue: TYR 74   0.999838 (1) 0.000162 (0) 
Residue: GL4 79   0.999682 (0) 0.000040 (1) 0.000012 (1) 0.000256 (1) 0.000010 (1) 
Residue: TYR 84   0.999573 (1) 0.000427 (0) 
Residue: TYR 97   0.999862 (1) 0.000138 (0) 
Residue: GL4 100  0.998664 (0) 0.000223 (1) 0.000416 (1) 0.000203 (1) 0.000494 (1) 
Residue: TYR 102  0.999764 (1) 0.000236 (0) 
Residue: HIP 106  0.001465 (2) 0.994995 (1) 0.003540 (1) 
Residue: HIP 111  0.001248 (2) 0.892897 (1) 0.105856 (1) 
Residue: GL4 114  0.999953 (0) 0.000006 (1) 0.000000 (1) 0.000037 (1) 0.000004 (1) 
Residue: TYR 117  0.999986 (1) 0.000014 (0) 
Residue: GL4 122  0.998732 (0) 0.000313 (1) 0.000099 (1) 0.000373 (1) 0.000484 (1) 
Residue: TYR 127  0.999655 (1) 0.000345 (0) 
Residue: TYR 140  0.999951 (1) 0.000049 (0) 
Residue: GL4 143  0.999218 (0) 0.000358 (1) 0.000198 (1) 0.000118 (1) 0.000107 (1) 
Residue: TYR 145  0.999681 (1) 0.000319 (0) 
Residue: HIP 149  0.007405 (2) 0.977211 (1) 0.015384 (1) 
Residue: HIP 154  0.000603 (2) 0.867453 (1) 0.131944 (1) 
Residue: GL4 157  0.999685 (0) 0.000034 (1) 0.000030 (1) 0.000251 (1) 0.000000 (1) 
Residue: TYR 160  0.999980 (1) 0.000020 (0) 
Residue: GL4 165  0.999780 (0) 0.000040 (1) 0.000056 (1) 0.000058 (1) 0.000067 (1) 
Residue: TYR 170  0.999927 (1) 0.000073 (0) 
Residue: TYR 183  0.999956 (1) 0.000044 (0) 
Residue: GL4 186  0.998073 (0) 0.000954 (1) 0.000033 (1) 0.000900 (1) 0.000039 (1) 
Residue: TYR 188  0.998755 (1) 0.001245 (0) 
Residue: HIP 192  0.044139 (2) 0.922570 (1) 0.033291 (1) 
Residue: HIP 197  0.000838 (2) 0.840767 (1) 0.158396 (1) 
Residue: GL4 200  0.999976 (0) 0.000008 (1) 0.000000 (1) 0.000001 (1) 0.000015 (1) 
Residue: TYR 203  0.999978 (1) 0.000022 (0) 
Residue: GL4 208  0.998694 (0) 0.000202 (1) 0.000292 (1) 0.000187 (1) 0.000626 (1) 
Residue: TYR 213  0.999724 (1) 0.000276 (0) 
Residue: TYR 226  0.989845 (1) 0.010155 (0) 
Residue: GL4 229  0.999858 (0) 0.000051 (1) 0.000026 (1) 0.000038 (1) 0.000027 (1) 
Residue: TYR 231  0.978392 (1) 0.021608 (0) 
Residue: HIP 235  0.000615 (2) 0.968377 (1) 0.031008 (1) 
Residue: HIP 240  0.001029 (2) 0.922537 (1) 0.076434 (1) 
Residue: GL4 243  0.999298 (0) 0.000059 (1) 0.000302 (1) 0.000055 (1) 0.000286 (1) 
Residue: TYR 246  0.995068 (1) 0.004932 (0) 
Residue: GL4 251  0.999779 (0) 0.000017 (1) 0.000089 (1) 0.000022 (1) 0.000093 (1) 
Residue: TYR 256  0.987905 (1) 0.012095 (0) 
Residue: TYR 269  0.999844 (1) 0.000156 (0) 
Residue: GL4 272  0.999849 (0) 0.000028 (1) 0.000032 (1) 0.000061 (1) 0.000030 (1) 
Residue: TYR 274  0.997938 (1) 0.002062 (0) 
Residue: HIP 278  0.000878 (2) 0.981772 (1) 0.017349 (1) 
Residue: HIP 283  0.000582 (2) 0.863287 (1) 0.136132 (1) 
Residue: GL4 286  0.999792 (0) 0.000094 (1) 0.000033 (1) 0.000033 (1) 0.000048 (1) 
Residue: TYR 289  0.999963 (1) 0.000037 (0) 
Residue: GL4 294  0.999184 (0) 0.000163 (1) 0.000267 (1) 0.000178 (1) 0.000208 (1) 
Residue: TYR 299  0.999562 (1) 0.000438 (0) 
