   Residue Number     State  0     State  1     State  2     State  3     State  4 
-----------------------------------------------------------------------------------
Residue: TYR 11   0.801870 (1) 0.198130 (0) 
Residue: GL4 14   0.999942 (0) 0.000003 (1) 0.000020 (1) 0.000000 (1) 0.000034 (1) 
Residue: TYR 16   0.787520 (1) 0.212480 (0) 
Residue: HIP 20   0.000888 (2) 0.980588 (1) 0.018524 (1) 
Residue: HIP 25   0.000178 (2) 0.942500 (1) 0.057323 (1) 
Residue: GL4 28   0.999976 (0) 0.000013 (1) 0.000000 (1) 0.000010 (1) 0.000002 (1) 
Residue: TYR 31   0.984947 (1) 0.015053 (0) 
Residue: GL4 36   0.999982 (0) 0.000002 (1) 0.000015 (1) 0.000002 (1) 0.000000 (1) 
Residue: TYR 41   0.748641 (1) 0.251359 (0) 
Residue: TYR 54   0.999584 (1) 0.000416 (0) 
Residue: GL4 57   0.998906 (0) 0.000031 (1) 0.000520 (1) 0.000021 (1) 0.000523 (1) 
Residue: TYR 59   0.997345 (1) 0.002655 (0) 
Residue: HIP 63   0.000583 (2) 0.894407 (1) 0.105010 (1) 
Residue: HIP 68   0.000228 (2) 0.905627 (1) 0.094146 (1) 
Residue: GL4 71   0.999930 (0) 0.000035 (1) 0.000005 (1) 0.000000 (1) 0.000030 (1) 
Residue: TYR 74   0.998182 (1) 0.001818 (0) 
Residue: GL4 79   0.999983 (0) 0.000011 (1) 0.000000 (1) 0.000006 (1) 0.000000 (1) 
Residue: TYR 84   0.995752 (1) 0.004248 (0) 
Residue: TYR 97   0.997937 (1) 0.002063 (0) 
Residue: GL4 100  0.999888 (0) 0.000033 (1) 0.000030 (1) 0.000003 (1) 0.000045 (1) 
Residue: TYR 102  0.998137 (1) 0.001863 (0) 
Residue: HIP 106  0.000124 (2) 0.996297 (1) 0.003578 (1) 
Residue: HIP 111  0.000156 (2) 0.894204 (1) 0.105640 (1) 
Residue: GL4 114  0.999997 (0) 0.000000 (1) 0.000000 (1) 0.000003 (1) 0.000000 (1) 
Residue: TYR 117  0.999783 (1) 0.000217 (0) 
Residue: GL4 122  0.999883 (0) 0.000038 (1) 0.000010 (1) 0.000040 (1) 0.000028 (1) 
Residue: TYR 127  0.996772 (1) 0.003228 (0) 
Residue: TYR 140  0.999606 (1) 0.000394 (0) 
Residue: GL4 143  0.999942 (0) 0.000013 (1) 0.000030 (1) 0.000010 (1) 0.000005 (1) 
Residue: TYR 145  0.997307 (1) 0.002693 (0) 
Residue: HIP 149  0.000769 (2) 0.984257 (1) 0.014974 (1) 
Residue: HIP 154  0.000068 (2) 0.866398 (1) 0.133533 (1) 
Residue: GL4 157  0.999985 (0) 0.000005 (1) 0.000000 (1) 0.000010 (1) 0.000000 (1) 
Residue: TYR 160  0.999802 (1) 0.000198 (0) 
Residue: GL4 165  0.999986 (0) 0.000007 (1) 0.000006 (1) 0.000002 (1) 0.000000 (1) 
Residue: TYR 170  0.999286 (1) 0.000714 (0) 
Residue: TYR 183  0.999630 (1) 0.000370 (0) 
Residue: GL4 186  0.999778 (0) 0.000109 (1) 0.000029 (1) 0.000083 (1) 0.000000 (1) 
Residue: TYR 188  0.989203 (1) 0.010797 (0) 
Residue: HIP 192  0.004679 (2) 0.959048 (1) 0.036273 (1) 
Residue: HIP 197  0.000089 (2) 0.843926 (1) 0.155985 (1) 
Residue: GL4 200  0.999999 (0) 0.000001 (1) 0.000000 (1) 0.000000 (1) 0.000000 (1) 
Residue: TYR 203  0.999837 (1) 0.000163 (0) 
Residue: GL4 208  0.999862 (0) 0.000025 (1) 0.000015 (1) 0.000026 (1) 0.000072 (1) 
Residue: TYR 213  0.997354 (1) 0.002646 (0) 
Residue: TYR 226  0.901897 (1) 0.098103 (0) 
Residue: GL4 229  0.999983 (0) 0.000003 (1) 0.000003 (1) 0.000007 (1) 0.000004 (1) 
Residue: TYR 231  0.815207 (1) 0.184793 (0) 
Residue: HIP 235  0.000074 (2) 0.971492 (1) 0.028433 (1) 
Residue: HIP 240  0.000109 (2) 0.923671 (1) 0.076220 (1) 
Residue: GL4 243  0.999954 (0) 0.000005 (1) 0.000016 (1) 0.000008 (1) 0.000018 (1) 
Residue: TYR 246  0.947067 (1) 0.052933 (0) 
Residue: GL4 251  0.999988 (0) 0.000003 (1) 0.000007 (1) 0.000002 (1) 0.000000 (1) 
Residue: TYR 256  0.887437 (1) 0.112563 (0) 
Residue: TYR 269  0.998715 (1) 0.001285 (0) 
Residue: GL4 272  0.999993 (0) 0.000002 (1) 0.000000 (1) 0.000000 (1) 0.000005 (1) 
Residue: TYR 274  0.983572 (1) 0.016428 (0) 
Residue: HIP 278  0.000109 (2) 0.984055 (1) 0.015836 (1) 
Residue: HIP 283  0.000051 (2) 0.866453 (1) 0.133496 (1) 
Residue: GL4 286  0.999983 (0) 0.000005 (1) 0.000000 (1) 0.000008 (1) 0.000003 (1) 
Residue: TYR 289  0.999562 (1) 0.000438 (0) 
Residue: GL4 294  0.999944 (0) 0.000028 (1) 0.000011 (1) 0.000008 (1) 0.000010 (1) 
Residue: TYR 299  0.995751 (1) 0.004249 (0) 
