   Residue Number     State  0     State  1     State  2     State  3     State  4 
-----------------------------------------------------------------------------------
Residue: TYR 11   0.511702 (1) 0.488298 (0) 
Residue: GL4 14   0.999978 (0) 0.000005 (1) 0.000005 (1) 0.000000 (1) 0.000012 (1) 
Residue: TYR 16   0.550790 (1) 0.449210 (0) 
Residue: HIP 20   0.000349 (2) 0.981482 (1) 0.018168 (1) 
Residue: HIP 25   0.000077 (2) 0.941545 (1) 0.058378 (1) 
Residue: GL4 28   0.999993 (0) 0.000003 (1) 0.000000 (1) 0.000003 (1) 0.000001 (1) 
Residue: TYR 31   0.955045 (1) 0.044955 (0) 
Residue: GL4 36   0.999997 (0) 0.000000 (1) 0.000001 (1) 0.000002 (1) 0.000001 (1) 
Residue: TYR 41   0.462954 (1) 0.537046 (0) 
Residue: TYR 54   0.998509 (1) 0.001491 (0) 
Residue: GL4 57   0.999751 (0) 0.000009 (1) 0.000065 (1) 0.000008 (1) 0.000168 (1) 
Residue: TYR 59   0.992887 (1) 0.007113 (0) 
Residue: HIP 63   0.000190 (2) 0.913490 (1) 0.086320 (1) 
Residue: HIP 68   0.000094 (2) 0.907787 (1) 0.092118 (1) 
Residue: GL4 71   0.999993 (0) 0.000005 (1) 0.000002 (1) 0.000000 (1) 0.000000 (1) 
Residue: TYR 74   0.994774 (1) 0.005226 (0) 
Residue: GL4 79   1.000000 (0) 0.000000 (1) 0.000000 (1) 0.000000 (1) 0.000000 (1) 
Residue: TYR 84   0.987438 (1) 0.012562 (0) 
Residue: TYR 97   0.989439 (1) 0.010561 (0) 
Residue: GL4 100  0.999962 (0) 0.000009 (1) 0.000000 (1) 0.000008 (1) 0.000020 (1) 
Residue: TYR 102  0.995452 (1) 0.004548 (0) 
Residue: HIP 106  0.000051 (2) 0.996841 (1) 0.003108 (1) 
Residue: HIP 111  0.000040 (2) 0.889659 (1) 0.110301 (1) 
Residue: GL4 114  1.000000 (0) 0.000000 (1) 0.000000 (1) 0.000000 (1) 0.000000 (1) 
Residue: TYR 117  0.999437 (1) 0.000563 (0) 
Residue: GL4 122  0.999963 (0) 0.000013 (1) 0.000000 (1) 0.000008 (1) 0.000016 (1) 
Residue: TYR 127  0.990686 (1) 0.009314 (0) 
Residue: TYR 140  0.998741 (1) 0.001259 (0) 
Residue: GL4 143  0.999985 (0) 0.000002 (1) 0.000000 (1) 0.000013 (1) 0.000000 (1) 
Residue: TYR 145  0.992648 (1) 0.007352 (0) 
Residue: HIP 149  0.000247 (2) 0.985733 (1) 0.014020 (1) 
Residue: HIP 154  0.000023 (2) 0.864951 (1) 0.135026 (1) 
Residue: GL4 157  1.000000 (0) 0.000000 (1) 0.000000 (1) 0.000000 (1) 0.000000 (1) 
Residue: TYR 160  0.999382 (1) 0.000618 (0) 
Residue: GL4 165  0.999994 (0) 0.000005 (1) 0.000000 (1) 0.000001 (1) 0.000000 (1) 
Residue: TYR 170  0.997924 (1) 0.002076 (0) 
Residue: TYR 183  0.998974 (1) 0.001026 (0) 
Residue: GL4 186  0.999924 (0) 0.000039 (1) 0.000000 (1) 0.000037 (1) 0.000000 (1) 
Residue: TYR 188  0.972352 (1) 0.027648 (0) 
Residue: HIP 192  0.001516 (2) 0.964498 (1) 0.033986 (1) 
Residue: HIP 197  0.000029 (2) 0.846336 (1) 0.153635 (1) 
Residue: GL4 200  1.000000 (0) 0.000000 (1) 0.000000 (1) 0.000000 (1) 0.000000 (1) 
Residue: TYR 203  0.999483 (1) 0.000517 (0) 
Residue: GL4 208  0.999958 (0) 0.000002 (1) 0.000000 (1) 0.000010 (1) 0.000030 (1) 
Residue: TYR 213  0.992227 (1) 0.007773 (0) 
Residue: TYR 226  0.731580 (1) 0.268420 (0) 
Residue: GL4 229  0.999992 (0) 0.000007 (1) 0.000001 (1) 0.000000 (1) 0.000000 (1) 
Residue: TYR 231  0.580010 (1) 0.419990 (0) 
Residue: HIP 235  0.000017 (2) 0.971887 (1) 0.028096 (1) 
Residue: HIP 240  0.000044 (2) 0.928387 (1) 0.071569 (1) 
Residue: GL4 243  0.999985 (0) 0.000003 (1) 0.000005 (1) 0.000003 (1) 0.000005 (1) 
Residue: TYR 246  0.824301 (1) 0.175699 (0) 
Residue: GL4 251  0.999997 (0) 0.000000 (1) 0.000000 (1) 0.000003 (1) 0.000000 (1) 
Residue: TYR 256  0.714613 (1) 0.285387 (0) 
Residue: TYR 269  0.996686 (1) 0.003314 (0) 
Residue: GL4 272  0.999996 (0) 0.000000 (1) 0.000000 (1) 0.000004 (1) 0.000000 (1) 
Residue: TYR 274  0.964233 (1) 0.035767 (0) 
Residue: HIP 278  0.000035 (2) 0.984517 (1) 0.015448 (1) 
Residue: HIP 283  0.000021 (2) 0.866115 (1) 0.133864 (1) 
Residue: GL4 286  0.999993 (0) 0.000004 (1) 0.000000 (1) 0.000003 (1) 0.000000 (1) 
Residue: TYR 289  0.998626 (1) 0.001374 (0) 
Residue: GL4 294  0.999987 (0) 0.000001 (1) 0.000000 (1) 0.000007 (1) 0.000005 (1) 
Residue: TYR 299  0.988642 (1) 0.011358 (0) 
