   Residue Number     State  0     State  1     State  2     State  3     State  4 
-----------------------------------------------------------------------------------
Residue: TYR 11   0.199513 (1) 0.800487 (0) 
Residue: GL4 14   0.999982 (0) 0.000006 (1) 0.000010 (1) 0.000003 (1) 0.000000 (1) 
Residue: TYR 16   0.295248 (1) 0.704752 (0) 
Residue: HIP 20   0.000138 (2) 0.982355 (1) 0.017508 (1) 
Residue: HIP 25   0.000025 (2) 0.942579 (1) 0.057396 (1) 
Residue: GL4 28   1.000000 (0) 0.000000 (1) 0.000000 (1) 0.000000 (1) 0.000000 (1) 
Residue: TYR 31   0.868276 (1) 0.131724 (0) 
Residue: GL4 36   1.000000 (0) 0.000000 (1) 0.000000 (1) 0.000000 (1) 0.000000 (1) 
Residue: TYR 41   0.196173 (1) 0.803827 (0) 
Residue: TYR 54   0.994768 (1) 0.005232 (0) 
Residue: GL4 57   0.999961 (0) 0.000006 (1) 0.000000 (1) 0.000001 (1) 0.000033 (1) 
Residue: TYR 59   0.981986 (1) 0.018014 (0) 
Residue: HIP 63   0.000068 (2) 0.931813 (1) 0.068119 (1) 
Residue: HIP 68   0.000024 (2) 0.904767 (1) 0.095208 (1) 
Residue: GL4 71   1.000000 (0) 0.000000 (1) 0.000000 (1) 0.000000 (1) 0.000000 (1) 
Residue: TYR 74   0.985983 (1) 0.014017 (0) 
Residue: GL4 79   1.000000 (0) 0.000000 (1) 0.000000 (1) 0.000000 (1) 0.000000 (1) 
Residue: TYR 84   0.964807 (1) 0.035193 (0) 
Residue: TYR 97   0.952399 (1) 0.047601 (0) 
Residue: GL4 100  0.999999 (0) 0.000000 (1) 0.000000 (1) 0.000001 (1) 0.000000 (1) 
Residue: TYR 102  0.991056 (1) 0.008944 (0) 
Residue: HIP 106  0.000018 (2) 0.997379 (1) 0.002603 (1) 
Residue: HIP 111  0.000012 (2) 0.880435 (1) 0.119553 (1) 
Residue: GL4 114  0.999999 (0) 0.000000 (1) 0.000000 (1) 0.000001 (1) 0.000000 (1) 
Residue: TYR 117  0.998366 (1) 0.001634 (0) 
Residue: GL4 122  0.999987 (0) 0.000005 (1) 0.000001 (1) 0.000007 (1) 0.000000 (1) 
Residue: TYR 127  0.971505 (1) 0.028495 (0) 
Residue: TYR 140  0.996525 (1) 0.003475 (0) 
Residue: GL4 143  0.999997 (0) 0.000000 (1) 0.000000 (1) 0.000003 (1) 0.000000 (1) 
Residue: TYR 145  0.981175 (1) 0.018825 (0) 
Residue: HIP 149  0.000057 (2) 0.986484 (1) 0.013459 (1) 
Residue: HIP 154  0.000008 (2) 0.856469 (1) 0.143523 (1) 
Residue: GL4 157  1.000000 (0) 0.000000 (1) 0.000000 (1) 0.000000 (1) 0.000000 (1) 
Residue: TYR 160  0.998298 (1) 0.001702 (0) 
Residue: GL4 165  0.999998 (0) 0.000002 (1) 0.000000 (1) 0.000000 (1) 0.000000 (1) 
Residue: TYR 170  0.994167 (1) 0.005833 (0) 
Residue: TYR 183  0.996820 (1) 0.003180 (0) 
Residue: GL4 186  0.999960 (0) 0.000014 (1) 0.000000 (1) 0.000026 (1) 0.000000 (1) 
Residue: TYR 188  0.930374 (1) 0.069626 (0) 
Residue: HIP 192  0.000514 (2) 0.970437 (1) 0.029049 (1) 
Residue: HIP 197  0.000013 (2) 0.850413 (1) 0.149574 (1) 
Residue: GL4 200  1.000000 (0) 0.000000 (1) 0.000000 (1) 0.000000 (1) 0.000000 (1) 
Residue: TYR 203  0.998724 (1) 0.001276 (0) 
Residue: GL4 208  1.000000 (0) 0.000000 (1) 0.000000 (1) 0.000000 (1) 0.000000 (1) 
Residue: TYR 213  0.973157 (1) 0.026843 (0) 
Residue: TYR 226  0.443695 (1) 0.556305 (0) 
Residue: GL4 229  0.999999 (0) 0.000001 (1) 0.000000 (1) 0.000000 (1) 0.000000 (1) 
Residue: TYR 231  0.318944 (1) 0.681056 (0) 
Residue: HIP 235  0.000013 (2) 0.973103 (1) 0.026884 (1) 
Residue: HIP 240  0.000012 (2) 0.936971 (1) 0.063018 (1) 
Residue: GL4 243  0.999991 (0) 0.000003 (1) 0.000000 (1) 0.000003 (1) 0.000003 (1) 
Residue: TYR 246  0.543550 (1) 0.456450 (0) 
Residue: GL4 251  0.999999 (0) 0.000000 (1) 0.000000 (1) 0.000001 (1) 0.000000 (1) 
Residue: TYR 256  0.447776 (1) 0.552224 (0) 
Residue: TYR 269  0.992800 (1) 0.007200 (0) 
Residue: GL4 272  0.999997 (0) 0.000001 (1) 0.000000 (1) 0.000003 (1) 0.000000 (1) 
Residue: TYR 274  0.941280 (1) 0.058720 (0) 
Residue: HIP 278  0.000010 (2) 0.984182 (1) 0.015808 (1) 
Residue: HIP 283  0.000006 (2) 0.871564 (1) 0.128430 (1) 
Residue: GL4 286  0.999995 (0) 0.000000 (1) 0.000000 (1) 0.000005 (1) 0.000000 (1) 
Residue: TYR 289  0.995491 (1) 0.004509 (0) 
Residue: GL4 294  1.000000 (0) 0.000000 (1) 0.000000 (1) 0.000000 (1) 0.000000 (1) 
Residue: TYR 299  0.974613 (1) 0.025387 (0) 
