   Residue Number     State  0     State  1     State  2     State  3     State  4 
-----------------------------------------------------------------------------------
Residue: TYR 11   0.057245 (1) 0.942755 (0) 
Residue: GL4 14   0.999997 (0) 0.000000 (1) 0.000000 (1) 0.000003 (1) 0.000000 (1) 
Residue: TYR 16   0.128942 (1) 0.871058 (0) 
Residue: HIP 20   0.000058 (2) 0.982402 (1) 0.017539 (1) 
Residue: HIP 25   0.000008 (2) 0.942157 (1) 0.057834 (1) 
Residue: GL4 28   1.000000 (0) 0.000000 (1) 0.000000 (1) 0.000000 (1) 0.000000 (1) 
Residue: TYR 31   0.660273 (1) 0.339727 (0) 
Residue: GL4 36   1.000000 (0) 0.000000 (1) 0.000000 (1) 0.000000 (1) 0.000000 (1) 
Residue: TYR 41   0.066327 (1) 0.933673 (0) 
Residue: TYR 54   0.982442 (1) 0.017558 (0) 
Residue: GL4 57   0.999992 (0) 0.000000 (1) 0.000000 (1) 0.000003 (1) 0.000005 (1) 
Residue: TYR 59   0.958675 (1) 0.041325 (0) 
Residue: HIP 63   0.000019 (2) 0.940989 (1) 0.058992 (1) 
Residue: HIP 68   0.000005 (2) 0.900085 (1) 0.099910 (1) 
Residue: GL4 71   1.000000 (0) 0.000000 (1) 0.000000 (1) 0.000000 (1) 0.000000 (1) 
Residue: TYR 74   0.963328 (1) 0.036672 (0) 
Residue: GL4 79   1.000000 (0) 0.000000 (1) 0.000000 (1) 0.000000 (1) 0.000000 (1) 
Residue: TYR 84   0.907909 (1) 0.092091 (0) 
Residue: TYR 97   0.836340 (1) 0.163660 (0) 
Residue: GL4 100  1.000000 (0) 0.000000 (1) 0.000000 (1) 0.000000 (1) 0.000000 (1) 
Residue: TYR 102  0.980942 (1) 0.019058 (0) 
Residue: HIP 106  0.000003 (2) 0.997506 (1) 0.002491 (1) 
Residue: HIP 111  0.000004 (2) 0.876427 (1) 0.123568 (1) 
Residue: GL4 114  1.000000 (0) 0.000000 (1) 0.000000 (1) 0.000000 (1) 0.000000 (1) 
Residue: TYR 117  0.995992 (1) 0.004008 (0) 
Residue: GL4 122  0.999997 (0) 0.000003 (1) 0.000000 (1) 0.000001 (1) 0.000000 (1) 
Residue: TYR 127  0.913416 (1) 0.086584 (0) 
Residue: TYR 140  0.989652 (1) 0.010348 (0) 
Residue: GL4 143  0.999998 (0) 0.000001 (1) 0.000001 (1) 0.000000 (1) 0.000000 (1) 
Residue: TYR 145  0.955537 (1) 0.044463 (0) 
Residue: HIP 149  0.000023 (2) 0.987314 (1) 0.012663 (1) 
Residue: HIP 154  0.000000 (2) 0.841728 (1) 0.158272 (1) 
Residue: GL4 157  1.000000 (0) 0.000000 (1) 0.000000 (1) 0.000000 (1) 0.000000 (1) 
Residue: TYR 160  0.995366 (1) 0.004634 (0) 
Residue: GL4 165  1.000000 (0) 0.000000 (1) 0.000000 (1) 0.000000 (1) 0.000000 (1) 
Residue: TYR 170  0.983093 (1) 0.016907 (0) 
Residue: TYR 183  0.990284 (1) 0.009716 (0) 
Residue: GL4 186  0.999996 (0) 0.000003 (1) 0.000000 (1) 0.000002 (1) 0.000000 (1) 
Residue: TYR 188  0.832722 (1) 0.167278 (0) 
Residue: HIP 192  0.000177 (2) 0.978294 (1) 0.021529 (1) 
Residue: HIP 197  0.000009 (2) 0.853722 (1) 0.146268 (1) 
Residue: GL4 200  1.000000 (0) 0.000000 (1) 0.000000 (1) 0.000000 (1) 0.000000 (1) 
Residue: TYR 203  0.996666 (1) 0.003334 (0) 
Residue: GL4 208  1.000000 (0) 0.000000 (1) 0.000000 (1) 0.000000 (1) 0.000000 (1) 
Residue: TYR 213  0.916666 (1) 0.083334 (0) 
Residue: TYR 226  0.193448 (1) 0.806552 (0) 
Residue: GL4 229  1.000000 (0) 0.000000 (1) 0.000000 (1) 0.000000 (1) 0.000000 (1) 
Residue: TYR 231  0.156098 (1) 0.843902 (0) 
Residue: HIP 235  0.000003 (2) 0.973099 (1) 0.026898 (1) 
Residue: HIP 240  0.000007 (2) 0.942562 (1) 0.057431 (1) 
Residue: GL4 243  1.000000 (0) 0.000000 (1) 0.000000 (1) 0.000000 (1) 0.000000 (1) 
Residue: TYR 246  0.244404 (1) 0.755596 (0) 
Residue: GL4 251  1.000000 (0) 0.000000 (1) 0.000000 (1) 0.000000 (1) 0.000000 (1) 
Residue: TYR 256  0.213731 (1) 0.786269 (0) 
Residue: TYR 269  0.985660 (1) 0.014340 (0) 
Residue: GL4 272  1.000000 (0) 0.000000 (1) 0.000000 (1) 0.000000 (1) 0.000000 (1) 
Residue: TYR 274  0.907042 (1) 0.092958 (0) 
Residue: HIP 278  0.000002 (2) 0.984482 (1) 0.015517 (1) 
Residue: HIP 283  0.000002 (2) 0.868257 (1) 0.131741 (1) 
Residue: GL4 286  1.000000 (0) 0.000000 (1) 0.000000 (1) 0.000000 (1) 0.000000 (1) 
Residue: TYR 289  0.986613 (1) 0.013387 (0) 
Residue: GL4 294  1.000000 (0) 0.000000 (1) 0.000000 (1) 0.000000 (1) 0.000000 (1) 
Residue: TYR 299  0.950276 (1) 0.049724 (0) 
