   Residue Number     State  0     State  1     State  2     State  3     State  4 
-----------------------------------------------------------------------------------
Residue: TYR 11   0.014421 (1) 0.985579 (0) 
Residue: GL4 14   1.000000 (0) 0.000000 (1) 0.000000 (1) 0.000000 (1) 0.000000 (1) 
Residue: TYR 16   0.053744 (1) 0.946256 (0) 
Residue: HIP 20   0.000023 (2) 0.982140 (1) 0.017837 (1) 
Residue: HIP 25   0.000000 (2) 0.942807 (1) 0.057193 (1) 
Residue: GL4 28   1.000000 (0) 0.000000 (1) 0.000000 (1) 0.000000 (1) 0.000000 (1) 
Residue: TYR 31   0.369179 (1) 0.630821 (0) 
Residue: GL4 36   1.000000 (0) 0.000000 (1) 0.000000 (1) 0.000000 (1) 0.000000 (1) 
Residue: TYR 41   0.021755 (1) 0.978245 (0) 
Residue: TYR 54   0.947169 (1) 0.052831 (0) 
Residue: GL4 57   0.999990 (0) 0.000000 (1) 0.000000 (1) 0.000000 (1) 0.000010 (1) 
Residue: TYR 59   0.917675 (1) 0.082325 (0) 
Residue: HIP 63   0.000008 (2) 0.945722 (1) 0.054270 (1) 
Residue: HIP 68   0.000002 (2) 0.899894 (1) 0.100104 (1) 
Residue: GL4 71   1.000000 (0) 0.000000 (1) 0.000000 (1) 0.000000 (1) 0.000000 (1) 
Residue: TYR 74   0.905328 (1) 0.094672 (0) 
Residue: GL4 79   1.000000 (0) 0.000000 (1) 0.000000 (1) 0.000000 (1) 0.000000 (1) 
Residue: TYR 84   0.807137 (1) 0.192863 (0) 
Residue: TYR 97   0.588045 (1) 0.411955 (0) 
Residue: GL4 100  1.000000 (0) 0.000000 (1) 0.000000 (1) 0.000000 (1) 0.000000 (1) 
Residue: TYR 102  0.954227 (1) 0.045773 (0) 
Residue: HIP 106  0.000000 (2) 0.996920 (1) 0.003080 (1) 
Residue: HIP 111  0.000000 (2) 0.881438 (1) 0.118562 (1) 
Residue: GL4 114  1.000000 (0) 0.000000 (1) 0.000000 (1) 0.000000 (1) 0.000000 (1) 
Residue: TYR 117  0.992080 (1) 0.007920 (0) 
Residue: GL4 122  1.000000 (0) 0.000000 (1) 0.000000 (1) 0.000000 (1) 0.000000 (1) 
Residue: TYR 127  0.783866 (1) 0.216134 (0) 
Residue: TYR 140  0.968849 (1) 0.031151 (0) 
Residue: GL4 143  0.999997 (0) 0.000000 (1) 0.000000 (1) 0.000003 (1) 0.000000 (1) 
Residue: TYR 145  0.907506 (1) 0.092494 (0) 
Residue: HIP 149  0.000008 (2) 0.988706 (1) 0.011287 (1) 
Residue: HIP 154  0.000002 (2) 0.829136 (1) 0.170863 (1) 
Residue: GL4 157  1.000000 (0) 0.000000 (1) 0.000000 (1) 0.000000 (1) 0.000000 (1) 
Residue: TYR 160  0.987754 (1) 0.012246 (0) 
Residue: GL4 165  1.000000 (0) 0.000000 (1) 0.000000 (1) 0.000000 (1) 0.000000 (1) 
Residue: TYR 170  0.954066 (1) 0.045934 (0) 
Residue: TYR 183  0.970461 (1) 0.029539 (0) 
Residue: GL4 186  0.999996 (0) 0.000004 (1) 0.000000 (1) 0.000000 (1) 0.000000 (1) 
Residue: TYR 188  0.671836 (1) 0.328164 (0) 
Residue: HIP 192  0.000062 (2) 0.981825 (1) 0.018113 (1) 
Residue: HIP 197  0.000001 (2) 0.844988 (1) 0.155011 (1) 
Residue: GL4 200  1.000000 (0) 0.000000 (1) 0.000000 (1) 0.000000 (1) 0.000000 (1) 
Residue: TYR 203  0.991745 (1) 0.008255 (0) 
Residue: GL4 208  1.000000 (0) 0.000000 (1) 0.000000 (1) 0.000000 (1) 0.000000 (1) 
Residue: TYR 213  0.799281 (1) 0.200719 (0) 
Residue: TYR 226  0.071545 (1) 0.928455 (0) 
Residue: GL4 229  1.000000 (0) 0.000000 (1) 0.000000 (1) 0.000000 (1) 0.000000 (1) 
Residue: TYR 231  0.077143 (1) 0.922857 (0) 
Residue: HIP 235  0.000000 (2) 0.973620 (1) 0.026380 (1) 
Residue: HIP 240  0.000001 (2) 0.944524 (1) 0.055475 (1) 
Residue: GL4 243  1.000000 (0) 0.000000 (1) 0.000000 (1) 0.000000 (1) 0.000000 (1) 
Residue: TYR 246  0.088274 (1) 0.911726 (0) 
Residue: GL4 251  1.000000 (0) 0.000000 (1) 0.000000 (1) 0.000000 (1) 0.000000 (1) 
Residue: TYR 256  0.094286 (1) 0.905714 (0) 
Residue: TYR 269  0.967725 (1) 0.032275 (0) 
Residue: GL4 272  0.999997 (0) 0.000000 (1) 0.000000 (1) 0.000003 (1) 0.000000 (1) 
Residue: TYR 274  0.844081 (1) 0.155919 (0) 
Residue: HIP 278  0.000002 (2) 0.984253 (1) 0.015745 (1) 
Residue: HIP 283  0.000001 (2) 0.862416 (1) 0.137583 (1) 
Residue: GL4 286  1.000000 (0) 0.000000 (1) 0.000000 (1) 0.000000 (1) 0.000000 (1) 
Residue: TYR 289  0.963443 (1) 0.036557 (0) 
Residue: GL4 294  1.000000 (0) 0.000000 (1) 0.000000 (1) 0.000000 (1) 0.000000 (1) 
Residue: TYR 299  0.901838 (1) 0.098162 (0) 
