   Residue Number     State  0     State  1     State  2     State  3     State  4 
-----------------------------------------------------------------------------------
Residue: TYR 11   0.003340 (1) 0.996660 (0) 
Residue: GL4 14   1.000000 (0) 0.000000 (1) 0.000000 (1) 0.000000 (1) 0.000000 (1) 
Residue: TYR 16   0.023826 (1) 0.976174 (0) 
Residue: HIP 20   0.000006 (2) 0.982016 (1) 0.017978 (1) 
Residue: HIP 25   0.000001 (2) 0.943225 (1) 0.056774 (1) 
Residue: GL4 28   1.000000 (0) 0.000000 (1) 0.000000 (1) 0.000000 (1) 0.000000 (1) 
Residue: TYR 31   0.161123 (1) 0.838877 (0) 
Residue: GL4 36   1.000000 (0) 0.000000 (1) 0.000000 (1) 0.000000 (1) 0.000000 (1) 
Residue: TYR 41   0.007609 (1) 0.992391 (0) 
Residue: TYR 54   0.866839 (1) 0.133161 (0) 
Residue: GL4 57   1.000000 (0) 0.000000 (1) 0.000000 (1) 0.000000 (1) 0.000000 (1) 
Residue: TYR 59   0.867347 (1) 0.132653 (0) 
Residue: HIP 63   0.000001 (2) 0.950247 (1) 0.049753 (1) 
Residue: HIP 68   0.000000 (2) 0.901906 (1) 0.098094 (1) 
Residue: GL4 71   1.000000 (0) 0.000000 (1) 0.000000 (1) 0.000000 (1) 0.000000 (1) 
Residue: TYR 74   0.781088 (1) 0.218912 (0) 
Residue: GL4 79   1.000000 (0) 0.000000 (1) 0.000000 (1) 0.000000 (1) 0.000000 (1) 
Residue: TYR 84   0.715638 (1) 0.284362 (0) 
Residue: TYR 97   0.309987 (1) 0.690013 (0) 
Residue: GL4 100  1.000000 (0) 0.000000 (1) 0.000000 (1) 0.000000 (1) 0.000000 (1) 
Residue: TYR 102  0.890554 (1) 0.109446 (0) 
Residue: HIP 106  0.000002 (2) 0.996014 (1) 0.003984 (1) 
Residue: HIP 111  0.000002 (2) 0.894241 (1) 0.105758 (1) 
Residue: GL4 114  1.000000 (0) 0.000000 (1) 0.000000 (1) 0.000000 (1) 0.000000 (1) 
Residue: TYR 117  0.986267 (1) 0.013733 (0) 
Residue: GL4 122  0.999997 (0) 0.000003 (1) 0.000000 (1) 0.000001 (1) 0.000000 (1) 
Residue: TYR 127  0.576580 (1) 0.423420 (0) 
Residue: TYR 140  0.910085 (1) 0.089915 (0) 
Residue: GL4 143  1.000000 (0) 0.000000 (1) 0.000000 (1) 0.000000 (1) 0.000000 (1) 
Residue: TYR 145  0.852932 (1) 0.147068 (0) 
Residue: HIP 149  0.000003 (2) 0.988615 (1) 0.011383 (1) 
Residue: HIP 154  0.000000 (2) 0.822279 (1) 0.177721 (1) 
Residue: GL4 157  1.000000 (0) 0.000000 (1) 0.000000 (1) 0.000000 (1) 0.000000 (1) 
Residue: TYR 160  0.969072 (1) 0.030928 (0) 
Residue: GL4 165  1.000000 (0) 0.000000 (1) 0.000000 (1) 0.000000 (1) 0.000000 (1) 
Residue: TYR 170  0.889490 (1) 0.110510 (0) 
Residue: TYR 183  0.917902 (1) 0.082098 (0) 
Residue: GL4 186  1.000000 (0) 0.000000 (1) 0.000000 (1) 0.000000 (1) 0.000000 (1) 
Residue: TYR 188  0.510987 (1) 0.489013 (0) 
Residue: HIP 192  0.000017 (2) 0.985019 (1) 0.014964 (1) 
Residue: HIP 197  0.000000 (2) 0.818277 (1) 0.181723 (1) 
Residue: GL4 200  1.000000 (0) 0.000000 (1) 0.000000 (1) 0.000000 (1) 0.000000 (1) 
Residue: TYR 203  0.981128 (1) 0.018872 (0) 
Residue: GL4 208  1.000000 (0) 0.000000 (1) 0.000000 (1) 0.000000 (1) 0.000000 (1) 
Residue: TYR 213  0.652368 (1) 0.347632 (0) 
Residue: TYR 226  0.027313 (1) 0.972687 (0) 
Residue: GL4 229  1.000000 (0) 0.000000 (1) 0.000000 (1) 0.000000 (1) 0.000000 (1) 
Residue: TYR 231  0.039227 (1) 0.960773 (0) 
Residue: HIP 235  0.000000 (2) 0.975679 (1) 0.024321 (1) 
Residue: HIP 240  0.000000 (2) 0.944897 (1) 0.055103 (1) 
Residue: GL4 243  1.000000 (0) 0.000000 (1) 0.000000 (1) 0.000000 (1) 0.000000 (1) 
Residue: TYR 246  0.029351 (1) 0.970649 (0) 
Residue: GL4 251  1.000000 (0) 0.000000 (1) 0.000000 (1) 0.000000 (1) 0.000000 (1) 
Residue: TYR 256  0.042028 (1) 0.957972 (0) 
Residue: TYR 269  0.920138 (1) 0.079862 (0) 
Residue: GL4 272  0.999995 (0) 0.000000 (1) 0.000000 (1) 0.000004 (1) 0.000001 (1) 
Residue: TYR 274  0.730682 (1) 0.269318 (0) 
Residue: HIP 278  0.000000 (2) 0.985407 (1) 0.014593 (1) 
Residue: HIP 283  0.000000 (2) 0.856746 (1) 0.143254 (1) 
Residue: GL4 286  1.000000 (0) 0.000000 (1) 0.000000 (1) 0.000000 (1) 0.000000 (1) 
Residue: TYR 289  0.902135 (1) 0.097865 (0) 
Residue: GL4 294  1.000000 (0) 0.000000 (1) 0.000000 (1) 0.000000 (1) 0.000000 (1) 
Residue: TYR 299  0.815542 (1) 0.184458 (0) 
