   Residue Number     State  0     State  1     State  2     State  3     State  4 
-----------------------------------------------------------------------------------
Residue: TYR 11   1.000000 (1) 0.000000 (0) 
Residue: GL4 14   0.015569 (0) 0.413626 (1) 0.078385 (1) 0.414181 (1) 0.078238 (1) 
Residue: TYR 16   1.000000 (1) 0.000000 (0) 
Residue: HIP 20   0.999685 (2) 0.000285 (1) 0.000030 (1) 
Residue: HIP 25   0.999201 (2) 0.000669 (1) 0.000130 (1) 
Residue: GL4 28   0.020966 (0) 0.295979 (1) 0.197576 (1) 0.306216 (1) 0.179263 (1) 
Residue: TYR 31   1.000000 (1) 0.000000 (0) 
Residue: GL4 36   0.027693 (0) 0.398004 (1) 0.086930 (1) 0.398299 (1) 0.089074 (1) 
Residue: TYR 41   1.000000 (1) 0.000000 (0) 
Residue: TYR 54   1.000000 (1) 0.000000 (0) 
Residue: GL4 57   0.205853 (0) 0.284607 (1) 0.120638 (1) 0.282802 (1) 0.106100 (1) 
Residue: TYR 59   1.000000 (1) 0.000000 (0) 
Residue: HIP 63   0.998721 (2) 0.001043 (1) 0.000237 (1) 
Residue: HIP 68   0.995845 (2) 0.003304 (1) 0.000851 (1) 
Residue: GL4 71   0.290007 (0) 0.324034 (1) 0.027737 (1) 0.282604 (1) 0.075618 (1) 
Residue: TYR 74   1.000000 (1) 0.000000 (0) 
Residue: GL4 79   0.356876 (0) 0.293383 (1) 0.028166 (1) 0.293924 (1) 0.027652 (1) 
Residue: TYR 84   1.000000 (1) 0.000000 (0) 
Residue: TYR 97   0.999999 (1) 0.000001 (0) 
Residue: GL4 100  0.095564 (0) 0.371680 (1) 0.078823 (1) 0.376936 (1) 0.076997 (1) 
Residue: TYR 102  1.000000 (1) 0.000000 (0) 
Residue: HIP 106  0.988467 (2) 0.011317 (1) 0.000217 (1) 
Residue: HIP 111  0.994187 (2) 0.004896 (1) 0.000917 (1) 
Residue: GL4 114  0.545675 (0) 0.123135 (1) 0.038923 (1) 0.207774 (1) 0.084493 (1) 
Residue: TYR 117  1.000000 (1) 0.000000 (0) 
Residue: GL4 122  0.069348 (0) 0.279313 (1) 0.182137 (1) 0.286257 (1) 0.182946 (1) 
Residue: TYR 127  1.000000 (1) 0.000000 (0) 
Residue: TYR 140  1.000000 (1) 0.000000 (0) 
Residue: GL4 143  0.030479 (0) 0.412430 (1) 0.068449 (1) 0.420140 (1) 0.068501 (1) 
Residue: TYR 145  1.000000 (1) 0.000000 (0) 
Residue: HIP 149  0.995962 (2) 0.003912 (1) 0.000127 (1) 
Residue: HIP 154  0.991385 (2) 0.006808 (1) 0.001807 (1) 
Residue: GL4 157  0.456343 (0) 0.202359 (1) 0.017954 (1) 0.298259 (1) 0.025086 (1) 
Residue: TYR 160  1.000000 (1) 0.000000 (0) 
Residue: GL4 165  0.390991 (0) 0.274122 (1) 0.027428 (1) 0.281232 (1) 0.026228 (1) 
Residue: TYR 170  1.000000 (1) 0.000000 (0) 
Residue: TYR 183  1.000000 (1) 0.000000 (0) 
Residue: GL4 186  0.201280 (0) 0.368999 (1) 0.026352 (1) 0.376164 (1) 0.027205 (1) 
Residue: TYR 188  0.999999 (1) 0.000001 (0) 
Residue: HIP 192  0.997667 (2) 0.001641 (1) 0.000692 (1) 
Residue: HIP 197  0.987887 (2) 0.010164 (1) 0.001949 (1) 
Residue: GL4 200  0.711062 (0) 0.102761 (1) 0.038713 (1) 0.128403 (1) 0.019062 (1) 
Residue: TYR 203  1.000000 (1) 0.000000 (0) 
Residue: GL4 208  0.040393 (0) 0.312413 (1) 0.139253 (1) 0.393254 (1) 0.114686 (1) 
Residue: TYR 213  1.000000 (1) 0.000000 (0) 
Residue: TYR 226  1.000000 (1) 0.000000 (0) 
Residue: GL4 229  0.014527 (0) 0.379497 (1) 0.114516 (1) 0.374714 (1) 0.116747 (1) 
Residue: TYR 231  1.000000 (1) 0.000000 (0) 
Residue: HIP 235  0.998912 (2) 0.000934 (1) 0.000154 (1) 
Residue: HIP 240  0.999669 (2) 0.000274 (1) 0.000057 (1) 
Residue: GL4 243  0.026588 (0) 0.272921 (1) 0.217352 (1) 0.273200 (1) 0.209939 (1) 
Residue: TYR 246  1.000000 (1) 0.000000 (0) 
Residue: GL4 251  0.003928 (0) 0.410272 (1) 0.083104 (1) 0.419021 (1) 0.083674 (1) 
Residue: TYR 256  1.000000 (1) 0.000000 (0) 
Residue: TYR 269  1.000000 (1) 0.000000 (0) 
Residue: GL4 272  0.124256 (0) 0.390134 (1) 0.051498 (1) 0.377669 (1) 0.056443 (1) 
Residue: TYR 274  1.000000 (1) 0.000000 (0) 
Residue: HIP 278  0.997054 (2) 0.002802 (1) 0.000144 (1) 
Residue: HIP 283  0.993944 (2) 0.005093 (1) 0.000963 (1) 
Residue: GL4 286  0.532220 (0) 0.104615 (1) 0.124964 (1) 0.078141 (1) 0.160060 (1) 
Residue: TYR 289  1.000000 (1) 0.000000 (0) 
Residue: GL4 294  0.031617 (0) 0.415615 (1) 0.061415 (1) 0.428387 (1) 0.062967 (1) 
Residue: TYR 299  1.000000 (1) 0.000000 (0) 
