   Residue Number     State  0     State  1     State  2     State  3     State  4 
-----------------------------------------------------------------------------------
Residue: TYR 11   1.000000 (1) 0.000000 (0) 
Residue: GL4 14   0.006787 (0) 0.435594 (1) 0.058446 (1) 0.438895 (1) 0.060278 (1) 
Residue: TYR 16   1.000000 (1) 0.000000 (0) 
Residue: HIP 20   0.999922 (2) 0.000073 (1) 0.000006 (1) 
Residue: HIP 25   0.999750 (2) 0.000206 (1) 0.000044 (1) 
Residue: GL4 28   0.011155 (0) 0.361393 (1) 0.134806 (1) 0.367701 (1) 0.124945 (1) 
Residue: TYR 31   1.000000 (1) 0.000000 (0) 
Residue: GL4 36   0.011708 (0) 0.420113 (1) 0.075488 (1) 0.417243 (1) 0.075448 (1) 
Residue: TYR 41   1.000000 (1) 0.000000 (0) 
Residue: TYR 54   1.000000 (1) 0.000000 (0) 
Residue: GL4 57   0.120722 (0) 0.354173 (1) 0.089923 (1) 0.355192 (1) 0.079991 (1) 
Residue: TYR 59   1.000000 (1) 0.000000 (0) 
Residue: HIP 63   0.999600 (2) 0.000338 (1) 0.000062 (1) 
Residue: HIP 68   0.998647 (2) 0.001027 (1) 0.000327 (1) 
Residue: GL4 71   0.346591 (0) 0.280332 (1) 0.032028 (1) 0.257239 (1) 0.083810 (1) 
Residue: TYR 74   1.000000 (1) 0.000000 (0) 
Residue: GL4 79   0.234645 (0) 0.352279 (1) 0.026825 (1) 0.359338 (1) 0.026913 (1) 
Residue: TYR 84   1.000000 (1) 0.000000 (0) 
Residue: TYR 97   1.000000 (1) 0.000000 (0) 
Residue: GL4 100  0.049618 (0) 0.417491 (1) 0.057449 (1) 0.418654 (1) 0.056788 (1) 
Residue: TYR 102  1.000000 (1) 0.000000 (0) 
Residue: HIP 106  0.996302 (2) 0.003628 (1) 0.000069 (1) 
Residue: HIP 111  0.997925 (2) 0.001753 (1) 0.000323 (1) 
Residue: GL4 114  0.371914 (0) 0.184878 (1) 0.063379 (1) 0.283459 (1) 0.096371 (1) 
Residue: TYR 117  1.000000 (1) 0.000000 (0) 
Residue: GL4 122  0.030298 (0) 0.336028 (1) 0.141175 (1) 0.347408 (1) 0.145092 (1) 
Residue: TYR 127  1.000000 (1) 0.000000 (0) 
Residue: TYR 140  1.000000 (1) 0.000000 (0) 
Residue: GL4 143  0.014653 (0) 0.430603 (1) 0.055186 (1) 0.440655 (1) 0.058904 (1) 
Residue: TYR 145  0.999999 (1) 0.000001 (0) 
Residue: HIP 149  0.998602 (2) 0.001347 (1) 0.000052 (1) 
Residue: HIP 154  0.997055 (2) 0.002369 (1) 0.000576 (1) 
Residue: GL4 157  0.488382 (0) 0.189402 (1) 0.023533 (1) 0.272438 (1) 0.026245 (1) 
Residue: TYR 160  1.000000 (1) 0.000000 (0) 
Residue: GL4 165  0.229984 (0) 0.352009 (1) 0.031985 (1) 0.353820 (1) 0.032201 (1) 
Residue: TYR 170  1.000000 (1) 0.000000 (0) 
Residue: TYR 183  1.000000 (1) 0.000000 (0) 
Residue: GL4 186  0.117835 (0) 0.411244 (1) 0.026180 (1) 0.420285 (1) 0.024457 (1) 
Residue: TYR 188  1.000000 (1) 0.000000 (0) 
Residue: HIP 192  0.999171 (2) 0.000556 (1) 0.000273 (1) 
Residue: HIP 197  0.996029 (2) 0.003388 (1) 0.000583 (1) 
Residue: GL4 200  0.645286 (0) 0.113628 (1) 0.041078 (1) 0.177468 (1) 0.022541 (1) 
Residue: TYR 203  1.000000 (1) 0.000000 (0) 
Residue: GL4 208  0.027273 (0) 0.369070 (1) 0.099013 (1) 0.417368 (1) 0.087275 (1) 
Residue: TYR 213  1.000000 (1) 0.000000 (0) 
Residue: TYR 226  1.000000 (1) 0.000000 (0) 
Residue: GL4 229  0.007205 (0) 0.387606 (1) 0.110559 (1) 0.384789 (1) 0.109840 (1) 
Residue: TYR 231  1.000000 (1) 0.000000 (0) 
Residue: HIP 235  0.999590 (2) 0.000348 (1) 0.000063 (1) 
Residue: HIP 240  0.999884 (2) 0.000088 (1) 0.000028 (1) 
Residue: GL4 243  0.013815 (0) 0.273792 (1) 0.214119 (1) 0.283207 (1) 0.215067 (1) 
Residue: TYR 246  1.000000 (1) 0.000000 (0) 
Residue: GL4 251  0.001392 (0) 0.408432 (1) 0.085863 (1) 0.417003 (1) 0.087310 (1) 
Residue: TYR 256  1.000000 (1) 0.000000 (0) 
Residue: TYR 269  1.000000 (1) 0.000000 (0) 
Residue: GL4 272  0.058794 (0) 0.420360 (1) 0.052278 (1) 0.409430 (1) 0.059138 (1) 
Residue: TYR 274  1.000000 (1) 0.000000 (0) 
Residue: HIP 278  0.998284 (2) 0.001672 (1) 0.000044 (1) 
Residue: HIP 283  0.997826 (2) 0.001882 (1) 0.000293 (1) 
Residue: GL4 286  0.472687 (0) 0.119606 (1) 0.148931 (1) 0.091303 (1) 0.167473 (1) 
Residue: TYR 289  1.000000 (1) 0.000000 (0) 
Residue: GL4 294  0.014049 (0) 0.441949 (1) 0.059812 (1) 0.425745 (1) 0.058446 (1) 
Residue: TYR 299  1.000000 (1) 0.000000 (0) 
