   Residue Number     State  0     State  1     State  2     State  3     State  4 
-----------------------------------------------------------------------------------
Residue: TYR 11   1.000000 (1) 0.000000 (0) 
Residue: GL4 14   0.034234 (0) 0.372504 (1) 0.104622 (1) 0.382034 (1) 0.106607 (1) 
Residue: TYR 16   1.000000 (1) 0.000000 (0) 
Residue: HIP 20   0.999077 (2) 0.000833 (1) 0.000090 (1) 
Residue: HIP 25   0.997676 (2) 0.002018 (1) 0.000306 (1) 
Residue: GL4 28   0.033043 (0) 0.234382 (1) 0.251518 (1) 0.251004 (1) 0.230053 (1) 
Residue: TYR 31   1.000000 (1) 0.000000 (0) 
Residue: GL4 36   0.054473 (0) 0.367521 (1) 0.102200 (1) 0.367686 (1) 0.108119 (1) 
Residue: TYR 41   1.000000 (1) 0.000000 (0) 
Residue: TYR 54   1.000000 (1) 0.000000 (0) 
Residue: GL4 57   0.285025 (0) 0.210433 (1) 0.157124 (1) 0.208149 (1) 0.139268 (1) 
Residue: TYR 59   1.000000 (1) 0.000000 (0) 
Residue: HIP 63   0.996291 (2) 0.002970 (1) 0.000739 (1) 
Residue: HIP 68   0.987648 (2) 0.009541 (1) 0.002811 (1) 
Residue: GL4 71   0.239595 (0) 0.377876 (1) 0.024223 (1) 0.291356 (1) 0.066949 (1) 
Residue: TYR 74   1.000000 (1) 0.000000 (0) 
Residue: GL4 79   0.473492 (0) 0.242060 (1) 0.027593 (1) 0.231497 (1) 0.025358 (1) 
Residue: TYR 84   0.999999 (1) 0.000001 (0) 
Residue: TYR 97   1.000000 (1) 0.000000 (0) 
Residue: GL4 100  0.167038 (0) 0.319615 (1) 0.095371 (1) 0.318714 (1) 0.099262 (1) 
Residue: TYR 102  1.000000 (1) 0.000000 (0) 
Residue: HIP 106  0.966500 (2) 0.032922 (1) 0.000578 (1) 
Residue: HIP 111  0.981778 (2) 0.014897 (1) 0.003325 (1) 
Residue: GL4 114  0.692256 (0) 0.079348 (1) 0.021273 (1) 0.137866 (1) 0.069256 (1) 
Residue: TYR 117  1.000000 (1) 0.000000 (0) 
Residue: GL4 122  0.133281 (0) 0.215529 (1) 0.221436 (1) 0.215433 (1) 0.214321 (1) 
Residue: TYR 127  1.000000 (1) 0.000000 (0) 
Residue: TYR 140  1.000000 (1) 0.000000 (0) 
Residue: GL4 143  0.052844 (0) 0.379961 (1) 0.089491 (1) 0.392315 (1) 0.085388 (1) 
Residue: TYR 145  1.000000 (1) 0.000000 (0) 
Residue: HIP 149  0.988357 (2) 0.011378 (1) 0.000266 (1) 
Residue: HIP 154  0.974071 (2) 0.020262 (1) 0.005668 (1) 
Residue: GL4 157  0.422635 (0) 0.217080 (1) 0.017478 (1) 0.320161 (1) 0.022646 (1) 
Residue: TYR 160  1.000000 (1) 0.000000 (0) 
Residue: GL4 165  0.571257 (0) 0.184614 (1) 0.026034 (1) 0.195453 (1) 0.022642 (1) 
Residue: TYR 170  1.000000 (1) 0.000000 (0) 
Residue: TYR 183  1.000000 (1) 0.000000 (0) 
Residue: GL4 186  0.301218 (0) 0.322776 (1) 0.024244 (1) 0.323789 (1) 0.027973 (1) 
Residue: TYR 188  1.000000 (1) 0.000000 (0) 
Residue: HIP 192  0.994202 (2) 0.004462 (1) 0.001337 (1) 
Residue: HIP 197  0.965459 (2) 0.028618 (1) 0.005923 (1) 
Residue: GL4 200  0.772635 (0) 0.093065 (1) 0.032408 (1) 0.087081 (1) 0.014811 (1) 
Residue: TYR 203  1.000000 (1) 0.000000 (0) 
Residue: GL4 208  0.049300 (0) 0.262787 (1) 0.167259 (1) 0.375581 (1) 0.145073 (1) 
Residue: TYR 213  1.000000 (1) 0.000000 (0) 
Residue: TYR 226  1.000000 (1) 0.000000 (0) 
Residue: GL4 229  0.026423 (0) 0.365664 (1) 0.120311 (1) 0.364294 (1) 0.123308 (1) 
Residue: TYR 231  1.000000 (1) 0.000000 (0) 
Residue: HIP 235  0.996599 (2) 0.002879 (1) 0.000522 (1) 
Residue: HIP 240  0.999005 (2) 0.000855 (1) 0.000140 (1) 
Residue: GL4 243  0.044821 (0) 0.272947 (1) 0.213554 (1) 0.265770 (1) 0.202908 (1) 
Residue: TYR 246  1.000000 (1) 0.000000 (0) 
Residue: GL4 251  0.011133 (0) 0.401674 (1) 0.089149 (1) 0.412344 (1) 0.085700 (1) 
Residue: TYR 256  1.000000 (1) 0.000000 (0) 
Residue: TYR 269  1.000000 (1) 0.000000 (0) 
Residue: GL4 272  0.241259 (0) 0.332951 (1) 0.047656 (1) 0.324337 (1) 0.053798 (1) 
Residue: TYR 274  1.000000 (1) 0.000000 (0) 
Residue: HIP 278  0.993608 (2) 0.005997 (1) 0.000395 (1) 
Residue: HIP 283  0.982925 (2) 0.014333 (1) 0.002743 (1) 
Residue: GL4 286  0.595107 (0) 0.087688 (1) 0.099215 (1) 0.065208 (1) 0.152782 (1) 
Residue: TYR 289  1.000000 (1) 0.000000 (0) 
Residue: GL4 294  0.060936 (0) 0.373434 (1) 0.069151 (1) 0.419683 (1) 0.076797 (1) 
Residue: TYR 299  1.000000 (1) 0.000000 (0) 
