   Residue Number     State  0     State  1     State  2     State  3     State  4 
-----------------------------------------------------------------------------------
Residue: GL4 14   0.034461 (0) 0.249663 (1) 0.225039 (1) 0.250613 (1) 0.240224 (1) 
Residue: HIP 20   0.997320 (2) 0.002454 (1) 0.000226 (1) 
Residue: HIP 25   0.993231 (2) 0.005553 (1) 0.001217 (1) 
Residue: GL4 28   0.092637 (0) 0.323635 (1) 0.137676 (1) 0.326760 (1) 0.119292 (1) 
Residue: GL4 36   0.095015 (0) 0.223512 (1) 0.236943 (1) 0.223367 (1) 0.221163 (1) 
Residue: GL4 57   0.279086 (0) 0.240638 (1) 0.103638 (1) 0.259623 (1) 0.117014 (1) 
Residue: HIP 63   0.983808 (2) 0.014930 (1) 0.001262 (1) 
Residue: HIP 68   0.942068 (2) 0.043410 (1) 0.014522 (1) 
Residue: GL4 71   0.571833 (0) 0.130229 (1) 0.138923 (1) 0.105220 (1) 0.053795 (1) 
Residue: GL4 79   0.127523 (0) 0.394342 (1) 0.066425 (1) 0.353844 (1) 0.057866 (1) 
Residue: GL4 100  0.480247 (0) 0.154982 (1) 0.104352 (1) 0.147991 (1) 0.112428 (1) 
Residue: HIP 106  0.961178 (2) 0.037687 (1) 0.001135 (1) 
Residue: HIP 111  0.945852 (2) 0.041475 (1) 0.012673 (1) 
Residue: GL4 114  0.473754 (0) 0.032444 (1) 0.025623 (1) 0.365007 (1) 0.103172 (1) 
Residue: GL4 122  0.559915 (0) 0.198090 (1) 0.040414 (1) 0.171564 (1) 0.030016 (1) 
Residue: GL4 143  0.244184 (0) 0.321363 (1) 0.052477 (1) 0.327772 (1) 0.054203 (1) 
Residue: HIP 149  0.994778 (2) 0.004590 (1) 0.000632 (1) 
Residue: HIP 154  0.890375 (2) 0.077780 (1) 0.031845 (1) 
Residue: GL4 157  0.835792 (0) 0.018839 (1) 0.087714 (1) 0.013395 (1) 0.044259 (1) 
Residue: GL4 165  0.424051 (0) 0.131602 (1) 0.162891 (1) 0.115560 (1) 0.165897 (1) 
Residue: GL4 186  0.308167 (0) 0.254616 (1) 0.088666 (1) 0.266233 (1) 0.082317 (1) 
Residue: HIP 192  0.800884 (2) 0.009739 (1) 0.189378 (1) 
Residue: HIP 197  0.917619 (2) 0.058666 (1) 0.023715 (1) 
Residue: GL4 200  0.530779 (0) 0.128040 (1) 0.115443 (1) 0.155922 (1) 0.069817 (1) 
Residue: GL4 208  0.315930 (0) 0.265104 (1) 0.083469 (1) 0.264082 (1) 0.071415 (1) 
Residue: GL4 229  0.046088 (0) 0.334316 (1) 0.139471 (1) 0.329772 (1) 0.150353 (1) 
Residue: HIP 235  0.996280 (2) 0.003291 (1) 0.000429 (1) 
Residue: HIP 240  0.996834 (2) 0.002438 (1) 0.000728 (1) 
Residue: GL4 243  0.623824 (0) 0.089469 (1) 0.102571 (1) 0.091504 (1) 0.092633 (1) 
Residue: GL4 251  0.029821 (0) 0.253309 (1) 0.234729 (1) 0.252086 (1) 0.230054 (1) 
Residue: GL4 272  0.193090 (0) 0.347596 (1) 0.054396 (1) 0.351033 (1) 0.053885 (1) 
Residue: HIP 278  0.994587 (2) 0.005208 (1) 0.000205 (1) 
Residue: HIP 283  0.965040 (2) 0.027101 (1) 0.007859 (1) 
Residue: GL4 286  0.315078 (0) 0.424190 (1) 0.005432 (1) 0.251678 (1) 0.003622 (1) 
Residue: GL4 294  0.228989 (0) 0.111765 (1) 0.279729 (1) 0.115880 (1) 0.263637 (1) 
