   Residue Number     State  0     State  1     State  2     State  3     State  4 
-----------------------------------------------------------------------------------
Residue: GL4 14   0.054019 (0) 0.186657 (1) 0.281811 (1) 0.181703 (1) 0.295810 (1) 
Residue: HIP 20   0.992289 (2) 0.006724 (1) 0.000987 (1) 
Residue: HIP 25   0.982224 (2) 0.014384 (1) 0.003392 (1) 
Residue: GL4 28   0.150737 (0) 0.290237 (1) 0.129542 (1) 0.291454 (1) 0.138031 (1) 
Residue: GL4 36   0.147897 (0) 0.160018 (1) 0.285800 (1) 0.156950 (1) 0.249335 (1) 
Residue: GL4 57   0.283190 (0) 0.219205 (1) 0.115480 (1) 0.257120 (1) 0.125005 (1) 
Residue: HIP 63   0.958490 (2) 0.038036 (1) 0.003474 (1) 
Residue: HIP 68   0.867356 (2) 0.097477 (1) 0.035167 (1) 
Residue: GL4 71   0.568437 (0) 0.151798 (1) 0.130720 (1) 0.105441 (1) 0.043605 (1) 
Residue: GL4 79   0.166572 (0) 0.385281 (1) 0.068190 (1) 0.318493 (1) 0.061465 (1) 
Residue: GL4 100  0.606210 (0) 0.098462 (1) 0.101822 (1) 0.094385 (1) 0.099121 (1) 
Residue: HIP 106  0.890890 (2) 0.106549 (1) 0.002561 (1) 
Residue: HIP 111  0.858877 (2) 0.103615 (1) 0.037508 (1) 
Residue: GL4 114  0.624263 (0) 0.028720 (1) 0.014243 (1) 0.269971 (1) 0.062803 (1) 
Residue: GL4 122  0.659957 (0) 0.154322 (1) 0.036322 (1) 0.125046 (1) 0.024353 (1) 
Residue: GL4 143  0.301488 (0) 0.277787 (1) 0.052763 (1) 0.309458 (1) 0.058504 (1) 
Residue: HIP 149  0.986108 (2) 0.012560 (1) 0.001332 (1) 
Residue: HIP 154  0.754950 (2) 0.168109 (1) 0.076941 (1) 
Residue: GL4 157  0.895158 (0) 0.017481 (1) 0.049313 (1) 0.006398 (1) 0.031650 (1) 
Residue: GL4 165  0.447507 (0) 0.112055 (1) 0.163666 (1) 0.099603 (1) 0.177168 (1) 
Residue: GL4 186  0.415619 (0) 0.198960 (1) 0.084248 (1) 0.214373 (1) 0.086799 (1) 
Residue: HIP 192  0.722845 (2) 0.017682 (1) 0.259474 (1) 
Residue: HIP 197  0.825596 (2) 0.119725 (1) 0.054679 (1) 
Residue: GL4 200  0.535706 (0) 0.134288 (1) 0.110442 (1) 0.157672 (1) 0.061892 (1) 
Residue: GL4 208  0.388845 (0) 0.222718 (1) 0.094155 (1) 0.216154 (1) 0.078127 (1) 
Residue: GL4 229  0.081595 (0) 0.290820 (1) 0.169556 (1) 0.287963 (1) 0.170066 (1) 
Residue: HIP 235  0.987957 (2) 0.010574 (1) 0.001469 (1) 
Residue: HIP 240  0.992141 (2) 0.006398 (1) 0.001461 (1) 
Residue: GL4 243  0.630495 (0) 0.088120 (1) 0.101229 (1) 0.103995 (1) 0.076161 (1) 
Residue: GL4 251  0.067718 (0) 0.200719 (1) 0.266592 (1) 0.206489 (1) 0.258482 (1) 
Residue: GL4 272  0.285359 (0) 0.295295 (1) 0.069772 (1) 0.297419 (1) 0.052155 (1) 
Residue: HIP 278  0.985441 (2) 0.013960 (1) 0.000599 (1) 
Residue: HIP 283  0.912185 (2) 0.067484 (1) 0.020331 (1) 
Residue: GL4 286  0.333704 (0) 0.399095 (1) 0.002438 (1) 0.263046 (1) 0.001718 (1) 
Residue: GL4 294  0.350218 (0) 0.085816 (1) 0.245723 (1) 0.092339 (1) 0.225903 (1) 
