   Residue Number     State  0     State  1     State  2     State  3     State  4 
-----------------------------------------------------------------------------------
Residue: TYR 11   1.000000 (1) 0.000000 (0) 
Residue: GL4 14   0.187018 (0) 0.159114 (1) 0.238201 (1) 0.158280 (1) 0.257387 (1) 
Residue: TYR 16   1.000000 (1) 0.000000 (0) 
Residue: HIP 20   0.986057 (2) 0.013007 (1) 0.000936 (1) 
Residue: HIP 25   0.958197 (2) 0.036249 (1) 0.005553 (1) 
Residue: GL4 28   0.144168 (0) 0.173700 (1) 0.271159 (1) 0.189762 (1) 0.221211 (1) 
Residue: TYR 31   1.000000 (1) 0.000000 (0) 
Residue: GL4 36   0.310094 (0) 0.230861 (1) 0.112646 (1) 0.230094 (1) 0.116305 (1) 
Residue: TYR 41   1.000000 (1) 0.000000 (0) 
Residue: TYR 54   1.000000 (1) 0.000000 (0) 
Residue: GL4 57   0.243079 (0) 0.085998 (1) 0.317157 (1) 0.084783 (1) 0.268983 (1) 
Residue: TYR 59   0.999999 (1) 0.000001 (0) 
Residue: HIP 63   0.939087 (2) 0.047462 (1) 0.013451 (1) 
Residue: HIP 68   0.851373 (2) 0.111188 (1) 0.037439 (1) 
Residue: GL4 71   0.290410 (0) 0.326143 (1) 0.036147 (1) 0.234059 (1) 0.113242 (1) 
Residue: TYR 74   1.000000 (1) 0.000000 (0) 
Residue: GL4 79   0.697576 (0) 0.131153 (1) 0.020258 (1) 0.136551 (1) 0.014462 (1) 
Residue: TYR 84   1.000000 (1) 0.000000 (0) 
Residue: TYR 97   1.000000 (1) 0.000000 (0) 
Residue: GL4 100  0.567755 (0) 0.146513 (1) 0.072387 (1) 0.147778 (1) 0.065568 (1) 
Residue: TYR 102  1.000000 (1) 0.000000 (0) 
Residue: HIP 106  0.613424 (2) 0.377135 (1) 0.009441 (1) 
Residue: HIP 111  0.699991 (2) 0.236774 (1) 0.063236 (1) 
Residue: GL4 114  0.836774 (0) 0.029617 (1) 0.010899 (1) 0.074715 (1) 0.047995 (1) 
Residue: TYR 117  0.999999 (1) 0.000001 (0) 
Residue: GL4 122  0.294644 (0) 0.137514 (1) 0.202176 (1) 0.161364 (1) 0.204302 (1) 
Residue: TYR 127  1.000000 (1) 0.000000 (0) 
Residue: TYR 140  1.000000 (1) 0.000000 (0) 
Residue: GL4 143  0.121846 (0) 0.303934 (1) 0.134865 (1) 0.306569 (1) 0.132786 (1) 
Residue: TYR 145  1.000000 (1) 0.000000 (0) 
Residue: HIP 149  0.763635 (2) 0.232411 (1) 0.003954 (1) 
Residue: HIP 154  0.718534 (2) 0.208574 (1) 0.072893 (1) 
Residue: GL4 157  0.641468 (0) 0.141893 (1) 0.016939 (1) 0.180846 (1) 0.018853 (1) 
Residue: TYR 160  1.000000 (1) 0.000000 (0) 
Residue: GL4 165  0.827262 (0) 0.064856 (1) 0.020007 (1) 0.067832 (1) 0.020043 (1) 
Residue: TYR 170  1.000000 (1) 0.000000 (0) 
Residue: TYR 183  1.000000 (1) 0.000000 (0) 
Residue: GL4 186  0.684217 (0) 0.140533 (1) 0.016390 (1) 0.139886 (1) 0.018973 (1) 
Residue: TYR 188  1.000000 (1) 0.000000 (0) 
Residue: HIP 192  0.931396 (2) 0.059203 (1) 0.009402 (1) 
Residue: HIP 197  0.650070 (2) 0.267469 (1) 0.082461 (1) 
Residue: GL4 200  0.775506 (0) 0.111072 (1) 0.022447 (1) 0.074018 (1) 0.016958 (1) 
Residue: TYR 203  1.000000 (1) 0.000000 (0) 
Residue: GL4 208  0.077378 (0) 0.216340 (1) 0.240275 (1) 0.274244 (1) 0.191763 (1) 
Residue: TYR 213  1.000000 (1) 0.000000 (0) 
Residue: TYR 226  1.000000 (1) 0.000000 (0) 
Residue: GL4 229  0.126905 (0) 0.284726 (1) 0.152675 (1) 0.284525 (1) 0.151168 (1) 
Residue: TYR 231  1.000000 (1) 0.000000 (0) 
Residue: HIP 235  0.922348 (2) 0.063648 (1) 0.014003 (1) 
Residue: HIP 240  0.979217 (2) 0.017419 (1) 0.003363 (1) 
Residue: GL4 243  0.166529 (0) 0.173115 (1) 0.247679 (1) 0.157596 (1) 0.255080 (1) 
Residue: TYR 246  1.000000 (1) 0.000000 (0) 
Residue: GL4 251  0.190576 (0) 0.272253 (1) 0.124391 (1) 0.280051 (1) 0.132729 (1) 
Residue: TYR 256  1.000000 (1) 0.000000 (0) 
Residue: TYR 269  1.000000 (1) 0.000000 (0) 
Residue: GL4 272  0.708675 (0) 0.121145 (1) 0.024058 (1) 0.116888 (1) 0.029235 (1) 
Residue: TYR 274  0.999999 (1) 0.000001 (0) 
Residue: HIP 278  0.894457 (2) 0.097209 (1) 0.008334 (1) 
Residue: HIP 283  0.741562 (2) 0.201536 (1) 0.056902 (1) 
Residue: GL4 286  0.643566 (0) 0.132834 (1) 0.054873 (1) 0.079019 (1) 0.089708 (1) 
Residue: TYR 289  1.000000 (1) 0.000000 (0) 
Residue: GL4 294  0.189438 (0) 0.295913 (1) 0.117818 (1) 0.297486 (1) 0.099345 (1) 
Residue: TYR 299  0.999999 (1) 0.000001 (0) 
