   Residue Number     State  0     State  1     State  2     State  3     State  4 
-----------------------------------------------------------------------------------
Residue: TYR 11   1.000000 (1) 0.000000 (0) 
Residue: GL4 14   0.250282 (0) 0.100505 (1) 0.270484 (1) 0.093063 (1) 0.285666 (1) 
Residue: TYR 16   0.999999 (1) 0.000001 (0) 
Residue: HIP 20   0.974440 (2) 0.023950 (1) 0.001610 (1) 
Residue: HIP 25   0.920387 (2) 0.069132 (1) 0.010482 (1) 
Residue: GL4 28   0.260266 (0) 0.183878 (1) 0.206975 (1) 0.183068 (1) 0.165813 (1) 
Residue: TYR 31   1.000000 (1) 0.000000 (0) 
Residue: GL4 36   0.491710 (0) 0.147409 (1) 0.107468 (1) 0.148863 (1) 0.104550 (1) 
Residue: TYR 41   1.000000 (1) 0.000000 (0) 
Residue: TYR 54   1.000000 (1) 0.000000 (0) 
Residue: GL4 57   0.187836 (0) 0.059994 (1) 0.366141 (1) 0.058053 (1) 0.327975 (1) 
Residue: TYR 59   1.000000 (1) 0.000000 (0) 
Residue: HIP 63   0.893487 (2) 0.082008 (1) 0.024505 (1) 
Residue: HIP 68   0.793731 (2) 0.156863 (1) 0.049406 (1) 
Residue: GL4 71   0.327959 (0) 0.273254 (1) 0.044434 (1) 0.203080 (1) 0.151273 (1) 
Residue: TYR 74   1.000000 (1) 0.000000 (0) 
Residue: GL4 79   0.784221 (0) 0.082698 (1) 0.022280 (1) 0.096270 (1) 0.014531 (1) 
Residue: TYR 84   1.000000 (1) 0.000000 (0) 
Residue: TYR 97   1.000000 (1) 0.000000 (0) 
Residue: GL4 100  0.674205 (0) 0.110577 (1) 0.055411 (1) 0.111958 (1) 0.047849 (1) 
Residue: TYR 102  1.000000 (1) 0.000000 (0) 
Residue: HIP 106  0.400571 (2) 0.585703 (1) 0.013726 (1) 
Residue: HIP 111  0.490199 (2) 0.406555 (1) 0.103246 (1) 
Residue: GL4 114  0.862374 (0) 0.025271 (1) 0.008083 (1) 0.072726 (1) 0.031546 (1) 
Residue: TYR 117  1.000000 (1) 0.000000 (0) 
Residue: GL4 122  0.296751 (0) 0.175434 (1) 0.158913 (1) 0.170232 (1) 0.198669 (1) 
Residue: TYR 127  1.000000 (1) 0.000000 (0) 
Residue: TYR 140  1.000000 (1) 0.000000 (0) 
Residue: GL4 143  0.170493 (0) 0.282946 (1) 0.119570 (1) 0.284344 (1) 0.142648 (1) 
Residue: TYR 145  1.000000 (1) 0.000000 (0) 
Residue: HIP 149  0.574585 (2) 0.419525 (1) 0.005889 (1) 
Residue: HIP 154  0.634211 (2) 0.267865 (1) 0.097924 (1) 
Residue: GL4 157  0.817526 (0) 0.068897 (1) 0.015399 (1) 0.082327 (1) 0.015852 (1) 
Residue: TYR 160  1.000000 (1) 0.000000 (0) 
Residue: GL4 165  0.859554 (0) 0.051217 (1) 0.018210 (1) 0.051888 (1) 0.019132 (1) 
Residue: TYR 170  0.999999 (1) 0.000001 (0) 
Residue: TYR 183  1.000000 (1) 0.000000 (0) 
Residue: GL4 186  0.800912 (0) 0.087010 (1) 0.010833 (1) 0.088856 (1) 0.012388 (1) 
Residue: TYR 188  1.000000 (1) 0.000000 (0) 
Residue: HIP 192  0.892782 (2) 0.088545 (1) 0.018673 (1) 
Residue: HIP 197  0.504035 (2) 0.364564 (1) 0.131401 (1) 
Residue: GL4 200  0.778632 (0) 0.115933 (1) 0.023430 (1) 0.071972 (1) 0.010033 (1) 
Residue: TYR 203  1.000000 (1) 0.000000 (0) 
Residue: GL4 208  0.095167 (0) 0.213709 (1) 0.251144 (1) 0.242485 (1) 0.197495 (1) 
Residue: TYR 213  1.000000 (1) 0.000000 (0) 
Residue: TYR 226  1.000000 (1) 0.000000 (0) 
Residue: GL4 229  0.212520 (0) 0.239245 (1) 0.154978 (1) 0.238903 (1) 0.154353 (1) 
Residue: TYR 231  1.000000 (1) 0.000000 (0) 
Residue: HIP 235  0.836356 (2) 0.131994 (1) 0.031650 (1) 
Residue: HIP 240  0.955596 (2) 0.037324 (1) 0.007080 (1) 
Residue: GL4 243  0.214036 (0) 0.120093 (1) 0.278938 (1) 0.110423 (1) 0.276511 (1) 
Residue: TYR 246  1.000000 (1) 0.000000 (0) 
Residue: GL4 251  0.381085 (0) 0.175128 (1) 0.125436 (1) 0.176482 (1) 0.141869 (1) 
Residue: TYR 256  1.000000 (1) 0.000000 (0) 
Residue: TYR 269  1.000000 (1) 0.000000 (0) 
Residue: GL4 272  0.763718 (0) 0.094260 (1) 0.017818 (1) 0.098289 (1) 0.025914 (1) 
Residue: TYR 274  0.999999 (1) 0.000001 (0) 
Residue: HIP 278  0.736294 (2) 0.250934 (1) 0.012773 (1) 
Residue: HIP 283  0.565390 (2) 0.329934 (1) 0.104676 (1) 
Residue: GL4 286  0.667711 (0) 0.153208 (1) 0.037877 (1) 0.093943 (1) 0.047262 (1) 
Residue: TYR 289  1.000000 (1) 0.000000 (0) 
Residue: GL4 294  0.247884 (0) 0.253142 (1) 0.110699 (1) 0.288944 (1) 0.099331 (1) 
Residue: TYR 299  1.000000 (1) 0.000000 (0) 
