   Residue Number     State  0     State  1     State  2     State  3     State  4 
-----------------------------------------------------------------------------------
Residue: TYR 11   0.999999 (1) 0.000001 (0) 
Residue: GL4 14   0.315208 (0) 0.066109 (1) 0.275282 (1) 0.065454 (1) 0.277947 (1) 
Residue: TYR 16   0.999999 (1) 0.000001 (0) 
Residue: HIP 20   0.959699 (2) 0.038003 (1) 0.002298 (1) 
Residue: HIP 25   0.857405 (2) 0.123683 (1) 0.018912 (1) 
Residue: GL4 28   0.457051 (0) 0.169809 (1) 0.119339 (1) 0.158709 (1) 0.095091 (1) 
Residue: TYR 31   1.000000 (1) 0.000000 (0) 
Residue: GL4 36   0.637774 (0) 0.077877 (1) 0.108319 (1) 0.078468 (1) 0.097563 (1) 
Residue: TYR 41   0.999998 (1) 0.000002 (0) 
Residue: TYR 54   1.000000 (1) 0.000000 (0) 
Residue: GL4 57   0.172158 (0) 0.039342 (1) 0.371048 (1) 0.038813 (1) 0.378639 (1) 
Residue: TYR 59   1.000000 (1) 0.000000 (0) 
Residue: HIP 63   0.841910 (2) 0.118343 (1) 0.039747 (1) 
Residue: HIP 68   0.747426 (2) 0.197807 (1) 0.054767 (1) 
Residue: GL4 71   0.387229 (0) 0.251034 (1) 0.041436 (1) 0.193562 (1) 0.126739 (1) 
Residue: TYR 74   1.000000 (1) 0.000000 (0) 
Residue: GL4 79   0.836907 (0) 0.068299 (1) 0.022729 (1) 0.063336 (1) 0.008728 (1) 
Residue: TYR 84   1.000000 (1) 0.000000 (0) 
Residue: TYR 97   1.000000 (1) 0.000000 (0) 
Residue: GL4 100  0.735439 (0) 0.087008 (1) 0.052420 (1) 0.084002 (1) 0.041132 (1) 
Residue: TYR 102  1.000000 (1) 0.000000 (0) 
Residue: HIP 106  0.224144 (2) 0.763204 (1) 0.012652 (1) 
Residue: HIP 111  0.332915 (2) 0.532216 (1) 0.134868 (1) 
Residue: GL4 114  0.892722 (0) 0.018781 (1) 0.004436 (1) 0.068043 (1) 0.016018 (1) 
Residue: TYR 117  1.000000 (1) 0.000000 (0) 
Residue: GL4 122  0.321612 (0) 0.208602 (1) 0.125534 (1) 0.169974 (1) 0.174278 (1) 
Residue: TYR 127  1.000000 (1) 0.000000 (0) 
Residue: TYR 140  1.000000 (1) 0.000000 (0) 
Residue: GL4 143  0.268440 (0) 0.237618 (1) 0.114553 (1) 0.260245 (1) 0.119144 (1) 
Residue: TYR 145  1.000000 (1) 0.000000 (0) 
Residue: HIP 149  0.420443 (2) 0.573894 (1) 0.005663 (1) 
Residue: HIP 154  0.567211 (2) 0.316289 (1) 0.116499 (1) 
Residue: GL4 157  0.919637 (0) 0.023447 (1) 0.011688 (1) 0.031618 (1) 0.013610 (1) 
Residue: TYR 160  1.000000 (1) 0.000000 (0) 
Residue: GL4 165  0.904383 (0) 0.032655 (1) 0.015012 (1) 0.030599 (1) 0.017351 (1) 
Residue: TYR 170  1.000000 (1) 0.000000 (0) 
Residue: TYR 183  1.000000 (1) 0.000000 (0) 
Residue: GL4 186  0.857364 (0) 0.062493 (1) 0.009042 (1) 0.063952 (1) 0.007150 (1) 
Residue: TYR 188  1.000000 (1) 0.000000 (0) 
Residue: HIP 192  0.849177 (2) 0.116463 (1) 0.034360 (1) 
Residue: HIP 197  0.362751 (2) 0.455438 (1) 0.181811 (1) 
Residue: GL4 200  0.788426 (0) 0.105898 (1) 0.024958 (1) 0.072403 (1) 0.008315 (1) 
Residue: TYR 203  1.000000 (1) 0.000000 (0) 
Residue: GL4 208  0.115537 (0) 0.212035 (1) 0.265077 (1) 0.179298 (1) 0.228054 (1) 
Residue: TYR 213  1.000000 (1) 0.000000 (0) 
Residue: TYR 226  1.000000 (1) 0.000000 (0) 
Residue: GL4 229  0.380993 (0) 0.185086 (1) 0.126912 (1) 0.181353 (1) 0.125656 (1) 
Residue: TYR 231  0.999997 (1) 0.000003 (0) 
Residue: HIP 235  0.735609 (2) 0.212679 (1) 0.051712 (1) 
Residue: HIP 240  0.905028 (2) 0.080017 (1) 0.014955 (1) 
Residue: GL4 243  0.208916 (0) 0.099961 (1) 0.304774 (1) 0.082309 (1) 0.304040 (1) 
Residue: TYR 246  1.000000 (1) 0.000000 (0) 
Residue: GL4 251  0.575263 (0) 0.091782 (1) 0.109022 (1) 0.092003 (1) 0.131931 (1) 
Residue: TYR 256  0.999999 (1) 0.000001 (0) 
Residue: TYR 269  1.000000 (1) 0.000000 (0) 
Residue: GL4 272  0.788582 (0) 0.090589 (1) 0.012502 (1) 0.092425 (1) 0.015902 (1) 
Residue: TYR 274  1.000000 (1) 0.000000 (0) 
Residue: HIP 278  0.511960 (2) 0.474195 (1) 0.013846 (1) 
Residue: HIP 283  0.400406 (2) 0.456452 (1) 0.143142 (1) 
Residue: GL4 286  0.755107 (0) 0.131798 (1) 0.016894 (1) 0.078429 (1) 0.017772 (1) 
Residue: TYR 289  1.000000 (1) 0.000000 (0) 
Residue: GL4 294  0.284977 (0) 0.226038 (1) 0.092728 (1) 0.312159 (1) 0.084098 (1) 
Residue: TYR 299  1.000000 (1) 0.000000 (0) 
