   Residue Number     State  0     State  1     State  2     State  3     State  4 
-----------------------------------------------------------------------------------
Residue: TYR 11   0.999995 (1) 0.000005 (0) 
Residue: GL4 14   0.636485 (0) 0.023463 (1) 0.156063 (1) 0.029908 (1) 0.154081 (1) 
Residue: TYR 16   0.999983 (1) 0.000017 (0) 
Residue: HIP 20   0.871422 (2) 0.123768 (1) 0.004810 (1) 
Residue: HIP 25   0.594025 (2) 0.364689 (1) 0.041285 (1) 
Residue: GL4 28   0.851020 (0) 0.061204 (1) 0.015068 (1) 0.058505 (1) 0.014203 (1) 
Residue: TYR 31   0.999997 (1) 0.000003 (0) 
Residue: GL4 36   0.790755 (0) 0.022964 (1) 0.076585 (1) 0.023337 (1) 0.086359 (1) 
Residue: TYR 41   0.999995 (1) 0.000005 (0) 
Residue: TYR 54   1.000000 (1) 0.000000 (0) 
Residue: GL4 57   0.256346 (0) 0.023468 (1) 0.352245 (1) 0.022900 (1) 0.345040 (1) 
Residue: TYR 59   0.999998 (1) 0.000002 (0) 
Residue: HIP 63   0.589501 (2) 0.279688 (1) 0.130811 (1) 
Residue: HIP 68   0.554431 (2) 0.365888 (1) 0.079681 (1) 
Residue: GL4 71   0.556719 (0) 0.187758 (1) 0.021013 (1) 0.140155 (1) 0.094355 (1) 
Residue: TYR 74   1.000000 (1) 0.000000 (0) 
Residue: GL4 79   0.882317 (0) 0.036649 (1) 0.013866 (1) 0.060978 (1) 0.006190 (1) 
Residue: TYR 84   1.000000 (1) 0.000000 (0) 
Residue: TYR 97   1.000000 (1) 0.000000 (0) 
Residue: GL4 100  0.824088 (0) 0.050326 (1) 0.036099 (1) 0.053004 (1) 0.036483 (1) 
Residue: TYR 102  1.000000 (1) 0.000000 (0) 
Residue: HIP 106  0.100310 (2) 0.893527 (1) 0.006163 (1) 
Residue: HIP 111  0.206761 (2) 0.643999 (1) 0.149240 (1) 
Residue: GL4 114  0.935321 (0) 0.006306 (1) 0.001385 (1) 0.034983 (1) 0.022006 (1) 
Residue: TYR 117  1.000000 (1) 0.000000 (0) 
Residue: GL4 122  0.460185 (0) 0.188052 (1) 0.106351 (1) 0.136518 (1) 0.108893 (1) 
Residue: TYR 127  1.000000 (1) 0.000000 (0) 
Residue: TYR 140  1.000000 (1) 0.000000 (0) 
Residue: GL4 143  0.554813 (0) 0.150759 (1) 0.065983 (1) 0.167985 (1) 0.060459 (1) 
Residue: TYR 145  1.000000 (1) 0.000000 (0) 
Residue: HIP 149  0.265199 (2) 0.729636 (1) 0.005166 (1) 
Residue: HIP 154  0.309240 (2) 0.536196 (1) 0.154563 (1) 
Residue: GL4 157  0.978370 (0) 0.005378 (1) 0.001147 (1) 0.010917 (1) 0.004189 (1) 
Residue: TYR 160  1.000000 (1) 0.000000 (0) 
Residue: GL4 165  0.953043 (0) 0.013418 (1) 0.010218 (1) 0.012381 (1) 0.010940 (1) 
Residue: TYR 170  1.000000 (1) 0.000000 (0) 
Residue: TYR 183  1.000000 (1) 0.000000 (0) 
Residue: GL4 186  0.871742 (0) 0.054668 (1) 0.004708 (1) 0.060739 (1) 0.008143 (1) 
Residue: TYR 188  0.999999 (1) 0.000001 (0) 
Residue: HIP 192  0.771973 (2) 0.159438 (1) 0.068589 (1) 
Residue: HIP 197  0.211731 (2) 0.591525 (1) 0.196744 (1) 
Residue: GL4 200  0.933078 (0) 0.033517 (1) 0.007464 (1) 0.015547 (1) 0.010394 (1) 
Residue: TYR 203  1.000000 (1) 0.000000 (0) 
Residue: GL4 208  0.317080 (0) 0.160419 (1) 0.233036 (1) 0.079671 (1) 0.209794 (1) 
Residue: TYR 213  1.000000 (1) 0.000000 (0) 
Residue: TYR 226  0.999993 (1) 0.000007 (0) 
Residue: GL4 229  0.783614 (0) 0.060596 (1) 0.046097 (1) 0.059512 (1) 0.050182 (1) 
Residue: TYR 231  0.999991 (1) 0.000009 (0) 
Residue: HIP 235  0.471795 (2) 0.465430 (1) 0.062776 (1) 
Residue: HIP 240  0.621983 (2) 0.331259 (1) 0.046758 (1) 
Residue: GL4 243  0.262474 (0) 0.051017 (1) 0.326696 (1) 0.036753 (1) 0.323061 (1) 
Residue: TYR 246  0.999997 (1) 0.000003 (0) 
Residue: GL4 251  0.810515 (0) 0.022007 (1) 0.062980 (1) 0.022824 (1) 0.081674 (1) 
Residue: TYR 256  0.999995 (1) 0.000005 (0) 
Residue: TYR 269  1.000000 (1) 0.000000 (0) 
Residue: GL4 272  0.887560 (0) 0.052268 (1) 0.007478 (1) 0.048268 (1) 0.004426 (1) 
Residue: TYR 274  0.999995 (1) 0.000005 (0) 
Residue: HIP 278  0.223072 (2) 0.761328 (1) 0.015600 (1) 
Residue: HIP 283  0.221364 (2) 0.607635 (1) 0.171001 (1) 
Residue: GL4 286  0.899832 (0) 0.057609 (1) 0.003334 (1) 0.036435 (1) 0.002789 (1) 
Residue: TYR 289  1.000000 (1) 0.000000 (0) 
Residue: GL4 294  0.364917 (0) 0.200158 (1) 0.063848 (1) 0.301988 (1) 0.069089 (1) 
Residue: TYR 299  0.999999 (1) 0.000001 (0) 
