   Residue Number     State  0     State  1     State  2     State  3     State  4 
-----------------------------------------------------------------------------------
Residue: TYR 11   0.999999 (1) 0.000001 (0) 
Residue: GL4 14   0.444181 (0) 0.041054 (1) 0.230256 (1) 0.046858 (1) 0.237651 (1) 
Residue: TYR 16   0.999992 (1) 0.000008 (0) 
Residue: HIP 20   0.929414 (2) 0.067272 (1) 0.003314 (1) 
Residue: HIP 25   0.752272 (2) 0.219208 (1) 0.028520 (1) 
Residue: GL4 28   0.683014 (0) 0.113178 (1) 0.051301 (1) 0.103913 (1) 0.048594 (1) 
Residue: TYR 31   1.000000 (1) 0.000000 (0) 
Residue: GL4 36   0.733701 (0) 0.040623 (1) 0.096581 (1) 0.040803 (1) 0.088291 (1) 
Residue: TYR 41   0.999997 (1) 0.000003 (0) 
Residue: TYR 54   1.000000 (1) 0.000000 (0) 
Residue: GL4 57   0.191972 (0) 0.028403 (1) 0.368929 (1) 0.027387 (1) 0.383310 (1) 
Residue: TYR 59   1.000000 (1) 0.000000 (0) 
Residue: HIP 63   0.751681 (2) 0.177779 (1) 0.070540 (1) 
Residue: HIP 68   0.671478 (2) 0.264321 (1) 0.064201 (1) 
Residue: GL4 71   0.429440 (0) 0.235331 (1) 0.032067 (1) 0.190017 (1) 0.113145 (1) 
Residue: TYR 74   1.000000 (1) 0.000000 (0) 
Residue: GL4 79   0.866433 (0) 0.063175 (1) 0.018884 (1) 0.044770 (1) 0.006738 (1) 
Residue: TYR 84   1.000000 (1) 0.000000 (0) 
Residue: TYR 97   1.000000 (1) 0.000000 (0) 
Residue: GL4 100  0.779299 (0) 0.069914 (1) 0.042105 (1) 0.070681 (1) 0.038001 (1) 
Residue: TYR 102  1.000000 (1) 0.000000 (0) 
Residue: HIP 106  0.140234 (2) 0.849800 (1) 0.009966 (1) 
Residue: HIP 111  0.251375 (2) 0.599109 (1) 0.149516 (1) 
Residue: GL4 114  0.916883 (0) 0.012001 (1) 0.002007 (1) 0.056693 (1) 0.012416 (1) 
Residue: TYR 117  1.000000 (1) 0.000000 (0) 
Residue: GL4 122  0.366986 (0) 0.207725 (1) 0.115280 (1) 0.160033 (1) 0.149975 (1) 
Residue: TYR 127  1.000000 (1) 0.000000 (0) 
Residue: TYR 140  0.999999 (1) 0.000001 (0) 
Residue: GL4 143  0.399504 (0) 0.203435 (1) 0.091704 (1) 0.218986 (1) 0.086371 (1) 
Residue: TYR 145  1.000000 (1) 0.000000 (0) 
Residue: HIP 149  0.324061 (2) 0.670772 (1) 0.005167 (1) 
Residue: HIP 154  0.455319 (2) 0.412783 (1) 0.131898 (1) 
Residue: GL4 157  0.961302 (0) 0.009587 (1) 0.004413 (1) 0.016178 (1) 0.008521 (1) 
Residue: TYR 160  1.000000 (1) 0.000000 (0) 
Residue: GL4 165  0.935472 (0) 0.019750 (1) 0.013285 (1) 0.018623 (1) 0.012870 (1) 
Residue: TYR 170  1.000000 (1) 0.000000 (0) 
Residue: TYR 183  1.000000 (1) 0.000000 (0) 
Residue: GL4 186  0.877614 (0) 0.052809 (1) 0.006713 (1) 0.055233 (1) 0.007631 (1) 
Residue: TYR 188  0.999998 (1) 0.000002 (0) 
Residue: HIP 192  0.804646 (2) 0.141983 (1) 0.053372 (1) 
Residue: HIP 197  0.271355 (2) 0.528060 (1) 0.200585 (1) 
Residue: GL4 200  0.857603 (0) 0.068626 (1) 0.016870 (1) 0.047146 (1) 0.009755 (1) 
Residue: TYR 203  1.000000 (1) 0.000000 (0) 
Residue: GL4 208  0.170708 (0) 0.201341 (1) 0.269500 (1) 0.124046 (1) 0.234405 (1) 
Residue: TYR 213  1.000000 (1) 0.000000 (0) 
Residue: TYR 226  0.999998 (1) 0.000002 (0) 
Residue: GL4 229  0.595218 (0) 0.116872 (1) 0.089169 (1) 0.115047 (1) 0.083694 (1) 
Residue: TYR 231  0.999991 (1) 0.000009 (0) 
Residue: HIP 235  0.623408 (2) 0.313934 (1) 0.062658 (1) 
Residue: HIP 240  0.799624 (2) 0.171078 (1) 0.029298 (1) 
Residue: GL4 243  0.206339 (0) 0.076157 (1) 0.328760 (1) 0.058058 (1) 0.330686 (1) 
Residue: TYR 246  0.999997 (1) 0.000003 (0) 
Residue: GL4 251  0.706996 (0) 0.046536 (1) 0.091584 (1) 0.045923 (1) 0.108961 (1) 
Residue: TYR 256  0.999999 (1) 0.000001 (0) 
Residue: TYR 269  1.000000 (1) 0.000000 (0) 
Residue: GL4 272  0.828193 (0) 0.077291 (1) 0.007191 (1) 0.076882 (1) 0.010443 (1) 
Residue: TYR 274  1.000000 (1) 0.000000 (0) 
Residue: HIP 278  0.336649 (2) 0.651042 (1) 0.012308 (1) 
Residue: HIP 283  0.292544 (2) 0.543927 (1) 0.163529 (1) 
Residue: GL4 286  0.840591 (0) 0.096182 (1) 0.006391 (1) 0.049325 (1) 0.007512 (1) 
Residue: TYR 289  1.000000 (1) 0.000000 (0) 
Residue: GL4 294  0.318564 (0) 0.196245 (1) 0.079318 (1) 0.334939 (1) 0.070934 (1) 
Residue: TYR 299  1.000000 (1) 0.000000 (0) 
