   Residue Number     State  0     State  1     State  2     State  3     State  4 
-----------------------------------------------------------------------------------
Residue: TYR 11   0.999952 (1) 0.000048 (0) 
Residue: GL4 14   0.900562 (0) 0.005600 (1) 0.047486 (1) 0.006294 (1) 0.040058 (1) 
Residue: TYR 16   0.999877 (1) 0.000123 (0) 
Residue: HIP 20   0.568785 (2) 0.419243 (1) 0.011972 (1) 
Residue: HIP 25   0.226003 (2) 0.712327 (1) 0.061670 (1) 
Residue: GL4 28   0.975004 (0) 0.011333 (1) 0.001433 (1) 0.011348 (1) 0.000882 (1) 
Residue: TYR 31   0.999996 (1) 0.000004 (0) 
Residue: GL4 36   0.929862 (0) 0.006028 (1) 0.025858 (1) 0.006043 (1) 0.032210 (1) 
Residue: TYR 41   0.999889 (1) 0.000111 (0) 
Residue: TYR 54   1.000000 (1) 0.000000 (0) 
Residue: GL4 57   0.415905 (0) 0.015548 (1) 0.276417 (1) 0.014956 (1) 0.277174 (1) 
Residue: TYR 59   1.000000 (1) 0.000000 (0) 
Residue: HIP 63   0.224819 (2) 0.512124 (1) 0.263058 (1) 
Residue: HIP 68   0.265117 (2) 0.637567 (1) 0.097316 (1) 
Residue: GL4 71   0.776212 (0) 0.077733 (1) 0.014927 (1) 0.063077 (1) 0.068051 (1) 
Residue: TYR 74   0.999999 (1) 0.000001 (0) 
Residue: GL4 79   0.959517 (0) 0.010588 (1) 0.005382 (1) 0.022454 (1) 0.002059 (1) 
Residue: TYR 84   1.000000 (1) 0.000000 (0) 
Residue: TYR 97   1.000000 (1) 0.000000 (0) 
Residue: GL4 100  0.906585 (0) 0.018773 (1) 0.028403 (1) 0.016966 (1) 0.029273 (1) 
Residue: TYR 102  0.999999 (1) 0.000001 (0) 
Residue: HIP 106  0.067494 (2) 0.928897 (1) 0.003609 (1) 
Residue: HIP 111  0.118702 (2) 0.762689 (1) 0.118609 (1) 
Residue: GL4 114  0.981213 (0) 0.001428 (1) 0.000046 (1) 0.007815 (1) 0.009498 (1) 
Residue: TYR 117  1.000000 (1) 0.000000 (0) 
Residue: GL4 122  0.773589 (0) 0.075116 (1) 0.036232 (1) 0.071313 (1) 0.043750 (1) 
Residue: TYR 127  0.999998 (1) 0.000002 (0) 
Residue: TYR 140  1.000000 (1) 0.000000 (0) 
Residue: GL4 143  0.883447 (0) 0.052286 (1) 0.020726 (1) 0.027974 (1) 0.015567 (1) 
Residue: TYR 145  0.999997 (1) 0.000003 (0) 
Residue: HIP 149  0.190159 (2) 0.803577 (1) 0.006264 (1) 
Residue: HIP 154  0.095632 (2) 0.764672 (1) 0.139696 (1) 
Residue: GL4 157  0.953963 (0) 0.006839 (1) 0.004162 (1) 0.033787 (1) 0.001249 (1) 
Residue: TYR 160  1.000000 (1) 0.000000 (0) 
Residue: GL4 165  0.965322 (0) 0.010274 (1) 0.009763 (1) 0.008518 (1) 0.006123 (1) 
Residue: TYR 170  0.999999 (1) 0.000001 (0) 
Residue: TYR 183  1.000000 (1) 0.000000 (0) 
Residue: GL4 186  0.894303 (0) 0.045063 (1) 0.004619 (1) 0.050175 (1) 0.005839 (1) 
Residue: TYR 188  0.999989 (1) 0.000011 (0) 
Residue: HIP 192  0.719934 (2) 0.202514 (1) 0.077553 (1) 
Residue: HIP 197  0.098519 (2) 0.723691 (1) 0.177790 (1) 
Residue: GL4 200  0.986127 (0) 0.006278 (1) 0.002392 (1) 0.001141 (1) 0.004063 (1) 
Residue: TYR 203  1.000000 (1) 0.000000 (0) 
Residue: GL4 208  0.718841 (0) 0.043872 (1) 0.104783 (1) 0.031333 (1) 0.101171 (1) 
Residue: TYR 213  1.000000 (1) 0.000000 (0) 
Residue: TYR 226  0.999968 (1) 0.000032 (0) 
Residue: GL4 229  0.959271 (0) 0.011376 (1) 0.009658 (1) 0.011778 (1) 0.007918 (1) 
Residue: TYR 231  0.999926 (1) 0.000074 (0) 
Residue: HIP 235  0.125255 (2) 0.818413 (1) 0.056332 (1) 
Residue: HIP 240  0.196469 (2) 0.735489 (1) 0.068042 (1) 
Residue: GL4 243  0.712036 (0) 0.016043 (1) 0.136243 (1) 0.012388 (1) 0.123289 (1) 
Residue: TYR 246  0.999977 (1) 0.000023 (0) 
Residue: GL4 251  0.932421 (0) 0.005766 (1) 0.025770 (1) 0.006468 (1) 0.029576 (1) 
Residue: TYR 256  0.999963 (1) 0.000037 (0) 
Residue: TYR 269  1.000000 (1) 0.000000 (0) 
Residue: GL4 272  0.975316 (0) 0.009805 (1) 0.003098 (1) 0.011235 (1) 0.000546 (1) 
Residue: TYR 274  0.999992 (1) 0.000008 (0) 
Residue: HIP 278  0.085309 (2) 0.888800 (1) 0.025891 (1) 
Residue: HIP 283  0.091687 (2) 0.756141 (1) 0.152173 (1) 
Residue: GL4 286  0.971647 (0) 0.015453 (1) 0.001193 (1) 0.010464 (1) 0.001243 (1) 
Residue: TYR 289  1.000000 (1) 0.000000 (0) 
Residue: GL4 294  0.761346 (0) 0.074698 (1) 0.037005 (1) 0.076574 (1) 0.050377 (1) 
Residue: TYR 299  0.999998 (1) 0.000002 (0) 
