   Residue Number     State  0     State  1     State  2     State  3     State  4 
-----------------------------------------------------------------------------------
Residue: TYR 11   0.999987 (1) 0.000013 (0) 
Residue: GL4 14   0.802089 (0) 0.011723 (1) 0.088713 (1) 0.014064 (1) 0.083410 (1) 
Residue: TYR 16   0.999946 (1) 0.000054 (0) 
Residue: HIP 20   0.754950 (2) 0.237074 (1) 0.007976 (1) 
Residue: HIP 25   0.399006 (2) 0.547576 (1) 0.053418 (1) 
Residue: GL4 28   0.935588 (0) 0.027786 (1) 0.005512 (1) 0.026900 (1) 0.004214 (1) 
Residue: TYR 31   0.999997 (1) 0.000003 (0) 
Residue: GL4 36   0.864184 (0) 0.012012 (1) 0.047398 (1) 0.011332 (1) 0.065074 (1) 
Residue: TYR 41   0.999969 (1) 0.000031 (0) 
Residue: TYR 54   0.999999 (1) 0.000001 (0) 
Residue: GL4 57   0.326459 (0) 0.019180 (1) 0.314034 (1) 0.019168 (1) 0.321159 (1) 
Residue: TYR 59   0.999999 (1) 0.000001 (0) 
Residue: HIP 63   0.392269 (2) 0.407710 (1) 0.200020 (1) 
Residue: HIP 68   0.416215 (2) 0.487540 (1) 0.096245 (1) 
Residue: GL4 71   0.660111 (0) 0.150005 (1) 0.018370 (1) 0.100396 (1) 0.071118 (1) 
Residue: TYR 74   1.000000 (1) 0.000000 (0) 
Residue: GL4 79   0.926461 (0) 0.024398 (1) 0.007814 (1) 0.036363 (1) 0.004965 (1) 
Residue: TYR 84   1.000000 (1) 0.000000 (0) 
Residue: TYR 97   1.000000 (1) 0.000000 (0) 
Residue: GL4 100  0.869597 (0) 0.032175 (1) 0.030564 (1) 0.032406 (1) 0.035258 (1) 
Residue: TYR 102  0.999999 (1) 0.000001 (0) 
Residue: HIP 106  0.086138 (2) 0.908956 (1) 0.004906 (1) 
Residue: HIP 111  0.171783 (2) 0.683140 (1) 0.145078 (1) 
Residue: GL4 114  0.960492 (0) 0.002766 (1) 0.000583 (1) 0.018530 (1) 0.017628 (1) 
Residue: TYR 117  1.000000 (1) 0.000000 (0) 
Residue: GL4 122  0.578542 (0) 0.149099 (1) 0.075333 (1) 0.114572 (1) 0.082454 (1) 
Residue: TYR 127  0.999999 (1) 0.000001 (0) 
Residue: TYR 140  1.000000 (1) 0.000000 (0) 
Residue: GL4 143  0.732068 (0) 0.101510 (1) 0.039468 (1) 0.087263 (1) 0.039691 (1) 
Residue: TYR 145  0.999997 (1) 0.000003 (0) 
Residue: HIP 149  0.236071 (2) 0.759103 (1) 0.004826 (1) 
Residue: HIP 154  0.179547 (2) 0.667689 (1) 0.152764 (1) 
Residue: GL4 157  0.970694 (0) 0.005754 (1) 0.001750 (1) 0.018308 (1) 0.003493 (1) 
Residue: TYR 160  1.000000 (1) 0.000000 (0) 
Residue: GL4 165  0.952642 (0) 0.012568 (1) 0.010833 (1) 0.012373 (1) 0.011584 (1) 
Residue: TYR 170  1.000000 (1) 0.000000 (0) 
Residue: TYR 183  1.000000 (1) 0.000000 (0) 
Residue: GL4 186  0.876874 (0) 0.053008 (1) 0.005364 (1) 0.058892 (1) 0.005863 (1) 
Residue: TYR 188  0.999996 (1) 0.000004 (0) 
Residue: HIP 192  0.735311 (2) 0.177702 (1) 0.086988 (1) 
Residue: HIP 197  0.155785 (2) 0.657749 (1) 0.186466 (1) 
Residue: GL4 200  0.975559 (0) 0.012833 (1) 0.002484 (1) 0.003200 (1) 0.005924 (1) 
Residue: TYR 203  1.000000 (1) 0.000000 (0) 
Residue: GL4 208  0.494059 (0) 0.106591 (1) 0.176597 (1) 0.054081 (1) 0.168673 (1) 
Residue: TYR 213  0.999999 (1) 0.000001 (0) 
Residue: TYR 226  0.999992 (1) 0.000008 (0) 
Residue: GL4 229  0.896026 (0) 0.028144 (1) 0.021313 (1) 0.028314 (1) 0.026203 (1) 
Residue: TYR 231  0.999970 (1) 0.000030 (0) 
Residue: HIP 235  0.277452 (2) 0.662846 (1) 0.059703 (1) 
Residue: HIP 240  0.397674 (2) 0.543108 (1) 0.059218 (1) 
Residue: GL4 243  0.442514 (0) 0.034700 (1) 0.262785 (1) 0.021888 (1) 0.238113 (1) 
Residue: TYR 246  0.999988 (1) 0.000012 (0) 
Residue: GL4 251  0.867207 (0) 0.011364 (1) 0.044714 (1) 0.012045 (1) 0.064670 (1) 
Residue: TYR 256  0.999992 (1) 0.000008 (0) 
Residue: TYR 269  0.999999 (1) 0.000001 (0) 
Residue: GL4 272  0.937959 (0) 0.024608 (1) 0.007704 (1) 0.027024 (1) 0.002704 (1) 
Residue: TYR 274  0.999996 (1) 0.000004 (0) 
Residue: HIP 278  0.148261 (2) 0.831547 (1) 0.020193 (1) 
Residue: HIP 283  0.156648 (2) 0.669273 (1) 0.174078 (1) 
Residue: GL4 286  0.940242 (0) 0.031829 (1) 0.001561 (1) 0.025149 (1) 0.001218 (1) 
Residue: TYR 289  1.000000 (1) 0.000000 (0) 
Residue: GL4 294  0.549473 (0) 0.130844 (1) 0.051108 (1) 0.198432 (1) 0.070143 (1) 
Residue: TYR 299  1.000000 (1) 0.000000 (0) 
