   Residue Number     State  0     State  1     State  2     State  3     State  4 
-----------------------------------------------------------------------------------
Residue: TYR 11   0.999839 (1) 0.000161 (0) 
Residue: GL4 14   0.954402 (0) 0.002737 (1) 0.023639 (1) 0.002588 (1) 0.016634 (1) 
Residue: TYR 16   0.999682 (1) 0.000318 (0) 
Residue: HIP 20   0.334238 (2) 0.649876 (1) 0.015886 (1) 
Residue: HIP 25   0.108740 (2) 0.828287 (1) 0.062973 (1) 
Residue: GL4 28   0.990745 (0) 0.004166 (1) 0.000298 (1) 0.004367 (1) 0.000424 (1) 
Residue: TYR 31   0.999982 (1) 0.000018 (0) 
Residue: GL4 36   0.975787 (0) 0.002608 (1) 0.010411 (1) 0.002581 (1) 0.008613 (1) 
Residue: TYR 41   0.999677 (1) 0.000323 (0) 
Residue: TYR 54   0.999998 (1) 0.000002 (0) 
Residue: GL4 57   0.560314 (0) 0.011265 (1) 0.215081 (1) 0.011045 (1) 0.202295 (1) 
Residue: TYR 59   0.999992 (1) 0.000008 (0) 
Residue: HIP 63   0.132002 (2) 0.615719 (1) 0.252279 (1) 
Residue: HIP 68   0.139942 (2) 0.768749 (1) 0.091309 (1) 
Residue: GL4 71   0.903940 (0) 0.037718 (1) 0.007299 (1) 0.020247 (1) 0.030797 (1) 
Residue: TYR 74   0.999997 (1) 0.000003 (0) 
Residue: GL4 79   0.979720 (0) 0.003540 (1) 0.002334 (1) 0.012747 (1) 0.001659 (1) 
Residue: TYR 84   0.999994 (1) 0.000006 (0) 
Residue: TYR 97   0.999999 (1) 0.000001 (0) 
Residue: GL4 100  0.935954 (0) 0.011032 (1) 0.022189 (1) 0.010334 (1) 0.020491 (1) 
Residue: TYR 102  0.999998 (1) 0.000002 (0) 
Residue: HIP 106  0.046047 (2) 0.950701 (1) 0.003253 (1) 
Residue: HIP 111  0.066779 (2) 0.824262 (1) 0.108958 (1) 
Residue: GL4 114  0.991982 (0) 0.000792 (1) 0.000003 (1) 0.003571 (1) 0.003653 (1) 
Residue: TYR 117  0.999999 (1) 0.000001 (0) 
Residue: GL4 122  0.902447 (0) 0.023345 (1) 0.012989 (1) 0.035688 (1) 0.025532 (1) 
Residue: TYR 127  0.999993 (1) 0.000007 (0) 
Residue: TYR 140  0.999999 (1) 0.000001 (0) 
Residue: GL4 143  0.956242 (0) 0.022485 (1) 0.006758 (1) 0.009185 (1) 0.005329 (1) 
Residue: TYR 145  0.999996 (1) 0.000004 (0) 
Residue: HIP 149  0.151666 (2) 0.841384 (1) 0.006950 (1) 
Residue: HIP 154  0.043118 (2) 0.813427 (1) 0.143456 (1) 
Residue: GL4 157  0.972557 (0) 0.003683 (1) 0.002558 (1) 0.021133 (1) 0.000070 (1) 
Residue: TYR 160  1.000000 (1) 0.000000 (0) 
Residue: GL4 165  0.982982 (0) 0.005133 (1) 0.005031 (1) 0.004613 (1) 0.002240 (1) 
Residue: TYR 170  0.999999 (1) 0.000001 (0) 
Residue: TYR 183  0.999999 (1) 0.000001 (0) 
Residue: GL4 186  0.927319 (0) 0.033103 (1) 0.002931 (1) 0.033608 (1) 0.003040 (1) 
Residue: TYR 188  0.999980 (1) 0.000020 (0) 
Residue: HIP 192  0.660267 (2) 0.276356 (1) 0.063377 (1) 
Residue: HIP 197  0.051573 (2) 0.779367 (1) 0.169059 (1) 
Residue: GL4 200  0.996869 (0) 0.001050 (1) 0.000654 (1) 0.000212 (1) 0.001215 (1) 
Residue: TYR 203  0.999998 (1) 0.000002 (0) 
Residue: GL4 208  0.880067 (0) 0.017398 (1) 0.040999 (1) 0.013694 (1) 0.047842 (1) 
Residue: TYR 213  0.999997 (1) 0.000003 (0) 
Residue: TYR 226  0.999905 (1) 0.000095 (0) 
Residue: GL4 229  0.985927 (0) 0.004258 (1) 0.002978 (1) 0.004223 (1) 0.002613 (1) 
Residue: TYR 231  0.999776 (1) 0.000224 (0) 
Residue: HIP 235  0.047634 (2) 0.899743 (1) 0.052623 (1) 
Residue: HIP 240  0.080511 (2) 0.839942 (1) 0.079547 (1) 
Residue: GL4 243  0.900614 (0) 0.005754 (1) 0.047592 (1) 0.004872 (1) 0.041168 (1) 
Residue: TYR 246  0.999942 (1) 0.000058 (0) 
Residue: GL4 251  0.975128 (0) 0.002287 (1) 0.009020 (1) 0.002460 (1) 0.011105 (1) 
Residue: TYR 256  0.999898 (1) 0.000102 (0) 
Residue: TYR 269  0.999999 (1) 0.000001 (0) 
Residue: GL4 272  0.991384 (0) 0.003340 (1) 0.001023 (1) 0.003874 (1) 0.000379 (1) 
Residue: TYR 274  0.999976 (1) 0.000024 (0) 
Residue: HIP 278  0.041806 (2) 0.929026 (1) 0.029168 (1) 
Residue: HIP 283  0.042393 (2) 0.820817 (1) 0.136789 (1) 
Residue: GL4 286  0.988576 (0) 0.006184 (1) 0.000695 (1) 0.003514 (1) 0.001031 (1) 
Residue: TYR 289  0.999999 (1) 0.000001 (0) 
Residue: GL4 294  0.912608 (0) 0.028061 (1) 0.015259 (1) 0.021490 (1) 0.022582 (1) 
Residue: TYR 299  0.999998 (1) 0.000002 (0) 
