   Residue Number     State  0     State  1     State  2     State  3     State  4 
-----------------------------------------------------------------------------------
Residue: GL4 14   0.950231 (0) 0.001003 (1) 0.032128 (1) 0.001151 (1) 0.015486 (1) 
Residue: HIP 20   0.100268 (2) 0.812602 (1) 0.087129 (1) 
Residue: HIP 25   0.046418 (2) 0.875744 (1) 0.077838 (1) 
Residue: GL4 28   0.995933 (0) 0.001746 (1) 0.000353 (1) 0.001876 (1) 0.000092 (1) 
Residue: GL4 36   0.989637 (0) 0.000862 (1) 0.004958 (1) 0.001047 (1) 0.003497 (1) 
Residue: GL4 57   0.970074 (0) 0.009507 (1) 0.007888 (1) 0.007787 (1) 0.004744 (1) 
Residue: HIP 63   0.051402 (2) 0.914992 (1) 0.033605 (1) 
Residue: HIP 68   0.035210 (2) 0.785740 (1) 0.179050 (1) 
Residue: GL4 71   0.999938 (0) 0.000000 (1) 0.000000 (1) 0.000049 (1) 0.000012 (1) 
Residue: GL4 79   0.952706 (0) 0.016266 (1) 0.008575 (1) 0.008187 (1) 0.014265 (1) 
Residue: GL4 100  0.942356 (0) 0.007888 (1) 0.027765 (1) 0.007166 (1) 0.014826 (1) 
Residue: HIP 106  0.051193 (2) 0.942916 (1) 0.005891 (1) 
Residue: HIP 111  0.021780 (2) 0.898849 (1) 0.079371 (1) 
Residue: GL4 114  0.998016 (0) 0.000353 (1) 0.000000 (1) 0.001399 (1) 0.000232 (1) 
Residue: GL4 122  0.965397 (0) 0.013724 (1) 0.005813 (1) 0.011249 (1) 0.003817 (1) 
Residue: GL4 143  0.941332 (0) 0.024724 (1) 0.008376 (1) 0.018170 (1) 0.007397 (1) 
Residue: HIP 149  0.418115 (2) 0.578656 (1) 0.003230 (1) 
Residue: HIP 154  0.018751 (2) 0.756780 (1) 0.224469 (1) 
Residue: GL4 157  0.999959 (0) 0.000004 (1) 0.000004 (1) 0.000033 (1) 0.000000 (1) 
Residue: GL4 165  0.989738 (0) 0.001190 (1) 0.005936 (1) 0.001202 (1) 0.001933 (1) 
Residue: GL4 186  0.990821 (0) 0.002208 (1) 0.003987 (1) 0.001637 (1) 0.001346 (1) 
Residue: HIP 192  0.090310 (2) 0.127266 (1) 0.782424 (1) 
Residue: HIP 197  0.031170 (2) 0.828957 (1) 0.139874 (1) 
Residue: GL4 200  0.998098 (0) 0.000480 (1) 0.001237 (1) 0.000123 (1) 0.000062 (1) 
Residue: GL4 208  0.980104 (0) 0.002245 (1) 0.009234 (1) 0.002487 (1) 0.005930 (1) 
Residue: GL4 229  0.993612 (0) 0.001438 (1) 0.001492 (1) 0.001598 (1) 0.001859 (1) 
Residue: HIP 235  0.020298 (2) 0.915698 (1) 0.064003 (1) 
Residue: HIP 240  0.044592 (2) 0.785130 (1) 0.170278 (1) 
Residue: GL4 243  0.986360 (0) 0.001683 (1) 0.003712 (1) 0.001582 (1) 0.006663 (1) 
Residue: GL4 251  0.989268 (0) 0.000800 (1) 0.004927 (1) 0.000745 (1) 0.004260 (1) 
Residue: GL4 272  0.961741 (0) 0.012415 (1) 0.007709 (1) 0.011807 (1) 0.006328 (1) 
Residue: HIP 278  0.073268 (2) 0.898156 (1) 0.028576 (1) 
Residue: HIP 283  0.032653 (2) 0.878350 (1) 0.088997 (1) 
Residue: GL4 286  0.980654 (0) 0.007691 (1) 0.001650 (1) 0.008906 (1) 0.001100 (1) 
Residue: GL4 294  0.989324 (0) 0.001640 (1) 0.004841 (1) 0.001658 (1) 0.002538 (1) 
