   Residue Number     State  0     State  1     State  2     State  3     State  4 
-----------------------------------------------------------------------------------
Residue: TYR 11   0.993231 (1) 0.006769 (0) 
Residue: GL4 14   0.998153 (0) 0.000142 (1) 0.000947 (1) 0.000124 (1) 0.000634 (1) 
Residue: TYR 16   0.991489 (1) 0.008511 (0) 
Residue: HIP 20   0.021144 (2) 0.960157 (1) 0.018699 (1) 
Residue: HIP 25   0.005488 (2) 0.937862 (1) 0.056650 (1) 
Residue: GL4 28   0.999627 (0) 0.000185 (1) 0.000021 (1) 0.000153 (1) 0.000015 (1) 
Residue: TYR 31   0.999502 (1) 0.000498 (0) 
Residue: GL4 36   0.999162 (0) 0.000096 (1) 0.000517 (1) 0.000132 (1) 0.000093 (1) 
Residue: TYR 41   0.990367 (1) 0.009633 (0) 
Residue: TYR 54   0.999989 (1) 0.000011 (0) 
Residue: GL4 57   0.966310 (0) 0.000777 (1) 0.015436 (1) 0.000833 (1) 0.016644 (1) 
Residue: TYR 59   0.999892 (1) 0.000108 (0) 
Residue: HIP 63   0.015273 (2) 0.851399 (1) 0.133328 (1) 
Residue: HIP 68   0.007044 (2) 0.899353 (1) 0.093603 (1) 
Residue: GL4 71   0.995984 (0) 0.002273 (1) 0.000413 (1) 0.000323 (1) 0.001008 (1) 
Residue: TYR 74   0.999937 (1) 0.000063 (0) 
Residue: GL4 79   0.999038 (0) 0.000125 (1) 0.000043 (1) 0.000765 (1) 0.000029 (1) 
Residue: TYR 84   0.999860 (1) 0.000140 (0) 
Residue: TYR 97   0.999961 (1) 0.000039 (0) 
Residue: GL4 100  0.995912 (0) 0.000714 (1) 0.001250 (1) 0.000761 (1) 0.001363 (1) 
Residue: TYR 102  0.999927 (1) 0.000073 (0) 
Residue: HIP 106  0.004133 (2) 0.992331 (1) 0.003537 (1) 
Residue: HIP 111  0.003990 (2) 0.889232 (1) 0.106778 (1) 
Residue: GL4 114  0.999817 (0) 0.000028 (1) 0.000000 (1) 0.000148 (1) 0.000008 (1) 
Residue: TYR 117  0.999993 (1) 0.000007 (0) 
Residue: GL4 122  0.995698 (0) 0.001033 (1) 0.000363 (1) 0.001304 (1) 0.001601 (1) 
Residue: TYR 127  0.999888 (1) 0.000112 (0) 
Residue: TYR 140  0.999987 (1) 0.000013 (0) 
Residue: GL4 143  0.997503 (0) 0.001174 (1) 0.000532 (1) 0.000470 (1) 0.000321 (1) 
Residue: TYR 145  0.999904 (1) 0.000096 (0) 
Residue: HIP 149  0.021286 (2) 0.964559 (1) 0.014155 (1) 
Residue: HIP 154  0.001903 (2) 0.866008 (1) 0.132089 (1) 
Residue: GL4 157  0.999015 (0) 0.000107 (1) 0.000065 (1) 0.000813 (1) 0.000000 (1) 
Residue: TYR 160  0.999997 (1) 0.000003 (0) 
Residue: GL4 165  0.999221 (0) 0.000138 (1) 0.000227 (1) 0.000190 (1) 0.000224 (1) 
Residue: TYR 170  0.999980 (1) 0.000020 (0) 
Residue: TYR 183  0.999989 (1) 0.000011 (0) 
Residue: GL4 186  0.994413 (0) 0.002641 (1) 0.000077 (1) 0.002774 (1) 0.000095 (1) 
Residue: TYR 188  0.999606 (1) 0.000394 (0) 
Residue: HIP 192  0.125720 (2) 0.840077 (1) 0.034203 (1) 
Residue: HIP 197  0.002539 (2) 0.837502 (1) 0.159959 (1) 
Residue: GL4 200  0.999915 (0) 0.000008 (1) 0.000005 (1) 0.000013 (1) 0.000060 (1) 
Residue: TYR 203  0.999995 (1) 0.000005 (0) 
Residue: GL4 208  0.995955 (0) 0.000534 (1) 0.001033 (1) 0.000599 (1) 0.001879 (1) 
Residue: TYR 213  0.999897 (1) 0.000103 (0) 
Residue: TYR 226  0.996756 (1) 0.003244 (0) 
Residue: GL4 229  0.999549 (0) 0.000117 (1) 0.000130 (1) 0.000143 (1) 0.000061 (1) 
Residue: TYR 231  0.993022 (1) 0.006978 (0) 
Residue: HIP 235  0.002007 (2) 0.965158 (1) 0.032835 (1) 
Residue: HIP 240  0.003200 (2) 0.919335 (1) 0.077465 (1) 
Residue: GL4 243  0.997663 (0) 0.000216 (1) 0.001083 (1) 0.000180 (1) 0.000858 (1) 
Residue: TYR 246  0.998497 (1) 0.001503 (0) 
Residue: GL4 251  0.999272 (0) 0.000098 (1) 0.000222 (1) 0.000118 (1) 0.000292 (1) 
Residue: TYR 256  0.996204 (1) 0.003796 (0) 
Residue: TYR 269  0.999953 (1) 0.000047 (0) 
Residue: GL4 272  0.999488 (0) 0.000167 (1) 0.000112 (1) 0.000133 (1) 0.000101 (1) 
Residue: TYR 274  0.999330 (1) 0.000670 (0) 
Residue: HIP 278  0.002754 (2) 0.979190 (1) 0.018056 (1) 
Residue: HIP 283  0.001779 (2) 0.861430 (1) 0.136791 (1) 
Residue: GL4 286  0.999477 (0) 0.000235 (1) 0.000068 (1) 0.000118 (1) 0.000102 (1) 
Residue: TYR 289  0.999983 (1) 0.000017 (0) 
Residue: GL4 294  0.997012 (0) 0.000645 (1) 0.000893 (1) 0.000757 (1) 0.000693 (1) 
Residue: TYR 299  0.999859 (1) 0.000141 (0) 
