   Residue Number     State  0     State  1     State  2     State  3     State  4 
-----------------------------------------------------------------------------------
Residue: TYR 11   0.998034 (1) 0.001966 (0) 
Residue: GL4 14   0.994219 (0) 0.000363 (1) 0.002690 (1) 0.000427 (1) 0.002301 (1) 
Residue: TYR 16   0.997222 (1) 0.002778 (0) 
Residue: HIP 20   0.059699 (2) 0.922265 (1) 0.018036 (1) 
Residue: HIP 25   0.016243 (2) 0.926342 (1) 0.057415 (1) 
Residue: GL4 28   0.998876 (0) 0.000528 (1) 0.000055 (1) 0.000517 (1) 0.000025 (1) 
Residue: TYR 31   0.999837 (1) 0.000163 (0) 
Residue: GL4 36   0.997526 (0) 0.000324 (1) 0.001483 (1) 0.000261 (1) 0.000406 (1) 
Residue: TYR 41   0.996972 (1) 0.003028 (0) 
Residue: TYR 54   0.999996 (1) 0.000004 (0) 
Residue: GL4 57   0.902136 (0) 0.002293 (1) 0.044953 (1) 0.002390 (1) 0.048228 (1) 
Residue: TYR 59   0.999967 (1) 0.000033 (0) 
Residue: HIP 63   0.037172 (2) 0.798662 (1) 0.164166 (1) 
Residue: HIP 68   0.020911 (2) 0.885175 (1) 0.093914 (1) 
Residue: GL4 71   0.987127 (0) 0.006946 (1) 0.001292 (1) 0.001448 (1) 0.003188 (1) 
Residue: TYR 74   0.999973 (1) 0.000027 (0) 
Residue: GL4 79   0.996735 (0) 0.000388 (1) 0.000194 (1) 0.002620 (1) 0.000063 (1) 
Residue: TYR 84   0.999948 (1) 0.000052 (0) 
Residue: TYR 97   0.999990 (1) 0.000010 (0) 
Residue: GL4 100  0.987377 (0) 0.002373 (1) 0.003793 (1) 0.002098 (1) 0.004359 (1) 
Residue: TYR 102  0.999972 (1) 0.000028 (0) 
Residue: HIP 106  0.011080 (2) 0.985442 (1) 0.003478 (1) 
Residue: HIP 111  0.011289 (2) 0.880535 (1) 0.108176 (1) 
Residue: GL4 114  0.999247 (0) 0.000118 (1) 0.000008 (1) 0.000532 (1) 0.000094 (1) 
Residue: TYR 117  0.999997 (1) 0.000003 (0) 
Residue: GL4 122  0.986937 (0) 0.002981 (1) 0.001144 (1) 0.004505 (1) 0.004433 (1) 
Residue: TYR 127  0.999966 (1) 0.000034 (0) 
Residue: TYR 140  0.999991 (1) 0.000009 (0) 
Residue: GL4 143  0.992690 (0) 0.003785 (1) 0.001423 (1) 0.001289 (1) 0.000813 (1) 
Residue: TYR 145  0.999973 (1) 0.000027 (0) 
Residue: HIP 149  0.052771 (2) 0.935164 (1) 0.012065 (1) 
Residue: HIP 154  0.005804 (2) 0.862158 (1) 0.132038 (1) 
Residue: GL4 157  0.996691 (0) 0.000400 (1) 0.000305 (1) 0.002603 (1) 0.000001 (1) 
Residue: TYR 160  0.999998 (1) 0.000002 (0) 
Residue: GL4 165  0.997807 (0) 0.000518 (1) 0.000542 (1) 0.000543 (1) 0.000590 (1) 
Residue: TYR 170  0.999994 (1) 0.000006 (0) 
Residue: TYR 183  0.999995 (1) 0.000005 (0) 
Residue: GL4 186  0.983728 (0) 0.007935 (1) 0.000371 (1) 0.007683 (1) 0.000283 (1) 
Residue: TYR 188  0.999865 (1) 0.000135 (0) 
Residue: HIP 192  0.301005 (2) 0.660680 (1) 0.038315 (1) 
Residue: HIP 197  0.007375 (2) 0.826732 (1) 0.165893 (1) 
Residue: GL4 200  0.999788 (0) 0.000023 (1) 0.000035 (1) 0.000035 (1) 0.000118 (1) 
Residue: TYR 203  0.999996 (1) 0.000004 (0) 
Residue: GL4 208  0.986567 (0) 0.001863 (1) 0.003579 (1) 0.001841 (1) 0.006150 (1) 
Residue: TYR 213  0.999970 (1) 0.000030 (0) 
Residue: TYR 226  0.998949 (1) 0.001051 (0) 
Residue: GL4 229  0.998528 (0) 0.000414 (1) 0.000337 (1) 0.000455 (1) 0.000266 (1) 
Residue: TYR 231  0.997791 (1) 0.002209 (0) 
Residue: HIP 235  0.005983 (2) 0.956912 (1) 0.037105 (1) 
Residue: HIP 240  0.009727 (2) 0.908823 (1) 0.081450 (1) 
Residue: GL4 243  0.991487 (0) 0.000603 (1) 0.004018 (1) 0.000583 (1) 0.003309 (1) 
Residue: TYR 246  0.999492 (1) 0.000508 (0) 
Residue: GL4 251  0.997721 (0) 0.000328 (1) 0.000779 (1) 0.000343 (1) 0.000828 (1) 
Residue: TYR 256  0.998852 (1) 0.001148 (0) 
Residue: TYR 269  0.999993 (1) 0.000007 (0) 
Residue: GL4 272  0.998726 (0) 0.000365 (1) 0.000230 (1) 0.000455 (1) 0.000224 (1) 
Residue: TYR 274  0.999757 (1) 0.000243 (0) 
Residue: HIP 278  0.007353 (2) 0.972617 (1) 0.020031 (1) 
Residue: HIP 283  0.005376 (2) 0.858793 (1) 0.135831 (1) 
Residue: GL4 286  0.998355 (0) 0.000861 (1) 0.000173 (1) 0.000379 (1) 0.000232 (1) 
Residue: TYR 289  0.999995 (1) 0.000005 (0) 
Residue: GL4 294  0.990665 (0) 0.002252 (1) 0.002500 (1) 0.002299 (1) 0.002284 (1) 
Residue: TYR 299  0.999952 (1) 0.000048 (0) 
