# 1    2
# pH   Residue
0.00 0.000 0.000 0.000 0.000 0.000 0.000 0.000 0.000 0.000 0.000 0.003 0.000 0.000 0.000 0.230 0.000 0.008 0.000 0.000 0.001 0.000 0.000 0.000 0.045 0.000 0.001 0.000 0.000 0.000 0.000 0.000 0.000 0.299 0.000 0.005 0.000 0.000 0.003 0.000 0.000 0.000 0.734 0.000 0.001 0.000 0.000 0.000 0.000 0.000 0.000 0.001 0.000 0.000 0.000 0.000 0.002 0.000 0.000 0.000 0.196 0.000 0.000 0.000  
0.50 0.000 0.000 0.000 0.000 0.000 0.001 0.000 0.001 0.000 0.000 0.009 0.000 0.000 0.000 0.335 0.000 0.020 0.000 0.000 0.003 0.000 0.000 0.000 0.075 0.000 0.002 0.000 0.000 0.001 0.000 0.000 0.000 0.430 0.000 0.016 0.000 0.000 0.009 0.000 0.000 0.000 0.637 0.000 0.002 0.000 0.000 0.000 0.000 0.000 0.000 0.001 0.000 0.000 0.000 0.000 0.004 0.000 0.000 0.000 0.314 0.000 0.001 0.000  
1.00 0.000 0.001 0.000 0.000 0.000 0.002 0.000 0.002 0.000 0.000 0.023 0.000 0.000 0.000 0.380 0.000 0.051 0.000 0.000 0.009 0.000 0.000 0.000 0.122 0.000 0.005 0.000 0.000 0.002 0.000 0.000 0.000 0.493 0.000 0.044 0.000 0.000 0.024 0.000 0.000 0.000 0.599 0.000 0.006 0.000 0.000 0.001 0.000 0.000 0.000 0.003 0.000 0.000 0.000 0.000 0.010 0.000 0.001 0.000 0.382 0.000 0.002 0.000  
1.50 0.000 0.003 0.000 0.000 0.000 0.005 0.000 0.005 0.000 0.000 0.058 0.000 0.000 0.000 0.381 0.000 0.122 0.000 0.000 0.023 0.000 0.001 0.001 0.218 0.000 0.013 0.000 0.000 0.006 0.000 0.000 0.001 0.505 0.000 0.111 0.000 0.000 0.058 0.000 0.000 0.001 0.605 0.000 0.014 0.000 0.000 0.003 0.000 0.000 0.000 0.006 0.000 0.000 0.000 0.000 0.026 0.000 0.001 0.001 0.424 0.000 0.005 0.000  
2.00 0.000 0.007 0.000 0.000 0.000 0.011 0.000 0.012 0.000 0.000 0.121 0.000 0.000 0.001 0.347 0.000 0.235 0.000 0.000 0.050 0.000 0.004 0.002 0.372 0.000 0.030 0.000 0.000 0.015 0.000 0.001 0.003 0.488 0.000 0.230 0.000 0.000 0.118 0.000 0.001 0.004 0.645 0.000 0.027 0.000 0.000 0.007 0.000 0.000 0.000 0.014 0.000 0.001 0.000 0.000 0.059 0.000 0.002 0.002 0.473 0.000 0.014 0.000  
2.50 0.000 0.016 0.000 0.000 0.001 0.021 0.000 0.028 0.000 0.000 0.206 0.000 0.001 0.004 0.290 0.000 0.357 0.000 0.000 0.096 0.000 0.012 0.006 0.546 0.000 0.069 0.000 0.000 0.030 0.000 0.004 0.009 0.456 0.000 0.391 0.000 0.000 0.201 0.000 0.002 0.012 0.711 0.000 0.040 0.000 0.000 0.015 0.000 0.001 0.000 0.027 0.000 0.004 0.000 0.000 0.124 0.000 0.003 0.006 0.532 0.000 0.032 0.000  
3.00 0.000 0.034 0.000 0.001 0.002 0.033 0.000 0.054 0.000 0.000 0.285 0.000 0.004 0.012 0.240 0.000 0.473 0.000 0.000 0.167 0.000 0.034 0.018 0.692 0.000 0.133 0.000 0.000 0.053 0.000 0.012 0.026 0.423 0.000 0.571 0.000 0.000 0.301 0.000 0.006 0.035 0.773 0.000 0.049 0.000 0.000 0.026 0.000 0.003 0.001 0.045 0.000 0.011 0.000 0.000 0.241 0.000 0.006 0.017 0.595 0.000 0.061 0.000  
3.50 0.000 0.071 0.000 0.002 0.007 0.049 0.000 0.094 0.000 0.000 0.320 0.000 0.011 0.035 0.221 0.000 0.555 0.000 0.000 0.270 0.000 0.088 0.052 0.783 0.000 0.209 0.000 0.000 0.080 0.000 0.034 0.072 0.422 0.000 0.717 0.000 0.000 0.409 0.000 0.015 0.093 0.805 0.000 0.055 0.000 0.000 0.048 0.000 0.010 0.003 0.068 0.000 0.030 0.000 0.000 0.417 0.000 0.015 0.048 0.633 0.000 0.096 0.000  
4.00 0.000 0.126 0.000 0.006 0.019 0.077 0.000 0.168 0.000 0.000 0.300 0.000 0.029 0.082 0.233 0.000 0.614 0.000 0.000 0.414 0.000 0.203 0.136 0.827 0.000 0.270 0.000 0.000 0.102 0.000 0.093 0.167 0.483 0.000 0.796 0.000 0.000 0.540 0.000 0.035 0.209 0.807 0.000 0.063 0.000 0.000 0.080 0.000 0.030 0.008 0.104 0.000 0.077 0.000 0.000 0.590 0.000 0.038 0.125 0.648 0.000 0.134 0.000  
4.50 0.000 0.187 0.000 0.014 0.042 0.144 0.000 0.310 0.000 0.000 0.243 0.000 0.061 0.149 0.290 0.000 0.698 0.000 0.000 0.568 0.000 0.387 0.300 0.837 0.000 0.295 0.000 0.000 0.122 0.000 0.236 0.281 0.641 0.000 0.827 0.000 0.000 0.684 0.000 0.069 0.350 0.776 0.000 0.077 0.000 0.000 0.127 0.000 0.078 0.021 0.167 0.000 0.191 0.000 0.000 0.709 0.000 0.106 0.258 0.644 0.000 0.189 0.000  
5.00 0.000 0.250 0.000 0.026 0.080 0.260 0.000 0.492 0.000 0.000 0.188 0.000 0.107 0.206 0.328 0.000 0.784 0.000 0.000 0.674 0.000 0.599 0.510 0.862 0.000 0.297 0.000 0.000 0.170 0.000 0.425 0.366 0.818 0.000 0.860 0.000 0.000 0.801 0.000 0.107 0.496 0.779 0.000 0.095 0.000 0.000 0.213 0.000 0.164 0.044 0.214 0.000 0.381 0.000 0.000 0.764 0.000 0.264 0.435 0.668 0.000 0.248 0.000  
5.50 0.000 0.315 0.000 0.040 0.143 0.457 0.000 0.638 0.000 0.000 0.172 0.000 0.158 0.253 0.387 0.000 0.837 0.000 0.000 0.735 0.000 0.776 0.667 0.893 0.000 0.322 0.000 0.000 0.268 0.000 0.580 0.433 0.920 0.000 0.904 0.000 0.000 0.857 0.000 0.151 0.637 0.788 0.000 0.116 0.000 0.000 0.381 0.000 0.264 0.095 0.209 0.000 0.575 0.000 0.000 0.789 0.000 0.488 0.600 0.755 0.000 0.285 0.000  
6.00 0.000 0.444 0.000 0.071 0.248 0.683 0.000 0.734 0.000 0.000 0.192 0.000 0.248 0.329 0.429 0.000 0.866 0.000 0.000 0.779 0.000 0.860 0.749 0.917 0.000 0.367 0.000 0.000 0.400 0.000 0.676 0.545 0.961 0.000 0.935 0.000 0.000 0.878 0.000 0.195 0.729 0.858 0.000 0.171 0.000 0.000 0.595 0.000 0.377 0.200 0.206 0.000 0.707 0.000 0.000 0.828 0.000 0.663 0.707 0.841 0.000 0.319 0.000  
6.50 0.000 0.636 0.000 0.129 0.406 0.851 0.000 0.791 0.000 0.000 0.256 0.000 0.410 0.446 0.557 0.000 0.882 0.000 0.000 0.824 0.000 0.900 0.793 0.935 0.000 0.460 0.000 0.000 0.555 0.000 0.735 0.691 0.978 0.000 0.953 0.000 0.000 0.872 0.000 0.228 0.788 0.933 0.000 0.317 0.000 0.000 0.784 0.000 0.528 0.378 0.262 0.000 0.811 0.000 0.000 0.888 0.000 0.777 0.779 0.900 0.000 0.365 0.000  
7.00 0.000 0.802 0.000 0.245 0.601 0.936 0.000 0.864 0.000 0.000 0.326 0.000 0.608 0.584 0.660 0.000 0.926 0.000 0.000 0.870 0.000 0.914 0.828 0.960 0.000 0.579 0.000 0.000 0.732 0.000 0.764 0.820 0.971 0.000 0.953 0.000 0.000 0.877 0.000 0.265 0.844 0.976 0.000 0.494 0.000 0.000 0.896 0.000 0.723 0.602 0.443 0.000 0.867 0.000 0.000 0.938 0.000 0.852 0.843 0.940 0.000 0.549 0.000  
7.50 0.000 0.901 0.000 0.431 0.774 0.975 0.000 0.930 0.000 0.000 0.416 0.000 0.775 0.735 0.776 0.000 0.960 0.000 0.000 0.907 0.000 0.933 0.881 0.981 0.000 0.774 0.000 0.000 0.883 0.000 0.810 0.904 0.954 0.000 0.965 0.000 0.000 0.894 0.000 0.280 0.901 0.986 0.000 0.719 0.000 0.000 0.959 0.000 0.875 0.804 0.712 0.000 0.932 0.000 0.000 0.975 0.000 0.915 0.908 0.972 0.000 0.761 0.000  
8.00 0.000 0.954 0.000 0.666 0.891 0.991 0.000 0.976 0.000 0.000 0.560 0.000 0.868 0.860 0.904 0.000 0.980 0.000 0.000 0.936 0.000 0.954 0.933 0.992 0.000 0.902 0.000 0.000 0.956 0.000 0.848 0.957 0.973 0.000 0.983 0.000 0.000 0.927 0.000 0.340 0.948 0.997 0.000 0.880 0.000 0.000 0.986 0.000 0.952 0.919 0.901 0.000 0.975 0.000 0.000 0.991 0.000 0.958 0.958 0.989 0.000 0.913 0.000  
8.50 0.001 0.983 0.001 0.848 0.955 0.997 0.000 0.992 0.001 0.000 0.758 0.000 0.925 0.941 0.960 0.000 0.990 0.000 0.000 0.966 0.000 0.975 0.970 0.998 0.000 0.960 0.000 0.000 0.981 0.000 0.900 0.983 0.991 0.000 0.993 0.000 0.000 0.960 0.000 0.479 0.980 0.999 0.000 0.957 0.000 0.000 0.995 0.001 0.983 0.971 0.970 0.000 0.992 0.000 0.000 0.997 0.000 0.982 0.984 0.995 0.000 0.971 0.000  
9.00 0.002 0.994 0.003 0.940 0.984 0.999 0.000 0.998 0.003 0.000 0.902 0.000 0.963 0.979 0.987 0.000 0.997 0.000 0.000 0.987 0.000 0.989 0.989 0.999 0.000 0.987 0.000 0.000 0.993 0.000 0.947 0.994 0.997 0.000 0.998 0.000 0.000 0.984 0.000 0.699 0.993 1.000 0.000 0.987 0.000 0.001 0.999 0.002 0.994 0.990 0.991 0.001 0.998 0.001 0.000 0.999 0.000 0.993 0.995 0.998 0.000 0.991 0.000  
9.50 0.007 0.998 0.009 0.979 0.995 1.000 0.000 0.999 0.010 0.000 0.966 0.000 0.985 0.993 0.996 0.000 0.999 0.000 0.000 0.996 0.000 0.996 0.996 1.000 0.000 0.996 0.000 0.000 0.998 0.000 0.979 0.998 0.999 0.000 0.999 0.000 0.000 0.994 0.000 0.874 0.997 1.000 0.000 0.996 0.000 0.003 1.000 0.007 0.998 0.997 0.998 0.002 0.999 0.004 0.000 0.999 0.001 0.997 0.998 0.999 0.000 0.997 0.000  
10.00 0.021 0.999 0.026 0.993 0.998 1.000 0.002 1.000 0.030 0.000 0.989 0.000 0.995 0.998 0.999 0.000 1.000 0.000 0.000 0.999 0.000 0.999 0.999 1.000 0.000 0.999 0.000 0.000 0.999 0.000 0.993 0.999 1.000 0.000 1.000 0.000 0.000 0.998 0.001 0.956 0.999 1.000 0.000 0.999 0.000 0.010 1.000 0.022 0.999 0.999 0.999 0.005 1.000 0.012 0.000 1.000 0.002 0.999 0.999 1.000 0.000 0.999 0.000  
10.50 0.066 1.000 0.079 0.997 0.999 1.000 0.005 1.000 0.092 0.000 0.996 0.001 0.998 0.999 1.000 0.001 1.000 0.001 0.000 1.000 0.001 1.000 1.000 1.000 0.000 1.000 0.001 0.000 1.000 0.001 0.998 1.000 1.000 0.000 1.000 0.000 0.000 0.999 0.004 0.985 1.000 1.000 0.000 1.000 0.001 0.032 1.000 0.065 1.000 1.000 1.000 0.016 1.000 0.038 0.000 1.000 0.006 1.000 1.000 1.000 0.000 1.000 0.001  
11.00 0.198 1.000 0.212 0.999 1.000 1.000 0.015 1.000 0.251 0.000 0.999 0.003 0.999 1.000 1.000 0.002 1.000 0.004 0.002 1.000 0.002 1.000 1.000 1.000 0.000 1.000 0.003 0.000 1.000 0.003 0.999 1.000 1.000 0.000 1.000 0.001 0.000 1.000 0.011 0.995 1.000 1.000 0.000 1.000 0.003 0.098 1.000 0.185 1.000 1.000 1.000 0.053 1.000 0.113 0.001 1.000 0.016 1.000 1.000 1.000 0.000 1.000 0.004  
11.50 0.488 1.000 0.449 1.000 1.000 1.000 0.045 1.000 0.537 0.001 1.000 0.007 1.000 1.000 1.000 0.005 1.000 0.013 0.011 1.000 0.005 1.000 1.000 1.000 0.001 1.000 0.009 0.001 1.000 0.007 1.000 1.000 1.000 0.001 1.000 0.002 0.001 1.000 0.028 0.998 1.000 1.000 0.001 1.000 0.008 0.268 1.000 0.420 1.000 1.000 1.000 0.176 1.000 0.285 0.003 1.000 0.036 1.000 1.000 1.000 0.001 1.000 0.011  
12.00 0.800 1.000 0.705 1.000 1.000 1.000 0.132 1.000 0.804 0.005 1.000 0.018 1.000 1.000 1.000 0.014 1.000 0.035 0.048 1.000 0.009 1.000 1.000 1.000 0.002 1.000 0.028 0.003 1.000 0.019 1.000 1.000 1.000 0.002 1.000 0.006 0.003 1.000 0.070 0.999 1.000 1.000 0.001 1.000 0.027 0.556 1.000 0.681 1.000 1.000 1.000 0.456 1.000 0.552 0.007 1.000 0.059 1.000 1.000 1.000 0.005 1.000 0.025  
12.50 0.943 1.000 0.871 1.000 1.000 1.000 0.340 1.000 0.934 0.018 1.000 0.041 1.000 1.000 1.000 0.037 1.000 0.092 0.164 1.000 0.019 1.000 1.000 1.000 0.004 1.000 0.087 0.010 1.000 0.044 1.000 1.000 1.000 0.005 1.000 0.017 0.010 1.000 0.167 1.000 1.000 1.000 0.003 1.000 0.083 0.807 1.000 0.844 1.000 1.000 1.000 0.756 1.000 0.786 0.014 1.000 0.093 1.000 1.000 1.000 0.013 1.000 0.050  
13.00 0.986 1.000 0.946 1.000 1.000 1.000 0.631 1.000 0.978 0.053 1.000 0.082 1.000 1.000 1.000 0.095 1.000 0.193 0.412 1.000 0.046 1.000 1.000 1.000 0.008 1.000 0.216 0.031 1.000 0.092 1.000 1.000 1.000 0.012 1.000 0.046 0.030 1.000 0.328 1.000 1.000 1.000 0.008 1.000 0.201 0.928 1.000 0.923 1.000 1.000 1.000 0.912 1.000 0.906 0.032 1.000 0.156 1.000 1.000 1.000 0.037 1.000 0.098  
13.50 0.997 1.000 0.976 1.000 1.000 1.000 0.839 1.000 0.992 0.133 1.000 0.133 1.000 1.000 1.000 0.219 1.000 0.284 0.690 1.000 0.109 1.000 1.000 1.000 0.014 1.000 0.423 0.090 1.000 0.147 1.000 1.000 1.000 0.031 1.000 0.111 0.082 1.000 0.489 1.000 1.000 1.000 0.019 1.000 0.348 0.973 1.000 0.961 1.000 1.000 1.000 0.971 1.000 0.958 0.080 1.000 0.269 1.000 1.000 1.000 0.098 1.000 0.184  
