
Initial FFT Block Distribution Based on Workload Estimate:

  FFT blocks assigned to   12 tasks

First FFT Block Distribution Based on Actual Workload:

  FFT blocks assigned to   20 tasks

Image Distribution at run step     298:

  Count of images assigned to each task:
         1059     1460     1542      322     1223     1353      291     1597
         1088      276     1352     1629      299     1261     1371      311
         1537     1562     1419      365     1479     1629      372     1404
         1582      427     1475     1432      312     1699     1452      357
         1449     1700     1436      320     1427     1724      296     1452
         1410      372     1722     1422      362     1458     1639      327
         1262     1362     1603      340     1386     1361      293     1532
         1566      347     1202     1379      312     1627     1371      263

Atom Distribution No.     4 at run step    2814:

  Count of atoms assigned to each task:
         1062     1452     1560      327     1206     1338      309     1623
         1080      291     1329     1596      303     1263     1365      321
         1530     1581     1401      372     1494     1614      366     1404
         1539      453     1458     1419      309     1707     1452      369
         1437     1728     1431      315     1425     1752      306     1428
         1428      366     1728     1419      360     1452     1620      336
         1254     1356     1587      351     1425     1356      312     1494
         1572      357     1194     1365      321     1611     1398      282

Atom Distribution No.     5 at run step    5605:

  Count of atoms assigned to each task:
         1335     1515     1506      321     1200     1374      306     1629
         1362      318     1209     1677      252     1392     1059      303
         1620     1485     1404      357     1635     1503      363     1437
         1671      330     1434     1440      318     1677     1410      375
         1428     1719     1413      330     1437     1755      309     1422
         1464      423     1602     1425      399     1512     1578      351
         1236     1383     1635      339     1392     1344      303     1509
         1536      378     1185     1218      339     1608     1215      255

Atom Distribution No.     6 at run step    8389:

  Count of atoms assigned to each task:
         1176     1473     1515      321     1200     1344      279     1614
         1074      291     1371     1497      354     1293     1356      300
         1464     1632     1410      339     1458     1671      330     1413
         1527      471     1485     1440      309     1692     1452      405
         1443     1731     1422      357     1437     1776      288     1437
         1425      372     1647     1428      384     1464     1635      357
         1257     1380     1635      354     1401     1359      315     1488
         1524      393     1194     1404      351     1575     1212      258

Atom Distribution No.     7 at run step   11186:

  Count of atoms assigned to each task:
         1170     1485     1530      327     1203     1329      282     1593
         1377      309     1191     1488      360     1452     1050      303
         1434     1635     1422      366     1437     1650      363     1455
         1581      468     1452     1446      303     1716     1443      360
         1455     1740     1440      315     1410     1740      306     1440
         1422      357     1662     1431      393     1473     1635      354
         1407     1404     1620      339     1248     1353      312     1497
         1542      384     1200     1383      324     1602     1242      249

Atom Distribution No.     8 at run step   14003:

  Count of atoms assigned to each task:
         1185     1491     1557      327     1200     1335      294     1581
         1239      273     1356     1476      351     1461     1212      306
         1281     1605     1428      357     1431     1638      360     1425
         1509      504     1485     1422      327     1719     1461      360
         1440     1740     1419      315     1422     1725      303     1434
         1428      369     1668     1431      405     1467     1635      366
         1263     1368     1599      360     1419     1356      321     1506
         1524      402     1194     1377      345     1602     1245      255

Atom Distribution No.     9 at run step   16797:

  Count of atoms assigned to each task:
         1167     1497     1515      333     1191     1374      309     1587
         1230      279     1344     1527      318     1437     1215      315
         1308     1575     1410      357     1428     1638      366     1416
         1530      492     1455     1413      318     1731     1443      384
         1419     1746     1434      342     1413     1722      324     1431
         1434      393     1641     1443      402     1476     1656      384
         1269     1350     1617      351     1434     1344      321     1485
         1515      390     1203     1383      366     1578     1233      258

Atom Distribution No.    10 at run step   19531:

  Count of atoms assigned to each task:
         1191     1488     1518      321     1188     1347      318     1551
         1224      285     1209     1482      285     1509     1221      321
         1425     1584     1416      351     1437     1641      324     1425
         1497      510     1488     1440      333     1746     1443      396
         1446     1767     1422      342     1461     1680      306     1425
         1458      363     1650     1425      387     1479     1623      369
         1263     1371     1584      369     1431     1347      321     1485
         1560      384     1194     1398      342     1614     1230      249

Atom Distribution No.    11 at run step   22328:

  Count of atoms assigned to each task:
         1344     1482     1461      321     1197     1374      297     1548
         1365      336     1221     1542      285     1425     1230      315
         1320     1551     1428      360     1455     1620      369     1446
         1668      360     1464     1449      327     1749     1458      393
         1446     1734     1413      345     1464     1665      306     1431
         1440      375     1632     1428      405     1485     1584      369
         1251     1386     1590      360     1398     1359      330     1503
         1512      387     1206     1239      381     1572     1242      261

Atom Distribution No.    12 at run step   25135:

  Count of atoms assigned to each task:
         1338     1488     1458      339     1197     1365      318     1530
         1236      300     1356     1497      303     1425     1230      306
         1296     1557     1419      369     1428     1632      372     1404
         1566      468     1452     1428      306     1758     1440      378
         1467     1785     1434      333     1452     1701      309     1437
         1443      408     1602     1449      393     1470     1578      378
         1281     1395     1584      360     1422     1368      324     1563
         1512      393     1194     1248      372     1539     1221      285

Atom Distribution No.    13 at run step   27917:

  Count of atoms assigned to each task:
         1194     1491     1494      324     1206     1380      294     1545
         1380      330     1221     1491      318     1440     1221      318
         1317     1560     1416      369     1503     1611      357     1431
         1656      360     1428     1449      315     1749     1440      396
         1482     1725     1440      357     1467     1647      306     1452
         1455      387     1620     1446      390     1458     1572      357
         1272     1371     1578      354     1410     1371      324     1512
         1509      396     1200     1398      360     1569     1221      249

Atom Distribution No.    14 at run step   30717:

  Count of atoms assigned to each task:
         1182     1494     1503      342     1203     1365      315     1536
         1227      279     1365     1509      333     1434     1224      330
         1338     1542     1428      366     1497     1602      375     1428
         1647      378     1458     1434      318     1767     1434      369
         1488     1716     1428      336     1467     1635      309     1440
         1440      399     1596     1446      393     1467     1584      363
         1266     1377     1512      396     1428     1356      330     1497
         1521      411     1197     1395      396     1545     1239      264

Atom Distribution No.    15 at run step   33526:

  Count of atoms assigned to each task:
         1347     1497     1452      327     1212     1392      285     1536
         1236      291     1209     1500      318     1434     1221      330
         1491     1530     1419      378     1500     1581      381     1437
         1698      354     1458     1428      345     1764     1449      393
         1542     1680     1440      369     1527     1581      309     1446
         1476      399     1578     1431      390     1503     1575      369
         1236     1407     1572      336     1398     1341      342     1536
         1485      381     1188     1245      378     1536     1218      252

Atom Distribution No.    16 at run step   36292:

  Count of atoms assigned to each task:
         1188     1449     1488      348     1209     1359      303     1524
         1242      285     1350     1506      318     1449     1218      333
         1305     1545     1431      396     1470     1599      393     1431
         1575      444     1479     1440      336     1740     1455      375
         1485     1686     1422      333     1473     1647      327     1440
         1452      411     1581     1449      381     1470     1587      369
         1284     1392     1542      375     1419     1368      339     1479
         1503      393     1218     1413      399     1536     1233      270

Atom Distribution No.    17 at run step   39111:

  Count of atoms assigned to each task:
         1191     1485     1500      342     1212     1380      303     1536
         1386      336     1215     1524      306     1431     1224      336
         1338     1554     1434      390     1536     1545      372     1470
         1644      366     1461     1452      318     1683     1443      360
         1515     1701     1437      354     1476     1623      315     1443
         1452      393     1572     1446      384     1476     1560      369
         1272     1401     1548      348     1410     1359      339     1509
         1479      390     1206     1407      360     1530     1245      267

Atom Distribution No.    18 at run step   41900:

  Count of atoms assigned to each task:
         1335     1494     1464      345     1218     1392      300     1503
         1224      321     1377     1509      294     1128     1374      336
         1494     1506     1425      384     1494     1554      393     1443
         1599      393     1461     1446      339     1674     1452      405
         1491     1686     1452      369     1461     1632      342     1458
         1476      390     1599     1455      405     1479     1557      375
         1284     1377     1548      360     1431     1368      342     1515
         1476      393     1194     1233      390     1545     1236      264

Atom Distribution No.    19 at run step   44700:

  Count of atoms assigned to each task:
         1362     1506     1443      351     1215     1401      315     1479
         1227      282     1374     1551      285     1419     1080      330
         1533     1515     1425      372     1554     1527      363     1449
         1614      381     1476     1458      333     1653     1452      363
         1515     1656     1455      360     1461     1623      339     1458
         1455      387     1587     1464      393     1494     1545      366
         1287     1395     1545      366     1431     1368      327     1509
         1491      414     1200     1242      381     1536     1251      270

Atom Distribution No.    20 at run step   47495:

  Count of atoms assigned to each task:
         1350     1497     1452      333     1215     1392      291     1509
         1239      294     1212     1506      297     1293     1377      327
         1470     1524     1443      366     1491     1569      360     1440
         1548      411     1479     1446      330     1653     1461      369
         1485     1647     1473      366     1455     1623      336     1458
         1470      384     1614     1473      372     1464     1587      378
         1317     1380     1530      384     1461     1368      348     1500
         1521      399     1209     1236      372     1560     1260      285

Atom Distribution No.    21 at run step   50251:

  Count of atoms assigned to each task:
         1341     1470     1458      351     1218     1380      306     1485
         1242      294     1389     1527      285     1422     1083      342
         1509     1512     1446      372     1515     1557      351     1452
         1569      405     1470     1440      333     1641     1455      363
         1482     1626     1458      360     1470     1620      339     1485
         1470      387     1617     1491      366     1476     1575      384
         1317     1401     1545      375     1434     1386      339     1512
         1479      393     1218     1233      396     1509     1254      279

Atom Distribution No.    22 at run step   53068:

  Count of atoms assigned to each task:
         1353     1482     1431      351     1218     1404      300     1497
         1248      294     1218     1506      318     1299     1389      333
         1497     1509     1431      369     1500     1548      348     1440
         1602      381     1464     1464      345     1653     1473      369
         1506     1611     1461      363     1458     1614      342     1443
         1461      375     1575     1470      402     1485     1542      378
         1326     1404     1533      381     1458     1377      348     1515
         1506      402     1227     1257      372     1509     1245      279

Atom Distribution No.    23 at run step   55839:

  Count of atoms assigned to each task:
         1188     1461     1461      354     1224     1365      300     1500
         1251      321     1218     1506      309     1443     1242      336
         1503     1518     1470      381     1467     1581      378     1476
         1521      429     1479     1461      348     1632     1473      375
         1485     1620     1467      345     1452     1590      336     1482
         1470      378     1593     1485      393     1482     1554      393
         1296     1392     1521      381     1440     1371      351     1497
         1500      402     1206     1398      390     1497     1245      276

Atom Distribution No.    24 at run step   58607:

  Count of atoms assigned to each task:
         1191     1467     1473      357     1215     1383      321     1497
         1251      318     1383     1512      318     1446     1236      348
         1338     1515     1437      375     1488     1563      363     1452
         1542      405     1473     1476      336     1644     1458      378
         1500     1620     1470      333     1476     1608      342     1467
         1500      381     1581     1473      390     1476     1530      381
         1320     1374     1536      381     1446     1356      354     1515
         1488      399     1194     1410      372     1506     1245      276

Atom Distribution No.    25 at run step   61381:

  Count of atoms assigned to each task:
         1179     1464     1464      357     1215     1374      282     1488
         1263      300     1227     1506      318     1317     1392      357
         1533     1518     1443      369     1524     1533      390     1437
         1548      423     1476     1476      354     1620     1476      399
         1521     1596     1473      354     1476     1572      345     1470
         1485      396     1575     1491      393     1467     1533      408
         1305     1371     1512      378     1440     1359      351     1485
         1470      393     1200     1410      405     1503     1248      252

Atom Distribution No.    26 at run step   64164:

  Count of atoms assigned to each task:
         1188     1476     1461      360     1206     1395      306     1491
         1242      291     1380     1488      291     1446     1095      369
         1485     1512     1437      384     1497     1551      393     1476
         1536      402     1518     1479      360     1611     1473      390
         1485     1605     1482      372     1446     1566      360     1503
         1476      387     1569     1485      405     1488     1503      372
         1317     1398     1506      378     1446     1386      342     1491
         1479      405     1212     1413      375     1494     1245      279

Atom Distribution No.    27 at run step   66961:

  Count of atoms assigned to each task:
         1173     1467     1455      375     1209     1401      336     1485
         1401      354     1236     1515      318     1446     1242      369
         1338     1464     1464      375     1515     1512      381     1464
         1563      393     1479     1482      339     1596     1482      360
         1482     1566     1491      342     1455     1566      357     1485
         1479      384     1539     1485      393     1491     1515      399
         1326     1395     1524      393     1479     1377      360     1488
         1479      420     1200     1383      375     1503     1248      291

Atom Distribution No.    28 at run step   69788:

  Count of atoms assigned to each task:
         1179     1455     1455      378     1212     1398      345     1485
         1254      321     1410     1518      330     1425     1260      372
         1350     1494     1443      399     1518     1551      396     1476
         1575      387     1470     1476      342     1608     1479      345
         1494     1611     1470      360     1461     1554      348     1494
         1485      375     1518     1488      393     1467     1479      390
         1326     1398     1485      387     1446     1377      369     1473
         1467      417     1194     1407      390     1491     1260      279

Atom Distribution No.    29 at run step   72563:

  Count of atoms assigned to each task:
         1338     1494     1446      366     1215     1407      330     1488
         1239      324     1224     1521      321     1272     1413      366
         1518     1506     1458      363     1506     1563      375     1473
         1578      384     1509     1488      333     1614     1497      336
         1509     1614     1470      312     1482     1536      360     1473
         1488      393     1515     1488      381     1479     1476      381
         1311     1395     1500      381     1446     1386      354     1488
         1485      411     1197     1413      408     1500     1086      276

Atom Distribution No.    30 at run step   75349:

  Count of atoms assigned to each task:
         1356     1476     1455      378     1212     1419      351     1476
         1236      321     1437     1530      315     1416     1101      384
         1515     1458     1458      375     1497     1518      378     1479
         1578      378     1467     1485      366     1620     1479      369
         1503     1569     1476      357     1473     1521      357     1476
         1482      381     1497     1500      396     1488     1479      390
         1344     1398     1491      384     1452     1377      360     1470
         1482      408     1203     1242      387     1503     1248      282

Atom Distribution No.    31 at run step   78105:

  Count of atoms assigned to each task:
         1206     1497     1464      378     1230     1416      354     1485
         1251      306     1404     1500      297     1119     1416      375
         1476     1467     1467      375     1467     1530      360     1467
         1515      417     1509     1482      339     1608     1482      369
         1497     1578     1494      357     1479     1527      351     1512
         1503      378     1515     1497      369     1479     1491      387
         1326     1404     1497      378     1470     1395      345     1449
         1479      417     1224     1413      381     1524     1263      252

Atom Distribution No.    32 at run step   80912:

  Count of atoms assigned to each task:
         1335     1494     1443      378     1188     1434      366     1473
         1218      321     1440     1515      321     1422     1104      384
         1506     1479     1461      387     1500     1509      378     1473
         1506      405     1494     1464      360     1593     1497      363
         1467     1560     1494      333     1470     1479      381     1494
         1467      384     1497     1506      381     1458     1473      393
         1332     1410     1449      378     1488     1407      369     1452
         1524      438     1215     1413      411     1530     1110      285

Atom Distribution No.    33 at run step   83684:

  Count of atoms assigned to each task:
         1365     1467     1446      381     1209     1389      333     1479
         1248      336     1233     1494      333     1296     1398      384
         1506     1491     1446      402     1497     1521      378     1479
         1512      405     1491     1488      345     1563     1476      369
         1464     1545     1476      339     1464     1503      360     1476
         1452      408     1500     1491      396     1482     1488      405
         1506     1269     1497      387     1479     1419      372     1482
         1491      444     1206     1254      387     1509     1260      288

Atom Distribution No.    34 at run step   86480:

  Count of atoms assigned to each task:
         1212     1488     1473      381     1227     1392      366     1491
         1239      345     1410     1530      288     1122     1413      378
         1503     1473     1443      411     1488     1497      369     1455
         1500      384     1503     1440      363     1536     1512      375
         1491     1524     1497      351     1473     1488      369     1500
         1479      408     1506     1491      390     1458     1491      411
         1317     1416     1473      381     1479     1416      360     1437
         1494      438     1236     1389      426     1518     1266      279

Atom Distribution No.    35 at run step   89270:

  Count of atoms assigned to each task:
         1362     1488     1464      381     1200     1443      402     1473
         1233      351     1452     1524      285     1245     1287      381
         1506     1455     1458      384     1482     1479      357     1485
         1512      375     1482     1464      360     1515     1479      369
         1461     1500     1494      366     1473     1479      357     1509
         1479      420     1491     1497      393     1473     1467      411
         1485     1257     1461      402     1479     1416      369     1461
         1509      444     1230     1233      414     1521     1257      318

Atom Distribution No.    36 at run step   92047:

  Count of atoms assigned to each task:
         1215     1494     1461      381     1233     1428      342     1482
         1239      327     1287     1527      309     1260     1416      384
         1518     1461     1458      390     1473     1488      366     1482
         1497      396     1494     1476      360     1500     1506      387
         1494     1491     1518      351     1470     1482      372     1500
         1464      402     1485     1485      408     1473     1467      414
         1476     1275     1452      387     1473     1419      372     1437
         1494      459     1224     1416      384     1530     1263      285

Atom Distribution No.    37 at run step   94822:

  Count of atoms assigned to each task:
         1374     1464     1458      381     1206     1428      318     1476
         1233      324     1272     1491      306     1281     1419      390
         1497     1452     1464      378     1503     1479      378     1485
         1512      396     1500     1488      357     1500     1485      399
         1491     1482     1494      375     1476     1482      360     1509
         1497      426     1503     1503      396     1488     1473      417
         1488     1266     1494      384     1476     1407      366     1485
         1509      411     1209     1245      399     1512     1257      285

Atom Distribution No.    38 at run step   97592:

  Count of atoms assigned to each task:
         1359     1488     1443      384     1212     1431      336     1482
         1233      321     1281     1500      306     1263     1443      381
         1482     1458     1473      402     1479     1503      333     1464
         1509      393     1488     1476      369     1521     1491      390
         1473     1497     1482      360     1470     1497      378     1488
         1485      429     1524     1497      408     1485     1482      435
         1338     1425     1485      393     1494     1413      366     1470
         1494      438     1203     1245      384     1494     1248      285

Atom Distribution No.    39 at run step  100377:

  Count of atoms assigned to each task:
         1200     1491     1473      390     1224     1425      333     1500
         1230      336     1437     1500      306     1113     1425      414
         1491     1482     1458      396     1482     1506      363     1467
         1497      393     1497     1470      363     1515     1497      384
         1467     1497     1488      381     1449     1470      372     1485
         1467      402     1482     1482      408     1467     1473      414
         1500     1266     1497      402     1497     1413      351     1470
         1512      441     1221     1386      387     1515     1260      279

Atom Distribution No.    40 at run step  103198:

  Count of atoms assigned to each task:
         1353     1506     1440      390     1209     1419      384     1470
         1221      339     1446     1509      303     1263     1257      396
         1506     1473     1455      393     1476     1488      366     1449
         1488      384     1488     1482      384     1485     1485      390
         1500     1476     1467      399     1473     1488      372     1476
         1476      426     1512     1482      402     1494     1464      402
         1497     1269     1482      387     1473     1416      366     1464
         1482      450     1230     1233      417     1494     1275      318

Atom Distribution No.    41 at run step  105982:

  Count of atoms assigned to each task:
         1356     1497     1461      390     1200     1446      354     1473
         1233      342     1281     1506      309     1251     1410      387
         1488     1443     1437      384     1485     1473      366     1467
         1518      381     1491     1506      375     1509     1488      393
         1476     1500     1479      363     1461     1461      369     1497
         1461      435     1485     1500      417     1464     1473      420
         1500     1266     1464      390     1497     1407      384     1473
         1500      450     1209     1422      435     1515     1101      285

Atom Distribution No.    42 at run step  108766:

  Count of atoms assigned to each task:
         1197     1473     1464      408     1230     1398      369     1467
         1233      333     1236     1515      312     1266     1407      363
         1497     1479     1461      390     1500     1503      378     1461
         1503      402     1488     1476      372     1515     1485      381
         1473     1503     1473      348     1458     1473      375     1518
         1467      411     1512     1503      408     1482     1479      435
         1500     1272     1467      396     1479     1422      363     1455
         1494      444     1233     1398      375     1515     1281      285

Atom Distribution No.    43 at run step  111581:

  Count of atoms assigned to each task:
         1362     1470     1449      396     1206     1440      363     1464
         1254      342     1437     1527      312     1407     1122      396
         1521     1449     1476      387     1497     1494      378     1494
         1497      372     1476     1473      372     1503     1473      375
         1479     1494     1488      354     1479     1488      399     1500
         1482      417     1509     1482      405     1452     1482      411
         1482     1251     1458      402     1461     1401      381     1443
         1485      459     1215     1257      393     1494     1263      309

Atom Distribution No.    44 at run step  114377:

  Count of atoms assigned to each task:
         1353     1488     1449      381     1206     1413      354     1491
         1221      321     1419     1509      324     1119     1404      396
         1476     1464     1458      399     1476     1494      366     1494
         1485      390     1506     1503      372     1524     1488      363
         1494     1512     1500      366     1452     1482      360     1515
         1485      420     1506     1494      396     1476     1470      399
         1335     1440     1485      399     1482     1407      363     1476
         1491      453     1206     1236      390     1509     1254      300

Atom Distribution No.    45 at run step  117191:

  Count of atoms assigned to each task:
         1206     1482     1476      384     1224     1413      312     1470
         1248      318     1404     1497      306     1272     1245      363
         1500     1479     1455      384     1509     1524      369     1470
         1503      402     1506     1479      351     1512     1479      387
         1479     1488     1461      375     1464     1476      363     1506
         1485      405     1509     1506      417     1476     1467      414
         1512     1281     1455      399     1506     1437      369     1452
         1512      450     1227     1386      378     1536     1257      282

Atom Distribution No.    46 at run step  119967:

  Count of atoms assigned to each task:
         1194     1491     1467      390     1218     1422      348     1473
         1236      345     1431     1518      303     1110     1425      384
         1494     1458     1476      396     1470     1476      372     1470
         1491      384     1491     1470      360     1500     1506      381
         1476     1491     1494      381     1458     1476      375     1506
         1476      414     1509     1518      402     1482     1464      432
         1503     1266     1455      396     1485     1428      369     1449
         1500      432     1227     1398      405     1515     1248      279

Atom Distribution No.    47 at run step  122744:

  Count of atoms assigned to each task:
         1209     1494     1476      390     1209     1425      369     1482
         1224      342     1419     1524      312     1260     1251      378
         1497     1455     1446      405     1479     1488      375     1452
         1485      372     1485     1458      363     1506     1479      372
         1461     1482     1485      354     1461     1485      363     1521
         1479      426     1503     1494      414     1485     1500      435
         1509     1272     1476      405     1476     1416      375     1476
         1500      444     1233     1407      390     1512     1251      288

Atom Distribution No.    48 at run step  125550:

  Count of atoms assigned to each task:
         1194     1488     1467      384     1230     1401      366     1476
         1236      333     1401     1515      315     1122     1392      372
         1503     1473     1446      390     1482     1497      378     1470
         1485      375     1509     1482      372     1512     1530      390
         1485     1503     1500      375     1461     1485      378     1491
         1473      417     1500     1485      393     1476     1497      423
         1494     1263     1488      402     1470     1404      366     1467
         1479      438     1230     1392      381     1512     1254      291

Atom Distribution No.    49 at run step  128340:

  Count of atoms assigned to each task:
         1212     1500     1473      393     1221     1446      354     1482
         1230      351     1449     1521      315     1266     1275      393
         1494     1464     1446      387     1476     1488      378     1464
         1479      378     1506     1482      369     1506     1488      384
         1488     1491     1488      351     1455     1473      348     1497
         1467      420     1512     1485      387     1473     1494      420
         1356     1404     1476      399     1473     1419      366     1464
         1482      444     1236     1398      372     1515     1254      282

Atom Distribution No.    50 at run step  131143:

  Count of atoms assigned to each task:
         1206     1494     1470      387     1233     1410      360     1488
         1227      330     1452     1515      312     1110     1422      387
         1488     1470     1449      363     1482     1497      366     1461
         1497      387     1494     1482      363     1494     1482      378
         1485     1506     1479      345     1482     1482      375     1509
         1470      408     1500     1491      390     1473     1473      411
         1497     1275     1434      396     1497     1437      360     1449
         1521      447     1233     1395      423     1509     1269      282

Atom Distribution No.    51 at run step  133968:

  Count of atoms assigned to each task:
         1368     1494     1455      378     1221     1437      306     1485
         1236      315     1266     1512      309     1269     1419      390
         1503     1464     1464      378     1491     1503      339     1500
         1491      381     1494     1491      369     1509     1473      381
         1494     1500     1476      348     1458     1473      345     1506
         1476      414     1494     1491      396     1473     1482      426
         1494     1284     1485      390     1467     1425      375     1494
         1503      444     1221     1266      399     1527     1263      279

Atom Distribution No.    52 at run step  136763:

  Count of atoms assigned to each task:
         1200     1494     1458      396     1224     1428      342     1485
         1233      342     1440     1527      297     1110     1431      393
         1518     1467     1473      384     1479     1470      360     1464
         1503      396     1488     1470      384     1527     1467      387
         1491     1506     1488      348     1467     1479      381     1512
         1467      414     1491     1494      402     1470     1470      411
         1515     1257     1470      393     1470     1425      366     1455
         1488      438     1233     1392      375     1509     1257      288

Atom Distribution No.    53 at run step  139563:

  Count of atoms assigned to each task:
         1359     1494     1464      381     1212     1410      342     1485
         1221      318     1260     1515      312     1257     1425      387
         1521     1455     1461      390     1503     1497      378     1467
         1506      402     1500     1482      390     1521     1485      393
         1476     1512     1494      372     1464     1494      357     1509
         1485      414     1488     1494      405     1482     1479      411
         1497     1266     1461      378     1482     1407      363     1455
         1485      441     1209     1239      375     1524     1260      288

Atom Distribution No.    54 at run step  142344:

  Count of atoms assigned to each task:
         1362     1497     1452      372     1194     1416      336     1467
         1230      324     1263     1494      312     1290     1395      396
         1488     1473     1449      387     1494     1512      366     1470
         1512      387     1506     1473      372     1500     1482      402
         1479     1512     1467      351     1452     1488      360     1491
         1476      435     1503     1485      414     1494     1503      429
         1341     1431     1482      405     1494     1419      366     1482
         1473      453     1212     1242      381     1518     1266      282

Atom Distribution No.    55 at run step  145132:

  Count of atoms assigned to each task:
         1344     1494     1452      378     1200     1428      363     1473
         1224      348     1428     1494      303     1116     1401      393
         1491     1461     1443      396     1488     1512      366     1467
         1494      384     1500     1482      366     1512     1506      390
         1482     1536     1509      339     1482     1494      375     1518
         1473      411     1500     1494      393     1482     1488      408
         1500     1269     1467      393     1467     1416      360     1482
         1485      450     1206     1404      387     1515     1101      276

Atom Distribution No.    56 at run step  147932:

  Count of atoms assigned to each task:
         1350     1482     1455      393     1212     1422      378     1470
         1218      336     1266     1518      312     1257     1392      360
         1503     1464     1452      396     1497     1509      393     1473
         1491      390     1497     1497      351     1506     1485      393
         1482     1512     1494      348     1482     1482      378     1509
         1488      417     1500     1485      399     1494     1494      420
         1317     1407     1494      399     1467     1398      363     1506
         1497      450     1197     1242      375     1509     1254      282

Atom Distribution No.    57 at run step  150723:

  Count of atoms assigned to each task:
         1212     1467     1449      393     1230     1407      375     1479
         1242      348     1413     1512      309     1260     1257      366
         1491     1467     1458      375     1479     1497      381     1461
         1500      384     1491     1500      354     1512     1491      393
         1485     1503     1503      351     1482     1482      375     1500
         1494      396     1482     1509      384     1497     1470      423
         1500     1254     1482      411     1488     1395      363     1479
         1497      456     1227     1404      369     1503     1263      279

Atom Distribution No.    58 at run step  153506:

  Count of atoms assigned to each task:
         1347     1461     1473      393     1203     1419      399     1479
         1239      348     1467     1506      306     1110     1407      378
         1497     1458     1458      408     1512     1497      363     1476
         1515      399     1473     1491      375     1500     1467      369
         1491     1503     1467      375     1473     1503      372     1485
         1479      429     1488     1482      405     1479     1458      408
         1500     1239     1458      384     1491     1413      372     1458
         1506      450     1203     1248      372     1512     1281      282

Atom Distribution No.    59 at run step  156286:

  Count of atoms assigned to each task:
         1203     1491     1458      387     1224     1437      375     1482
         1239      336     1440     1515      306     1266     1263      390
         1497     1449     1479      414     1485     1506      381     1491
         1491      390     1488     1500      372     1506     1464      369
         1497     1494     1476      387     1482     1473      363     1494
         1476      405     1479     1485      387     1467     1461      426
         1338     1389     1470      408     1482     1407      360     1479
         1497      441     1224     1401      369     1509     1266      273

Atom Distribution No.    60 at run step  159066:

  Count of atoms assigned to each task:
         1368     1494     1467      393     1209     1455      363     1470
         1236      327     1293     1506      309     1257     1413      372
         1500     1464     1467      384     1482     1500      378     1479
         1500      399     1491     1485      372     1494     1482      360
         1494     1485     1479      384     1470     1497      351     1488
         1482      411     1491     1482      396     1473     1479      411
         1494     1242     1485      381     1479     1395      369     1485
         1509      456     1212     1254      387     1524     1263      282

Atom Distribution No.    61 at run step  161842:

  Count of atoms assigned to each task:
         1359     1482     1446      372     1203     1443      354     1467
         1230      312     1281     1524      309     1266     1413      402
         1515     1476     1443      387     1509     1512      378     1476
         1482      402     1491     1491      372     1491     1479      408
         1494     1500     1494      387     1467     1494      372     1506
         1476      423     1485     1488      393     1470     1479      408
         1323     1407     1473      402     1461     1404      369     1491
         1500      426     1200     1263      381     1515     1248      285

Atom Distribution No.    62 at run step  164631:

  Count of atoms assigned to each task:
         1206     1473     1425      387     1230     1428      381     1458
         1230      351     1443     1518      327     1104     1413      417
         1503     1461     1470      387     1497     1497      381     1470
         1488      387     1503     1488      378     1479     1485      408
         1485     1491     1482      354     1479     1491      384     1479
         1479      423     1488     1479      381     1470     1470      420
         1329     1401     1467      402     1485     1410      375     1488
         1479      450     1221     1407      390     1506     1230      291

Atom Distribution No.    63 at run step  167452:

  Count of atoms assigned to each task:
         1212     1503     1452      387     1224     1431      351     1458
         1227      342     1260     1530      315     1272     1392      381
         1509     1464     1446      375     1494     1497      354     1467
         1509      363     1500     1512      348     1515     1473      408
         1497     1509     1476      321     1479     1485      372     1479
         1470      414     1500     1482      375     1482     1491      435
         1503     1275     1458      393     1485     1434      372     1479
         1494      456     1242     1401      381     1515     1254      279

Atom Distribution No.    64 at run step  170218:

  Count of atoms assigned to each task:
         1359     1494     1443      381     1206     1440      339     1467
         1215      345     1461     1533      282     1116     1434      408
         1524     1473     1482      402     1509     1500      363     1473
         1515      378     1467     1473      372     1515     1488      393
         1485     1503     1482      339     1473     1509      375     1482
         1482      408     1506     1473      390     1473     1497      405
         1473     1248     1485      390     1455     1395      360     1482
         1491      444     1209     1251      402     1506     1251      285

Atom Distribution No.    65 at run step  173005:

  Count of atoms assigned to each task:
         1215     1485     1494      390     1227     1410      357     1488
         1224      318     1272     1545      303     1266     1419      366
         1515     1473     1464      372     1497     1509      348     1452
         1506      378     1470     1467      369     1512     1488      369
         1485     1497     1497      348     1476     1476      366     1509
         1476      408     1494     1500      384     1473     1467      420
         1335     1440     1464      378     1479     1437      363     1455
         1497      435     1236     1398      438     1548     1266      246

Atom Distribution No.    66 at run step  175798:

  Count of atoms assigned to each task:
         1365     1479     1470      381     1206     1449      378     1470
         1218      345     1467     1527      297     1116     1428      402
         1512     1452     1464      375     1491     1473      363     1461
         1482      381     1464     1479      378     1527     1473      366
         1479     1509     1482      372     1464     1488      369     1476
         1482      396     1491     1494      402     1485     1476      408
         1494     1272     1485      393     1461     1416      369     1503
         1476      447     1215     1260      393     1515     1266      282

Atom Distribution No.    67 at run step  178571:

  Count of atoms assigned to each task:
         1347     1470     1464      381     1209     1431      351     1491
         1215      333     1464     1539      306     1251     1281      387
         1518     1467     1464      396     1509     1491      375     1473
         1512      402     1488     1485      378     1506     1464      366
         1470     1488     1461      372     1473     1482      363     1488
         1491      411     1500     1491      402     1488     1467      405
         1491     1254     1482      372     1470     1413      372     1494
         1506      438     1206     1422      375     1509     1110      279

Atom Distribution No.    68 at run step  181356:

  Count of atoms assigned to each task:
         1194     1461     1455      378     1233     1395      351     1479
         1254      318     1248     1527      315     1275     1425      375
         1512     1470     1458      378     1479     1500      366     1464
         1494      384     1500     1464      402     1521     1503      366
         1485     1491     1491      366     1482     1500      357     1509
         1488      423     1512     1515      396     1497     1479      438
         1356     1425     1482      384     1491     1401      360     1491
         1485      435     1200     1416      351     1497     1254      258

Atom Distribution No.    69 at run step  184146:

  Count of atoms assigned to each task:
         1359     1464     1458      366     1212     1410      339     1485
         1221      306     1257     1533      312     1416     1263      399
         1515     1470     1470      411     1488     1500      372     1473
         1488      369     1488     1458      369     1515     1479      357
         1476     1512     1497      363     1479     1491      351     1512
         1473      402     1497     1518      396     1476     1515      417
         1518     1263     1491      387     1494     1425      366     1506
         1494      426     1212     1260      381     1509     1251      279

Atom Distribution No.    70 at run step  186951:

  Count of atoms assigned to each task:
         1374     1491     1464      378     1212     1431      369     1467
         1212      327     1482     1509      285     1095     1422      414
         1497     1470     1482      387     1485     1494      363     1470
         1491      375     1485     1467      378     1521     1467      393
         1485     1503     1470      375     1467     1488      342     1491
         1482      414     1485     1482      381     1482     1473      414
         1335     1446     1473      396     1476     1410      372     1494
         1494      432     1221     1257      393     1521     1260      288

Atom Distribution No.    71 at run step  189739:

  Count of atoms assigned to each task:
         1368     1485     1476      381     1212     1449      342     1470
         1233      315     1275     1539      306     1257     1419      408
         1491     1458     1473      408     1470     1482      369     1491
         1512      384     1491     1494      369     1524     1491      360
         1488     1488     1488      399     1488     1485      363     1491
         1491      414     1497     1488      405     1482     1491      423
         1485     1242     1473      399     1446     1398      357     1479
         1479      432     1215     1242      369     1506     1272      282

Atom Distribution No.    72 at run step  192499:

  Count of atoms assigned to each task:
         1341     1485     1446      381     1200     1425      378     1488
         1200      327     1473     1524      282     1257     1257      402
         1506     1470     1464      411     1500     1509      393     1503
         1494      384     1485     1512      375     1500     1476      372
         1509     1497     1485      351     1503     1488      378     1479
         1485      408     1503     1482      393     1488     1479      417
         1311     1416     1494      399     1461     1407      363     1488
         1482      417     1212     1245      372     1515     1236      276

Atom Distribution No.    73 at run step  195279:

  Count of atoms assigned to each task:
         1194     1485     1446      381     1230     1419      369     1479
         1236      330     1458     1518      312     1272     1293      393
         1482     1458     1488      366     1470     1485      360     1476
         1497      378     1482     1461      366     1509     1494      384
         1473     1500     1497      348     1479     1485      351     1506
         1491      402     1503     1530      369     1488     1506      414
         1350     1419     1491      393     1482     1404      366     1497
         1482      441     1212     1413      366     1515     1248      267

Atom Distribution No.    74 at run step  198056:

  Count of atoms assigned to each task:
         1350     1479     1461      387     1218     1434      372     1479
         1242      324     1455     1530      291     1113     1404      396
         1506     1452     1458      384     1473     1482      360     1485
         1485      375     1500     1476      366     1503     1485      348
         1485     1524     1467      372     1482     1521      366     1503
         1494      414     1524     1506      375     1491     1488      396
         1503     1266     1497      387     1473     1413      357     1491
         1479      423     1206     1257      375     1500     1263      288

Atom Distribution No.    75 at run step  200827:

  Count of atoms assigned to each task:
         1377     1473     1446      375     1203     1440      375     1467
         1227      315     1443     1512      312     1266     1263      396
         1497     1470     1446      375     1476     1494      372     1458
         1488      387     1500     1467      372     1506     1500      369
         1512     1503     1491      405     1485     1491      375     1518
         1476      414     1497     1506      378     1485     1464      402
         1338     1407     1488      393     1461     1401      348     1497
         1497      426     1209     1437      408     1512     1101      267

Major Routine Parallel Profiling - NonSetup CPU Seconds:

           D                                                              
           a                                                              
           t                                                              
           a                              D                               
           D         N                    i                               
           i         o                    h                               
           s         n             A      e      S      R      O         T
   T       t         B      B      n      d      h      u      t         o
   a       r         o      o      g      r      a      n      h         t
   s       i         n      n      l      a      k      M      e         a
   k       b         d      d      e      l      e      D      r         l
------------------------------------------------------------------------------
   0   458.0    1152.6    0.5    7.7   32.2    7.4   77.1   27.7    1763.2
   1   425.0    1216.0    0.1    0.1    0.1    9.4   89.2   28.1    1768.0
   2   415.5    1220.7    0.1    0.1    0.1    9.3   90.7   28.3    1764.7
   3   579.8    1079.5    0.1    0.1    0.1    2.5   40.2   28.1    1730.4
   4   461.2    1110.2    1.0   15.5   65.2    6.4   72.7   27.9    1760.0
   5   423.3    1217.5    0.1    0.1    0.1    8.8   87.4   28.1    1765.4
   6   612.0    1062.8    0.1    0.1    0.1    2.3   35.8   28.4    1741.5
   7   410.8    1220.8    0.1    0.1    0.1    9.5   91.6   27.2    1760.1
   8   454.4    1119.0    0.9   14.3   61.4    6.6   74.5   27.8    1759.0
   9   604.8    1067.5    0.1    0.1    0.1    2.2   32.1   28.1    1735.0
  10   439.6    1170.8    0.4    6.3   27.3    8.0   81.9   27.6    1761.9
  11   421.0    1214.7    0.1    0.1    0.1    9.5   90.2   26.4    1762.1
  12   616.3    1050.6    0.1    0.1    0.1    2.1   31.1   27.4    1727.7
  13   451.1    1123.9    0.8   13.7   58.2    7.0   76.8   28.0    1759.5
  14   432.8    1166.7    0.6    8.8   37.6    7.6   80.8   27.7    1762.6
  15   598.7    1073.3    0.1    0.1    0.1    2.5   35.3   26.8    1736.8
  16   427.9    1198.7    0.2    2.4    9.9    9.1   87.9   26.6    1762.6
  17   400.2    1227.4    0.1    0.1    0.1    9.5   93.2   27.2    1757.8
  18   419.2    1219.8    0.1    0.1    0.1    9.3   87.8   27.2    1763.4
  19   592.2    1079.3    0.1    0.1    0.1    2.6   36.1   27.0    1737.4
  20   397.4    1228.9    0.1    0.1    0.1    9.4   93.8   27.1    1756.8
  21   413.6    1216.8    0.1    0.1    0.1    9.7   93.2   27.5    1760.9
  22   597.9    1072.8    0.1    0.1    0.1    2.5   34.4   27.7    1735.6
  23   408.9    1222.5    0.1    0.1    0.1    9.3   89.5   27.0    1757.4
  24   414.8    1217.2    0.1    0.1    0.1    9.7   92.0   27.2    1761.2
  25   578.4    1078.6    0.1    0.1    0.1    2.7   41.3   28.4    1729.6
  26   413.8    1217.3    0.1    0.1    0.1    9.4   89.9   27.3    1758.0
  27   408.8    1222.8    0.1    0.1    0.1    9.3   91.1   27.3    1759.6
  28   603.0    1070.0    0.1    0.1    0.1    2.4   34.8   27.5    1737.9
  29   410.0    1216.8    0.1    0.1    0.1    9.9   94.4   27.3    1758.6
  30   395.7    1226.6    0.1    0.1    0.1    9.4   92.5   27.7    1752.1
  31   593.9    1072.2    0.1    0.1    0.1    2.6   35.4   27.2    1731.5
  32   405.2    1225.7    0.1    0.1    0.1    9.4   91.4   27.0    1758.9
  33   392.9    1227.9    0.1    0.1    0.1    9.9   96.9   28.0    1755.8
  34   396.6    1228.4    0.1    0.1    0.1    9.3   92.5   27.9    1755.0
  35   611.3    1065.2    0.1    0.1    0.1    2.4   32.2   27.4    1738.7
  36   405.2    1229.4    0.1    0.1    0.1    9.4   91.7   27.6    1763.4
  37   406.1    1221.9    0.1    0.1    0.1    9.8   94.4   28.0    1760.4
  38   603.6    1066.6    0.1    0.1    0.1    2.5   33.8   28.2    1735.0
  39   405.8    1223.1    0.1    0.1    0.1    9.4   90.8   27.4    1756.8
  40   408.2    1227.8    0.1    0.1    0.1    9.3   90.4   27.7    1763.6
  41   606.4    1076.1    0.1    0.1    0.1    2.7   36.3   28.3    1750.1
  42   401.0    1227.8    0.1    0.1    0.1    9.8   94.1   28.0    1760.8
  43   404.3    1225.4    0.1    0.1    0.1    9.4   91.6   28.1    1759.1
  44   602.2    1074.3    0.1    0.1    0.1    2.7   36.4   28.1    1744.0
  45   403.8    1225.9    0.1    0.1    0.1    9.4   91.5   28.3    1759.1
  46   409.1    1223.8    0.1    0.1    0.1    9.6   93.5   28.5    1764.6
  47   601.8    1073.1    0.1    0.1    0.1    2.7   36.8   28.1    1742.8
  48   448.6    1151.9    0.6    9.1   38.5    8.0   81.9   27.9    1766.4
  49   441.7    1178.3    0.4    6.1   25.6    8.0   84.6   28.4    1773.1
  50   415.3    1224.6    0.1    0.1    0.1    9.6   94.0   28.3    1772.0
  51   599.0    1073.7    0.1    0.1    0.1    2.6   38.3   28.1    1742.0
  52   407.4    1221.1    0.1    0.3    1.0    9.2   90.3   27.9    1757.4
  53   430.2    1205.5    0.1    0.1    0.1    8.8   81.9   28.3    1754.8
  54   598.9    1066.2    0.1    0.1    0.1    2.4   32.4   28.5    1728.7
  55   412.2    1216.4    0.1    0.1    0.1    9.4   89.6   27.7    1755.6
  56   414.5    1221.0    0.1    0.1    0.1    9.5   91.8   28.1    1765.0
  57   582.9    1078.7    0.1    0.1    0.1    2.8   37.0   28.6    1730.2
  58   476.4    1104.8    0.9   15.4   65.3    6.5   71.7   28.4    1769.3
  59   433.6    1171.1    0.4    6.3   28.1    7.9   82.7   28.2    1758.2
  60   600.6    1074.9    0.1    0.1    0.1    2.5   38.9   28.4    1745.6
  61   422.4    1217.7    0.1    0.1    0.1    9.6   92.9   28.3    1771.1
  62   441.9    1122.4    1.0   17.5   70.5    6.5   79.8   29.0    1768.7
  63   620.3    1055.6    0.1    0.1    0.1    1.9   33.8   27.4    1739.4
------------------------------------------------------------------------------
 avg   476.4    1160.6    0.2    2.0    8.2    6.9   71.7   27.8    1753.8
         0.0
 min   392.9    1050.6    0.1    0.1    0.1    1.9   31.1   26.4    1727.7
         0.0
 max   620.3    1229.4    1.0   17.5   70.5    9.9   96.9   29.0    1773.1
         0.0
 std    85.2      68.1    0.2    4.4   18.8    3.1   24.9    0.5      12.5
         0.0
------------------------------------------------------------------------------

PME NonBond Parallel Profiling - NonSetup CPU Seconds:

                     D                           
           P         i         R                 
           a         r         e      L          
           i         e         c      o          
           r         c         i      a         T
   T       l         t         p      d         o
   a       i         F         F      B         t
   s       s         r         r      a         a
   k       t         c         c      l         l
-------------------------------------------------
   0   211.7     939.6       0.0    1.1    1152.4
   1   232.6     981.9       0.0    1.3    1215.8
   2   234.2     985.1       0.0    1.2    1220.5
   3   114.2     300.8     663.2    1.1    1079.3
   4   208.9     900.0       0.0    1.1    1110.0
   5   232.0     984.1       0.1    1.1    1217.3
   6   101.5     256.4     703.7    1.0    1062.5
   7   235.5     983.9       0.0    1.1    1220.6
   8   211.7     906.1       0.0    1.0    1118.8
   9   102.2     270.2     693.6    1.2    1067.3
  10   220.6     948.6       0.1    1.3    1170.6
  11   231.2     981.7       0.0    1.6    1214.5
  12    91.6     234.0     723.6    1.2    1050.4
  13   214.7     907.8       0.0    1.2    1123.7
  14   226.1     939.1       0.0    1.3    1166.5
  15   107.2     285.5     679.2    1.3    1073.1
  16   227.2     969.5       0.0    1.8    1198.5
  17   238.2     987.3       0.0    1.6    1227.1
  18   234.8     982.8       0.0    2.0    1219.6
  19   111.2     297.5     669.0    1.5    1079.1
  20   238.4     988.7       0.0    1.6    1228.7
  21   230.9     983.7       0.1    1.9    1216.6
  22   106.1     288.9     676.0    1.6    1072.6
  23   235.2     985.1       0.0    1.9    1222.2
  24   230.4     984.7       0.0    2.0    1217.0
  25   114.7     291.2     670.9    1.6    1078.3
  26   231.5     983.5       0.1    2.0    1217.1
  27   234.6     986.3       0.0    1.7    1222.6
  28   104.2     275.3     688.7    1.5    1069.7
  29   230.0     984.7       0.0    1.9    1216.6
  30   238.2     986.6       0.0    1.6    1226.4
  31   108.5     300.3     661.8    1.3    1072.0
  32   237.8     986.3       0.0    1.4    1225.5
  33   239.0     987.4       0.0    1.2    1227.6
  34   240.1     986.8       0.0    1.2    1228.1
  35   101.2     273.0     689.4    1.3    1065.0
  36   239.9     988.1       0.0    1.1    1229.2
  37   234.6     985.8       0.1    1.2    1221.7
  38   105.0     274.1     686.2    1.0    1066.4
  39   236.8     984.9       0.0    1.2    1222.9
  40   239.7     986.8       0.0    1.1    1227.6
  41   108.9     296.3     669.7    0.9    1075.9
  42   241.0     985.4       0.1    1.1    1227.5
  43   239.0     985.3       0.0    0.9    1225.2
  44   107.9     307.6     657.8    0.8    1074.1
  45   238.4     986.4       0.0    0.9    1225.7
  46   235.6     987.1       0.0    0.8    1223.5
  47   108.0     295.3     668.8    0.8    1072.9
  48   218.8     931.9       0.0    0.9    1151.6
  49   226.1     951.0       0.0    1.0    1178.1
  50   236.0     987.4       0.0    0.9    1224.3
  51   108.8     296.4     667.5    0.8    1073.5
  52   234.4     985.7       0.0    0.9    1220.9
  53   222.8     981.4       0.1    1.0    1205.3
  54   104.5     289.1     671.5    0.8    1065.9
  55   230.8     984.5       0.0    0.9    1216.2
  56   234.7     985.2       0.0    0.9    1220.7
  57   113.6     323.8     640.2    0.8    1078.4
  58   204.5     899.3       0.1    0.8    1104.5
  59   222.0     948.2       0.0    0.7    1170.9
  60   107.7     293.0     673.3    0.6    1074.6
  61   233.5     983.1       0.0    0.9    1217.5
  62   227.3     894.1       0.0    0.8    1122.2
  63    93.9     232.2     728.5    0.8    1055.4
-------------------------------------------------
 avg   191.6     755.4     212.2    1.2    1160.4
-------------------------------------------------
