   Residue Number     State  0     State  1     State  2     State  3     State  4 
-----------------------------------------------------------------------------------
Residue: TYR 11   1.000000 (1) 0.000000 (0) 
Residue: GL4 14   0.000003 (0) 0.346729 (1) 0.157005 (1) 0.347203 (1) 0.149060 (1) 
Residue: TYR 16   1.000000 (1) 0.000000 (0) 
Residue: HIP 20   1.000000 (2) 0.000000 (1) 0.000000 (1) 
Residue: HIP 25   1.000000 (2) 0.000000 (1) 0.000000 (1) 
Residue: GL4 28   0.000003 (0) 0.477759 (1) 0.021478 (1) 0.479227 (1) 0.021533 (1) 
Residue: TYR 31   1.000000 (1) 0.000000 (0) 
Residue: GL4 36   0.000012 (0) 0.465152 (1) 0.034663 (1) 0.466130 (1) 0.034043 (1) 
Residue: TYR 41   1.000000 (1) 0.000000 (0) 
