   Residue Number     State  0     State  1     State  2     State  3     State  4 
-----------------------------------------------------------------------------------
Residue: TYR 11   0.999999 (1) 0.000001 (0) 
Residue: GL4 14   0.000008 (0) 0.346749 (1) 0.156625 (1) 0.347156 (1) 0.149463 (1) 
Residue: TYR 16   1.000000 (1) 0.000000 (0) 
Residue: HIP 20   0.999997 (2) 0.000003 (1) 0.000000 (1) 
Residue: HIP 25   1.000000 (2) 0.000000 (1) 0.000000 (1) 
Residue: GL4 28   0.000014 (0) 0.477152 (1) 0.021374 (1) 0.479778 (1) 0.021682 (1) 
Residue: TYR 31   0.999999 (1) 0.000001 (0) 
Residue: GL4 36   0.000021 (0) 0.463957 (1) 0.034709 (1) 0.467045 (1) 0.034268 (1) 
Residue: TYR 41   0.999999 (1) 0.000001 (0) 
