   Residue Number     State  0     State  1     State  2     State  3     State  4 
-----------------------------------------------------------------------------------
Residue: TYR 11   1.000000 (1) 0.000000 (0) 
Residue: GL4 14   0.000106 (0) 0.345989 (1) 0.156622 (1) 0.348054 (1) 0.149228 (1) 
Residue: TYR 16   1.000000 (1) 0.000000 (0) 
Residue: HIP 20   0.999977 (2) 0.000018 (1) 0.000005 (1) 
Residue: HIP 25   0.999994 (2) 0.000003 (1) 0.000003 (1) 
Residue: GL4 28   0.000150 (0) 0.477055 (1) 0.021392 (1) 0.479866 (1) 0.021537 (1) 
Residue: TYR 31   1.000000 (1) 0.000000 (0) 
Residue: GL4 36   0.000223 (0) 0.464979 (1) 0.033993 (1) 0.466809 (1) 0.033997 (1) 
Residue: TYR 41   1.000000 (1) 0.000000 (0) 
