   Residue Number     State  0     State  1     State  2     State  3     State  4 
-----------------------------------------------------------------------------------
Residue: TYR 11   1.000000 (1) 0.000000 (0) 
Residue: GL4 14   0.000034 (0) 0.345850 (1) 0.156393 (1) 0.348351 (1) 0.149371 (1) 
Residue: TYR 16   1.000000 (1) 0.000000 (0) 
Residue: HIP 20   0.999996 (2) 0.000003 (1) 0.000002 (1) 
Residue: HIP 25   0.999996 (2) 0.000003 (1) 0.000001 (1) 
Residue: GL4 28   0.000043 (0) 0.477191 (1) 0.021213 (1) 0.479898 (1) 0.021655 (1) 
Residue: TYR 31   1.000000 (1) 0.000000 (0) 
Residue: GL4 36   0.000069 (0) 0.465168 (1) 0.034631 (1) 0.465931 (1) 0.034201 (1) 
Residue: TYR 41   1.000000 (1) 0.000000 (0) 
