   Residue Number     State  0     State  1     State  2     State  3     State  4 
-----------------------------------------------------------------------------------
Residue: TYR 11   0.511765 (1) 0.488235 (0) 
Residue: GL4 14   0.999932 (0) 0.000014 (1) 0.000017 (1) 0.000024 (1) 0.000013 (1) 
Residue: TYR 16   0.794385 (1) 0.205615 (0) 
Residue: HIP 20   0.000101 (2) 0.825745 (1) 0.174154 (1) 
Residue: HIP 25   0.001031 (2) 0.899418 (1) 0.099551 (1) 
Residue: GL4 28   0.999966 (0) 0.000009 (1) 0.000000 (1) 0.000023 (1) 0.000002 (1) 
Residue: TYR 31   0.644331 (1) 0.355669 (0) 
Residue: GL4 36   0.999982 (0) 0.000008 (1) 0.000000 (1) 0.000009 (1) 0.000000 (1) 
Residue: TYR 41   0.838184 (1) 0.161816 (0) 
