   Residue Number     State  0     State  1     State  2     State  3     State  4 
-----------------------------------------------------------------------------------
Residue: TYR 11   0.253817 (1) 0.746183 (0) 
Residue: GL4 14   0.999964 (0) 0.000008 (1) 0.000001 (1) 0.000023 (1) 0.000005 (1) 
Residue: TYR 16   0.552385 (1) 0.447615 (0) 
Residue: HIP 20   0.000035 (2) 0.826167 (1) 0.173798 (1) 
Residue: HIP 25   0.000341 (2) 0.901191 (1) 0.098468 (1) 
Residue: GL4 28   0.999992 (0) 0.000005 (1) 0.000000 (1) 0.000003 (1) 0.000000 (1) 
Residue: TYR 31   0.362484 (1) 0.637516 (0) 
Residue: GL4 36   0.999990 (0) 0.000004 (1) 0.000000 (1) 0.000005 (1) 0.000001 (1) 
Residue: TYR 41   0.616199 (1) 0.383801 (0) 
