   Residue Number     State  0     State  1     State  2     State  3     State  4 
-----------------------------------------------------------------------------------
Residue: TYR 11   0.099137 (1) 0.900863 (0) 
Residue: GL4 14   0.999987 (0) 0.000007 (1) 0.000001 (1) 0.000003 (1) 0.000003 (1) 
Residue: TYR 16   0.282788 (1) 0.717212 (0) 
Residue: HIP 20   0.000013 (2) 0.826374 (1) 0.173613 (1) 
Residue: HIP 25   0.000135 (2) 0.902201 (1) 0.097664 (1) 
Residue: GL4 28   0.999998 (0) 0.000000 (1) 0.000000 (1) 0.000002 (1) 0.000000 (1) 
Residue: TYR 31   0.152614 (1) 0.847386 (0) 
Residue: GL4 36   1.000000 (0) 0.000000 (1) 0.000000 (1) 0.000000 (1) 0.000000 (1) 
Residue: TYR 41   0.337033 (1) 0.662967 (0) 
