   Residue Number     State  0     State  1     State  2     State  3     State  4 
-----------------------------------------------------------------------------------
Residue: TYR 11   0.034208 (1) 0.965792 (0) 
Residue: GL4 14   0.999999 (0) 0.000001 (1) 0.000000 (1) 0.000000 (1) 0.000000 (1) 
Residue: TYR 16   0.111050 (1) 0.888950 (0) 
Residue: HIP 20   0.000002 (2) 0.826828 (1) 0.173170 (1) 
Residue: HIP 25   0.000036 (2) 0.902687 (1) 0.097277 (1) 
Residue: GL4 28   0.999997 (0) 0.000003 (1) 0.000000 (1) 0.000000 (1) 0.000000 (1) 
Residue: TYR 31   0.054325 (1) 0.945675 (0) 
Residue: GL4 36   1.000000 (0) 0.000000 (1) 0.000000 (1) 0.000000 (1) 0.000000 (1) 
Residue: TYR 41   0.138093 (1) 0.861907 (0) 
