   Residue Number     State  0     State  1     State  2     State  3     State  4 
-----------------------------------------------------------------------------------
Residue: TYR 11   0.003485 (1) 0.996515 (0) 
Residue: GL4 14   1.000000 (0) 0.000000 (1) 0.000000 (1) 0.000000 (1) 0.000000 (1) 
Residue: TYR 16   0.012449 (1) 0.987551 (0) 
Residue: HIP 20   0.000000 (2) 0.826852 (1) 0.173148 (1) 
Residue: HIP 25   0.000007 (2) 0.903075 (1) 0.096918 (1) 
Residue: GL4 28   1.000000 (0) 0.000000 (1) 0.000000 (1) 0.000000 (1) 0.000000 (1) 
Residue: TYR 31   0.005734 (1) 0.994266 (0) 
Residue: GL4 36   1.000000 (0) 0.000000 (1) 0.000000 (1) 0.000000 (1) 0.000000 (1) 
Residue: TYR 41   0.015798 (1) 0.984202 (0) 
