   Residue Number     State  0     State  1     State  2     State  3     State  4 
-----------------------------------------------------------------------------------
Residue: TYR 11   0.011137 (1) 0.988863 (0) 
Residue: GL4 14   0.999997 (0) 0.000001 (1) 0.000000 (1) 0.000002 (1) 0.000000 (1) 
Residue: TYR 16   0.038330 (1) 0.961670 (0) 
Residue: HIP 20   0.000001 (2) 0.827708 (1) 0.172291 (1) 
Residue: HIP 25   0.000009 (2) 0.903647 (1) 0.096344 (1) 
Residue: GL4 28   1.000000 (0) 0.000000 (1) 0.000000 (1) 0.000000 (1) 0.000000 (1) 
Residue: TYR 31   0.017871 (1) 0.982129 (0) 
Residue: GL4 36   1.000000 (0) 0.000000 (1) 0.000000 (1) 0.000000 (1) 0.000000 (1) 
Residue: TYR 41   0.048332 (1) 0.951668 (0) 
