   Residue Number     State  0     State  1     State  2     State  3     State  4 
-----------------------------------------------------------------------------------
Residue: TYR 11   0.001110 (1) 0.998890 (0) 
Residue: GL4 14   1.000000 (0) 0.000000 (1) 0.000000 (1) 0.000000 (1) 0.000000 (1) 
Residue: TYR 16   0.004010 (1) 0.995990 (0) 
Residue: HIP 20   0.000000 (2) 0.827227 (1) 0.172773 (1) 
Residue: HIP 25   0.000002 (2) 0.903703 (1) 0.096295 (1) 
Residue: GL4 28   1.000000 (0) 0.000000 (1) 0.000000 (1) 0.000000 (1) 0.000000 (1) 
Residue: TYR 31   0.001794 (1) 0.998206 (0) 
Residue: GL4 36   0.999999 (0) 0.000000 (1) 0.000000 (1) 0.000001 (1) 0.000000 (1) 
Residue: TYR 41   0.005029 (1) 0.994971 (0) 
