   Residue Number     State  0     State  1     State  2     State  3     State  4 
-----------------------------------------------------------------------------------
Residue: TYR 11   0.000333 (1) 0.999667 (0) 
Residue: GL4 14   1.000000 (0) 0.000000 (1) 0.000000 (1) 0.000000 (1) 0.000000 (1) 
Residue: TYR 16   0.001248 (1) 0.998752 (0) 
Residue: HIP 20   0.000000 (2) 0.827474 (1) 0.172526 (1) 
Residue: HIP 25   0.000002 (2) 0.903681 (1) 0.096318 (1) 
Residue: GL4 28   1.000000 (0) 0.000000 (1) 0.000000 (1) 0.000000 (1) 0.000000 (1) 
Residue: TYR 31   0.000589 (1) 0.999411 (0) 
Residue: GL4 36   0.999996 (0) 0.000000 (1) 0.000000 (1) 0.000003 (1) 0.000002 (1) 
Residue: TYR 41   0.001598 (1) 0.998402 (0) 
