   Residue Number     State  0     State  1     State  2     State  3     State  4 
-----------------------------------------------------------------------------------
Residue: TYR 11   1.000000 (1) 0.000000 (0) 
Residue: GL4 14   0.000321 (0) 0.346118 (1) 0.156525 (1) 0.347740 (1) 0.149296 (1) 
Residue: TYR 16   1.000000 (1) 0.000000 (0) 
Residue: HIP 20   0.999928 (2) 0.000057 (1) 0.000015 (1) 
Residue: HIP 25   0.999989 (2) 0.000009 (1) 0.000002 (1) 
Residue: GL4 28   0.000502 (0) 0.477224 (1) 0.021421 (1) 0.479362 (1) 0.021492 (1) 
Residue: TYR 31   1.000000 (1) 0.000000 (0) 
Residue: GL4 36   0.000768 (0) 0.464283 (1) 0.033983 (1) 0.466900 (1) 0.034066 (1) 
Residue: TYR 41   1.000000 (1) 0.000000 (0) 
