   Residue Number     State  0     State  1     State  2     State  3     State  4 
-----------------------------------------------------------------------------------
Residue: TYR 11   1.000000 (1) 0.000000 (0) 
Residue: GL4 14   0.000913 (0) 0.346664 (1) 0.156183 (1) 0.347702 (1) 0.148537 (1) 
Residue: TYR 16   1.000000 (1) 0.000000 (0) 
Residue: HIP 20   0.999657 (2) 0.000273 (1) 0.000070 (1) 
Residue: HIP 25   0.999937 (2) 0.000055 (1) 0.000008 (1) 
Residue: GL4 28   0.001538 (0) 0.477273 (1) 0.021213 (1) 0.478508 (1) 0.021468 (1) 
Residue: TYR 31   1.000000 (1) 0.000000 (0) 
Residue: GL4 36   0.002318 (0) 0.462536 (1) 0.034038 (1) 0.467034 (1) 0.034074 (1) 
Residue: TYR 41   1.000000 (1) 0.000000 (0) 
