   Residue Number     State  0     State  1     State  2     State  3     State  4 
-----------------------------------------------------------------------------------
Residue: TYR 11   1.000000 (1) 0.000000 (0) 
Residue: GL4 14   0.009063 (0) 0.343359 (1) 0.154804 (1) 0.345908 (1) 0.146867 (1) 
Residue: TYR 16   1.000000 (1) 0.000000 (0) 
Residue: HIP 20   0.996652 (2) 0.002817 (1) 0.000531 (1) 
Residue: HIP 25   0.999493 (2) 0.000434 (1) 0.000073 (1) 
Residue: GL4 28   0.014955 (0) 0.471170 (1) 0.021220 (1) 0.471652 (1) 0.021003 (1) 
Residue: TYR 31   0.999999 (1) 0.000001 (0) 
Residue: GL4 36   0.021447 (0) 0.456284 (1) 0.033661 (1) 0.455340 (1) 0.033269 (1) 
Residue: TYR 41   1.000000 (1) 0.000000 (0) 
