   Residue Number     State  0     State  1     State  2     State  3     State  4 
-----------------------------------------------------------------------------------
Residue: TYR 11   0.999999 (1) 0.000001 (0) 
Residue: GL4 14   0.002968 (0) 0.345524 (1) 0.155692 (1) 0.347817 (1) 0.147999 (1) 
Residue: TYR 16   1.000000 (1) 0.000000 (0) 
Residue: HIP 20   0.998947 (2) 0.000858 (1) 0.000196 (1) 
Residue: HIP 25   0.999833 (2) 0.000142 (1) 0.000025 (1) 
Residue: GL4 28   0.004982 (0) 0.475111 (1) 0.021145 (1) 0.477498 (1) 0.021264 (1) 
Residue: TYR 31   1.000000 (1) 0.000000 (0) 
Residue: GL4 36   0.007063 (0) 0.461147 (1) 0.034389 (1) 0.463303 (1) 0.034098 (1) 
Residue: TYR 41   1.000000 (1) 0.000000 (0) 
