   Residue Number     State  0     State  1     State  2     State  3     State  4 
-----------------------------------------------------------------------------------
Residue: TYR 11   0.999997 (1) 0.000003 (0) 
Residue: GL4 14   0.076960 (0) 0.320964 (1) 0.143991 (1) 0.321048 (1) 0.137038 (1) 
Residue: TYR 16   0.999998 (1) 0.000002 (0) 
Residue: HIP 20   0.966357 (2) 0.027948 (1) 0.005694 (1) 
Residue: HIP 25   0.995167 (2) 0.004182 (1) 0.000652 (1) 
Residue: GL4 28   0.127195 (0) 0.417378 (1) 0.018349 (1) 0.418377 (1) 0.018701 (1) 
Residue: TYR 31   1.000000 (1) 0.000000 (0) 
Residue: GL4 36   0.169831 (0) 0.386659 (1) 0.028191 (1) 0.387313 (1) 0.028006 (1) 
Residue: TYR 41   0.999999 (1) 0.000001 (0) 
