   Residue Number     State  0     State  1     State  2     State  3     State  4 
-----------------------------------------------------------------------------------
Residue: TYR 11   0.999999 (1) 0.000001 (0) 
Residue: GL4 14   0.026628 (0) 0.338424 (1) 0.151955 (1) 0.338629 (1) 0.144363 (1) 
Residue: TYR 16   0.999999 (1) 0.000001 (0) 
Residue: HIP 20   0.989365 (2) 0.008796 (1) 0.001839 (1) 
Residue: HIP 25   0.998427 (2) 0.001357 (1) 0.000217 (1) 
Residue: GL4 28   0.045438 (0) 0.456145 (1) 0.020328 (1) 0.457520 (1) 0.020568 (1) 
Residue: TYR 31   0.999999 (1) 0.000001 (0) 
Residue: GL4 36   0.061107 (0) 0.438499 (1) 0.031835 (1) 0.437180 (1) 0.031380 (1) 
Residue: TYR 41   1.000000 (1) 0.000000 (0) 
