   Residue Number     State  0     State  1     State  2     State  3     State  4 
-----------------------------------------------------------------------------------
Residue: TYR 11   0.999986 (1) 0.000014 (0) 
Residue: GL4 14   0.200778 (0) 0.279419 (1) 0.123951 (1) 0.278503 (1) 0.117350 (1) 
Residue: TYR 16   0.999996 (1) 0.000004 (0) 
Residue: HIP 20   0.900369 (2) 0.082223 (1) 0.017408 (1) 
Residue: HIP 25   0.986060 (2) 0.012108 (1) 0.001832 (1) 
Residue: GL4 28   0.302622 (0) 0.332559 (1) 0.014452 (1) 0.335589 (1) 0.014778 (1) 
Residue: TYR 31   0.999991 (1) 0.000009 (0) 
Residue: GL4 36   0.387466 (0) 0.284908 (1) 0.020595 (1) 0.286798 (1) 0.020233 (1) 
Residue: TYR 41   1.000000 (1) 0.000000 (0) 
