   Residue Number     State  0     State  1     State  2     State  3     State  4 
-----------------------------------------------------------------------------------
Residue: TYR 11   0.999963 (1) 0.000037 (0) 
Residue: GL4 14   0.428259 (0) 0.200669 (1) 0.087455 (1) 0.200381 (1) 0.083236 (1) 
Residue: TYR 16   0.999986 (1) 0.000014 (0) 
Residue: HIP 20   0.738094 (2) 0.216564 (1) 0.045343 (1) 
Residue: HIP 25   0.960769 (2) 0.034516 (1) 0.004715 (1) 
Residue: GL4 28   0.560398 (0) 0.210311 (1) 0.008998 (1) 0.211154 (1) 0.009140 (1) 
Residue: TYR 31   0.999979 (1) 0.000021 (0) 
Residue: GL4 36   0.663617 (0) 0.157023 (1) 0.011110 (1) 0.157230 (1) 0.011019 (1) 
Residue: TYR 41   0.999994 (1) 0.000006 (0) 
