   Residue Number     State  0     State  1     State  2     State  3     State  4 
-----------------------------------------------------------------------------------
Residue: TYR 11   0.999662 (1) 0.000338 (0) 
Residue: GL4 14   0.872966 (0) 0.045882 (1) 0.019041 (1) 0.044978 (1) 0.017133 (1) 
Residue: TYR 16   0.999911 (1) 0.000089 (0) 
Residue: HIP 20   0.215467 (2) 0.650161 (1) 0.134372 (1) 
Residue: HIP 25   0.751161 (2) 0.221738 (1) 0.027101 (1) 
Residue: GL4 28   0.913440 (0) 0.041725 (1) 0.001682 (1) 0.041410 (1) 0.001743 (1) 
Residue: TYR 31   0.999827 (1) 0.000173 (0) 
Residue: GL4 36   0.951011 (0) 0.022969 (1) 0.001568 (1) 0.022895 (1) 0.001557 (1) 
Residue: TYR 41   0.999940 (1) 0.000060 (0) 
