   Residue Number     State  0     State  1     State  2     State  3     State  4 
-----------------------------------------------------------------------------------
Residue: TYR 11   0.999891 (1) 0.000109 (0) 
Residue: GL4 14   0.693270 (0) 0.109257 (1) 0.046565 (1) 0.107742 (1) 0.043167 (1) 
Residue: TYR 16   0.999969 (1) 0.000031 (0) 
Residue: HIP 20   0.465019 (2) 0.442891 (1) 0.092090 (1) 
Residue: HIP 25   0.897321 (2) 0.090706 (1) 0.011973 (1) 
Residue: GL4 28   0.786359 (0) 0.102638 (1) 0.004203 (1) 0.102567 (1) 0.004233 (1) 
Residue: TYR 31   0.999945 (1) 0.000055 (0) 
Residue: GL4 36   0.858929 (0) 0.066043 (1) 0.004547 (1) 0.065972 (1) 0.004509 (1) 
Residue: TYR 41   0.999981 (1) 0.000019 (0) 
