   Residue Number     State  0     State  1     State  2     State  3     State  4 
-----------------------------------------------------------------------------------
Residue: TYR 11   0.999052 (1) 0.000948 (0) 
Residue: GL4 14   0.954120 (0) 0.016840 (1) 0.006933 (1) 0.016267 (1) 0.005840 (1) 
Residue: TYR 16   0.999690 (1) 0.000310 (0) 
Residue: HIP 20   0.082948 (2) 0.757869 (1) 0.159183 (1) 
Residue: HIP 25   0.496469 (2) 0.450426 (1) 0.053105 (1) 
Residue: GL4 28   0.968199 (0) 0.015248 (1) 0.000693 (1) 0.015188 (1) 0.000673 (1) 
Residue: TYR 31   0.999461 (1) 0.000539 (0) 
Residue: GL4 36   0.983900 (0) 0.007548 (1) 0.000485 (1) 0.007568 (1) 0.000499 (1) 
Residue: TYR 41   0.999795 (1) 0.000205 (0) 
