   Residue Number     State  0     State  1     State  2     State  3     State  4 
-----------------------------------------------------------------------------------
Residue: TYR 11   0.997015 (1) 0.002985 (0) 
Residue: GL4 14   0.984909 (0) 0.005482 (1) 0.002374 (1) 0.005405 (1) 0.001830 (1) 
Residue: TYR 16   0.999157 (1) 0.000843 (0) 
Residue: HIP 20   0.028969 (2) 0.801545 (1) 0.169486 (1) 
Residue: HIP 25   0.236649 (2) 0.684848 (1) 0.078503 (1) 
Residue: GL4 28   0.988838 (0) 0.005338 (1) 0.000243 (1) 0.005372 (1) 0.000208 (1) 
Residue: TYR 31   0.998292 (1) 0.001708 (0) 
Residue: GL4 36   0.994684 (0) 0.002528 (1) 0.000165 (1) 0.002451 (1) 0.000172 (1) 
Residue: TYR 41   0.999412 (1) 0.000588 (0) 
