   Residue Number     State  0     State  1     State  2     State  3     State  4 
-----------------------------------------------------------------------------------
Residue: TYR 11   0.970894 (1) 0.029106 (0) 
Residue: GL4 14   0.998488 (0) 0.000593 (1) 0.000198 (1) 0.000514 (1) 0.000208 (1) 
Residue: TYR 16   0.991738 (1) 0.008262 (0) 
Residue: HIP 20   0.003091 (2) 0.822140 (1) 0.174769 (1) 
Residue: HIP 25   0.029854 (2) 0.872257 (1) 0.097888 (1) 
Residue: GL4 28   0.998897 (0) 0.000528 (1) 0.000021 (1) 0.000528 (1) 0.000025 (1) 
Residue: TYR 31   0.983337 (1) 0.016663 (0) 
Residue: GL4 36   0.999488 (0) 0.000260 (1) 0.000014 (1) 0.000225 (1) 0.000013 (1) 
Residue: TYR 41   0.994032 (1) 0.005968 (0) 
