   Residue Number     State  0     State  1     State  2     State  3     State  4 
-----------------------------------------------------------------------------------
Residue: TYR 11   0.990597 (1) 0.009403 (0) 
Residue: GL4 14   0.995076 (0) 0.001923 (1) 0.000718 (1) 0.001678 (1) 0.000605 (1) 
Residue: TYR 16   0.997423 (1) 0.002577 (0) 
Residue: HIP 20   0.009497 (2) 0.816904 (1) 0.173599 (1) 
Residue: HIP 25   0.088918 (2) 0.817893 (1) 0.093189 (1) 
Residue: GL4 28   0.996357 (0) 0.001767 (1) 0.000098 (1) 0.001701 (1) 0.000077 (1) 
Residue: TYR 31   0.994677 (1) 0.005323 (0) 
Residue: GL4 36   0.998350 (0) 0.000778 (1) 0.000061 (1) 0.000760 (1) 0.000052 (1) 
Residue: TYR 41   0.998117 (1) 0.001883 (0) 
