   Residue Number     State  0     State  1     State  2     State  3     State  4 
-----------------------------------------------------------------------------------
Residue: TYR 11   0.912519 (1) 0.087481 (0) 
Residue: GL4 14   0.999525 (0) 0.000184 (1) 0.000063 (1) 0.000168 (1) 0.000059 (1) 
Residue: TYR 16   0.974437 (1) 0.025563 (0) 
Residue: HIP 20   0.000968 (2) 0.824117 (1) 0.174915 (1) 
Residue: HIP 25   0.009733 (2) 0.889776 (1) 0.100491 (1) 
Residue: GL4 28   0.999582 (0) 0.000194 (1) 0.000016 (1) 0.000203 (1) 0.000005 (1) 
Residue: TYR 31   0.948883 (1) 0.051117 (0) 
Residue: GL4 36   0.999799 (0) 0.000097 (1) 0.000008 (1) 0.000093 (1) 0.000003 (1) 
Residue: TYR 41   0.981380 (1) 0.018620 (0) 
