   Residue Number     State  0     State  1     State  2     State  3     State  4 
-----------------------------------------------------------------------------------
Residue: TYR 11   0.766668 (1) 0.233332 (0) 
Residue: GL4 14   0.999816 (0) 0.000056 (1) 0.000032 (1) 0.000063 (1) 0.000033 (1) 
Residue: TYR 16   0.923797 (1) 0.076203 (0) 
Residue: HIP 20   0.000327 (2) 0.824945 (1) 0.174728 (1) 
Residue: HIP 25   0.003228 (2) 0.897117 (1) 0.099654 (1) 
Residue: GL4 28   0.999885 (0) 0.000038 (1) 0.000001 (1) 0.000071 (1) 0.000005 (1) 
Residue: TYR 31   0.852808 (1) 0.147192 (0) 
Residue: GL4 36   0.999934 (0) 0.000039 (1) 0.000003 (1) 0.000020 (1) 0.000004 (1) 
Residue: TYR 41   0.943359 (1) 0.056641 (0) 
