# 1    2
# pH   Residue
0.00 0.000 0.000 0.000 0.000 0.000 0.000 0.000 0.000 0.000  
0.50 0.000 0.000 0.000 0.000 0.000 0.000 0.000 0.000 0.000  
1.00 0.000 0.000 0.000 0.000 0.000 0.000 0.000 0.000 0.000  
1.50 0.000 0.000 0.000 0.000 0.000 0.000 0.000 0.000 0.000  
2.00 0.000 0.000 0.000 0.000 0.000 0.001 0.000 0.001 0.000  
2.50 0.000 0.001 0.000 0.000 0.000 0.002 0.000 0.002 0.000  
3.00 0.000 0.003 0.000 0.001 0.000 0.005 0.000 0.007 0.000  
3.50 0.000 0.009 0.000 0.003 0.001 0.015 0.000 0.021 0.000  
4.00 0.000 0.027 0.000 0.011 0.002 0.045 0.000 0.061 0.000  
4.50 0.000 0.077 0.000 0.034 0.005 0.127 0.000 0.170 0.000  
5.00 0.000 0.201 0.000 0.100 0.014 0.303 0.000 0.387 0.000  
5.50 0.000 0.428 0.000 0.262 0.039 0.560 0.000 0.664 0.000  
6.00 0.000 0.693 0.000 0.535 0.103 0.786 0.000 0.859 0.000  
6.50 0.000 0.873 0.000 0.785 0.249 0.913 0.000 0.951 0.000  
7.00 0.001 0.954 0.000 0.917 0.504 0.968 0.001 0.984 0.000  
7.50 0.003 0.985 0.001 0.971 0.763 0.989 0.002 0.995 0.001  
8.00 0.009 0.995 0.003 0.991 0.911 0.996 0.005 0.998 0.002  
8.50 0.029 0.998 0.008 0.997 0.970 0.999 0.017 0.999 0.006  
9.00 0.087 1.000 0.026 0.999 0.990 1.000 0.051 1.000 0.019  
9.50 0.233 1.000 0.076 1.000 0.997 1.000 0.147 1.000 0.057  
10.00 0.488 1.000 0.206 1.000 0.999 1.000 0.356 1.000 0.162  
10.50 0.746 1.000 0.448 1.000 1.000 1.000 0.638 1.000 0.384  
11.00 0.901 1.000 0.717 1.000 1.000 1.000 0.847 1.000 0.663  
11.50 0.966 1.000 0.889 1.000 1.000 1.000 0.946 1.000 0.862  
12.00 0.989 1.000 0.962 1.000 1.000 1.000 0.982 1.000 0.952  
12.50 0.997 1.000 0.988 1.000 1.000 1.000 0.994 1.000 0.984  
13.00 0.999 1.000 0.996 1.000 1.000 1.000 0.998 1.000 0.995  
13.50 1.000 1.000 0.999 1.000 1.000 1.000 0.999 1.000 0.998  
