
Initial FFT Block Distribution Based on Workload Estimate:

  FFT blocks assigned to   12 tasks

First FFT Block Distribution Based on Actual Workload:

  FFT blocks assigned to   28 tasks

Image Distribution at run step     312:

  Count of images assigned to each task:
          804      989      390     1026      360      805      349      954
         1003      329     1010      351      962      346      982      340
         1008      999      308      976      332     1013      356     1055
          982      336      966      319     1019      391     1021      332
          982     1044      357     1079      357      971      332     1051
         1048      403     1013      345     1050      333     1054      336
         1063     1053      356     1016      335     1067      350     1038
          987      348      994      322     1052      313      992      335

Atom Distribution No.     4 at run step    2839:

  Count of atoms assigned to each task:
          792      954      360     1053      384      792      330      942
          972      333      987      375      984      333      948      339
         1020     1029      327     1032      336      969      363     1026
         1026      381      999      309      978      351     1050      354
         1074     1026      348      993      360     1035      366     1011
         1017      381     1032      342     1023      312     1074      330
         1053     1047      336     1032      336     1116      330     1035
          963      372     1026      333     1053      309      963      333

Atom Distribution No.     5 at run step    5680:

  Count of atoms assigned to each task:
          924      972      375     1023      360      954      384      759
          966      348     1002      354      966      378      933      342
          993     1020      384      990      381      927      411     1008
         1032      417      972      354      978      375     1014      396
         1035      969      366     1011      360     1017      378     1014
          981      366     1056      393      984      390     1044      354
         1002     1029      399     1035      417     1038      390      999
          930      381     1032      330     1014      294      789      300

Atom Distribution No.     6 at run step    8525:

  Count of atoms assigned to each task:
          927      972      366     1023      372      954      393      771
          960      351     1011      375      954      375      942      375
          975     1026      402      981      375      933      399     1041
         1044      411      972      348      963      360     1014      393
         1023      966      351     1011      351     1026      441      984
          987      405     1035      357     1029      366     1005      366
         1035     1011      399     1041      408      996      366      954
          939      354     1035      369     1014      318      783      306

Atom Distribution No.     7 at run step   11398:

  Count of atoms assigned to each task:
          924      978      354     1041      375      933      393      777
          969      363     1011      354      957      393      948      339
          996     1017      387      993      369      963      372     1026
         1032      384      963      351      972      375     1032      432
         1041      981      333     1038      375     1041      399     1008
          996      387     1038      375     1041      378     1008      345
         1023     1014      408     1050      378      999      366      951
          930      357     1020      348     1005      321      768      294

Atom Distribution No.     8 at run step   14262:

  Count of atoms assigned to each task:
          924      984      363     1005      369      945      405      780
          966      363     1014      369      957      375      939      336
          978     1026      387      981      372      930      372     1011
         1053      390      963      372      990      354     1050      420
         1032      975      351     1047      366     1062      438      999
         1005      393     1035      357     1056      381     1011      360
          987     1026      384     1047      363      993      381      966
          945      360     1023      333      978      315      780      297

Atom Distribution No.     9 at run step   17094:

  Count of atoms assigned to each task:
          930      978      375     1032      372      945      390      780
          960      354     1017      366      957      375      930      351
          975     1011      405      972      402      954      393     1014
         1032      384      960      375      978      375     1041      423
         1032      996      351     1050      363     1041      414     1002
          978      381      999      381     1011      387      996      351
          957      969      414     1041      423     1017      378      978
          933      345     1041      369      993      315      777      300

Atom Distribution No.    10 at run step   19951:

  Count of atoms assigned to each task:
          924      972      378     1014      369      939      411      771
          984      354     1014      348      978      396      939      348
         1002     1026      390      972      375      954      384     1011
         1038      372      972      381      969      366     1050      420
         1017      996      348     1014      378     1068      435     1005
          993      369     1008      372     1047      390     1005      339
          963      987      396     1050      393      990      369      966
          933      390     1038      348      966      321      780      294

Atom Distribution No.    11 at run step   22808:

  Count of atoms assigned to each task:
          936      957      372     1017      381      942      414      786
          957      360     1023      369      960      384      957      342
          999     1014      396      981      387      969      387     1017
         1038      372      963      366      951      366     1044      441
         1017      981      351      984      381     1056      426      996
          984      372     1011      360     1101      363      996      354
          960      978      396     1035      393      999      384      984
          945      375     1023      339      978      309      789      321

Atom Distribution No.    12 at run step   25651:

  Count of atoms assigned to each task:
          924      960      372     1017      372      945      405      777
          954      339     1023      354      963      369      948      351
          993     1020      393      984      405      966      363     1020
         1041      369      969      354      972      399     1044      426
         1026      987      354      993      378     1080      426      990
          978      384      984      372     1074      372      984      366
          978      993      390     1053      372      996      378      990
          942      339     1032      357      978      333      792      327

Atom Distribution No.    13 at run step   28504:

  Count of atoms assigned to each task:
          927      951      384      999      375      963      420      774
          945      345     1005      384      960      396      948      351
          972      999      399      990      399      954      366      996
         1047      399      990      381      960      387     1023      450
         1020      996      363      975      375     1041      444      999
          972      387      960      399     1074      366      987      342
          972      984      390     1047      390      993      381      984
          948      363     1020      339      984      342      786      327

Atom Distribution No.    14 at run step   31365:

  Count of atoms assigned to each task:
          936      945      381      972      372      951      420      786
          945      345      993      363      957      390      960      357
          957     1002      414      984      393      948      390      984
         1041      408      990      372      960      375     1032      420
         1038     1011      384      972      387     1053      444     1005
          987      390      972      372     1077      378     1002      378
          966      975      405     1047      369      990      393      972
          939      378      999      354      975      327      789      318

Atom Distribution No.    15 at run step   34213:

  Count of atoms assigned to each task:
          945      939      369      981      381      963      426      789
          963      366      969      381      975      378      945      357
          978     1008      405     1005      393      966      387      993
         1029      399      987      372      960      369     1059      447
         1026      996      378      981      363     1056      396      990
          987      387      975      375     1059      384      999      357
          981      984      390     1017      378     1014      375      966
          960      366      996      333      978      333      792      333

Atom Distribution No.    16 at run step   37097:

  Count of atoms assigned to each task:
          939      957      378      963      384      957      411      810
          957      357      978      363      966      390      966      363
          972     1005      408      996      396      966      396      999
         1026      396      972      384      954      363     1017      465
         1017     1002      372      957      369     1068      411     1005
          984      387      972      390     1005      372     1002      366
          978      996      390     1008      381     1014      402      990
          963      378      993      330      966      336      804      327

Atom Distribution No.    17 at run step   39908:

  Count of atoms assigned to each task:
          936      963      384      981      390      975      420      804
          960      366      993      366      957      381      951      369
          987      993      408      993      399      972      375      987
         1008      384     1002      375      951      369     1041      438
         1005     1005      363      957      363     1047      414      999
          972      396      957      363      987      390     1023      366
          984     1002      405      999      366     1014      396     1005
          963      381      987      342      966      342      819      333

Atom Distribution No.    18 at run step   42753:

  Count of atoms assigned to each task:
          951      966      369      981      384      975      423      828
          978      372      969      366      975      396      990      381
          981      993      402     1008      381      975      393      996
          996      399      990      372      984      357     1011      387
         1002     1011      384      975      372      978      366     1011
          993      369      978      363      987      381     1005      363
          993     1002      393     1017      381     1011      396     1005
          963      393      993      333      978      336      801      327

Atom Distribution No.    19 at run step   45594:

  Count of atoms assigned to each task:
          945      966      363      972      375      963      432      819
          996      372      972      369      969      399      981      381
          975      987      420     1008      399      978      381      993
          993      387      990      405      972      372     1002      423
         1008      996      378      978      378     1014      366      996
         1002      378      972      366      972      372     1008      375
          990      993      387     1002      375     1014      408      981
          954      396      993      330      978      333      813      324

Atom Distribution No.    20 at run step   48407:

  Count of atoms assigned to each task:
          936      951      372      996      387      969      435      822
          978      363      984      372      981      402      966      378
          984      987      405     1011      399      969      387      978
          993      381     1008      384      978      366     1011      423
          996     1005      369      978      381      999      381     1008
          999      399      966      372      993      375     1005      372
          981      984      372      996      390     1020      402      990
          939      402      999      327      975      336      795      327

Atom Distribution No.    21 at run step   51273:

  Count of atoms assigned to each task:
          966      957      363      981      384      972      432      828
          966      372      954      399      957      399      963      378
          969     1008      405      999      396      963      375      996
         1005      396      993      387      987      378     1005      384
          996      996      369      990      375      999      396      984
          978      360      972      360      984      372     1020      393
          999      990      384      984      405     1023      396      993
          966      390      984      339      996      345      810      324

Atom Distribution No.    22 at run step   54132:

  Count of atoms assigned to each task:
          951      972      369     1005      387      963      423      828
          972      366      990      387      963      399      966      378
          975     1005      405      990      399      975      375      990
          996      393      999      381      984      378      999      390
          999      999      369      963      366      999      405      990
          972      366      960      357      978      381     1017      372
          987      987      402      987      381     1029      390      999
          963      387     1005      345     1011      327      813      330

Atom Distribution No.    23 at run step   56979:

  Count of atoms assigned to each task:
          930      957      375     1020      399      969      438      804
          951      375      987      390      972      405      957      357
          957      987      411      996      399      972      363      978
          990      381      975      402      969      384     1002      396
          999      996      372      978      378      975      408      996
         1029      369      963      369      975      366     1026      387
          990      990      405     1017      390     1035      399      987
          942      387      993      342      984      342      807      345

Atom Distribution No.    24 at run step   59861:

  Count of atoms assigned to each task:
          954      972      372      972      387      978      438      810
          963      351      975      381      981      393      948      369
          969      987      405     1014      363      978      387      966
          987      393     1002      384      981      360      999      417
          996     1020      363      981      363      993      366     1008
         1014      393      972      375      975      375     1020      375
          999     1014      387     1029      387     1008      384      972
          963      396     1014      333      981      345      819      333

Atom Distribution No.    25 at run step   62723:

  Count of atoms assigned to each task:
          957      969      369      996      402      972      426      831
          972      363      981      369      963      393      954      366
          975      981      411     1008      372      966      384      987
          999      405      987      381      966      381     1005      396
         1017     1005      411      975      372     1005      381     1002
          996      387      960      369      963      378     1020      366
         1008      990      378      975      384     1008      387      996
          972      393     1005      342      984      342      804      327

Atom Distribution No.    26 at run step   65579:

  Count of atoms assigned to each task:
          942      957      435      984      396      969      423      819
          957      357      987      363      978      384      975      363
          966      996      402     1008      375      984      405     1002
          990      405      987      372      957      366     1026      399
          993     1017      399      975      348     1005      378      990
         1017      360      951      378      963      378     1008      381
         1011      987      396     1017      378     1020      396      981
          966      381      999      339      984      345      792      327

Atom Distribution No.    27 at run step   68452:

  Count of atoms assigned to each task:
          945      966      393      984      402      795      375      960
          960      372      993      393      972      375      960      357
          972      993      396     1011      369      972      414     1005
          984      423      981      402      990      375     1017      414
         1002      993      375      990      363      996      408     1002
          975      384      960      381      960      375     1017      369
          993      990      405      972      399     1020      408      972
          957      393      993      342      990      369      801      315

Atom Distribution No.    28 at run step   71296:

  Count of atoms assigned to each task:
          957      963      363      981      360      978      417      834
          981      366      996      363      972      390      966      393
          972     1002      405     1008      384      972      387      990
          993      408      993      381      951      372     1008      414
         1008     1008      387      975      351      999      381      990
          975      390      966      366      966      384     1020      375
          993     1002      399      999      375     1014      405      987
          966      396      990      324     1002      342      810      324

Atom Distribution No.    29 at run step   74161:

  Count of atoms assigned to each task:
          948      951      381      984      384      963      426      810
          966      369      987      363      960      378      951      375
          969      996      402      999      393      963      387      978
         1002      393     1011      381      963      366     1011      405
         1026     1020      378      978      363     1002      402     1002
         1014      399      963      369      966      369     1023      414
          999      984      399     1002      378     1029      381      990
          945      390     1002      339      978      336      804      330

Atom Distribution No.    30 at run step   77039:

  Count of atoms assigned to each task:
          951      978      417      993      381      966      420      810
          957      360      984      378      972      384      945      384
          951      984      393     1005      387      948      387      978
          990      411      993      366      948      366      981      402
          996     1008      396      969      369      996      387      984
         1005      390      957      372      972      402     1020      390
          996      972      393     1020      387     1038      405     1002
          972      393      999      339     1014      342      810      324

Atom Distribution No.    31 at run step   79900:

  Count of atoms assigned to each task:
          951      963      372     1011      369      972      429      822
          972      351      999      363      975      393      969      372
          975     1005      411     1011      384      975      375      975
         1008      405     1002      378     1005      375      990      378
         1014     1017      387      999      354      996      369      999
          999      366      984      372      966      378     1002      375
         1005     1005      375      981      402     1020      393      972
          972      396     1008      321      993      312      804      318

Atom Distribution No.    32 at run step   82750:

  Count of atoms assigned to each task:
          957      963      381      996      387      957      411      816
          996      369      984      357      963      396      966      378
          972     1002      414      999      378      966      396      978
         1005      399     1002      390      963      375     1005      393
         1005     1008      375      975      384     1008      405      978
         1011      369      978      375     1002      381     1005      372
          981      993      390      990      375      993      393      990
          963      393      990      339      987      339      798      330

Atom Distribution No.    33 at run step   85573:

  Count of atoms assigned to each task:
          954      963      381      981      408      978      417      834
          981      369      999      360      981      387      969      375
          972     1014      414     1005      360      972      408      993
          999      399     1002      396      981      354     1008      417
         1008     1002      369      960      357      987      372      993
          969      387      957      369      975      369     1014      372
         1005      987      384      990      405     1014      372      978
          954      396      999      339      987      348      810      330

Atom Distribution No.    34 at run step   88444:

  Count of atoms assigned to each task:
          945      972      390     1002      393      966      414      813
          972      372     1005      351      966      393      960      396
          981      987      399      993      390      972      372      984
          996      408      990      378      945      360     1017      414
         1002     1008      366      969      381     1026      375      996
          981      390      987      393      999      381     1005      402
          978      993      372      978      387     1020      384      981
          951      393      984      342      990      345      804      330

Atom Distribution No.    35 at run step   91273:

  Count of atoms assigned to each task:
          945      957      384      987      390      954      417      810
          963      375      996      384      972      399      954      378
          969      999      402     1008      408      966      402      978
         1002      402      987      384      981      363     1008      408
          999      996      378      960      372      999      369      990
         1017      384      957      375      990      384     1017      366
         1002      999      381      984      378     1017      405      999
          960      399      993      333      975      336      801      342

Atom Distribution No.    36 at run step   94120:

  Count of atoms assigned to each task:
          936      951      381      984      402      954      423      807
          969      360      993      369      969      393      948      381
          963      996      414     1005      393      948      396      969
          999      420      996      366      966      336      996      405
         1017     1011      381      969      381      993      390      987
         1014      378      969      375      984      405      999      375
          978     1011      408     1002      417     1020      399      990
          954      399      996      345      984      339      798      333

Atom Distribution No.    37 at run step   96959:

  Count of atoms assigned to each task:
          951      951      393      984      414      987      420      819
          978      354      993      363      972      387      960      369
          966     1014      411     1011      381      972      393      972
          996      402     1005      378      981      363      984      393
          993     1026      396      963      366      978      357      954
         1011      393      966      366      954      360     1008      372
          999     1002      396      993      399     1011      393     1005
          975      393      996      345      990      348      816      348

Atom Distribution No.    38 at run step   99788:

  Count of atoms assigned to each task:
          957      966      369      981      393      975      429      822
          981      360      996      372      966      399      951      375
          969      990      408     1005      390      951      396      987
          990      405      990      375      972      339      999      396
          975     1014      402      957      345      990      393     1005
         1011      372      960      372      984      381     1029      366
          987      993      411      987      393     1023      408      993
          969      393      996      339     1002      342      807      336

Atom Distribution No.    39 at run step  102669:

  Count of atoms assigned to each task:
          972      969      393      990      405      969      417      837
          966      366      993      360      963      399      972      369
          969      996      411      993      396      975      387      984
          990      396      972      378      981      369      999      381
         1008     1002      390      954      369      996      381      990
          987      378      960      366      975      387     1023      366
          999      987      405      987      387     1008      393     1002
          966      390     1002      345      987      339      798      345

Atom Distribution No.    40 at run step  105520:

  Count of atoms assigned to each task:
          954      966      399      975      462      783      387      957
          981      390      984      393      966      399      960      384
          957      999      414      996      378      960      411     1011
         1005      438      978      378      981      378     1002      414
          990      990      399      984      381     1008      378      975
          972      396      954      414      999      378     1008      408
          966      984      396      963      387      984      387      978
          969      402      999      315      951      312      795      327

Atom Distribution No.    41 at run step  108378:

  Count of atoms assigned to each task:
          954      972      381      981      399      960      417      810
          972      375      996      390      966      399      963      375
          996      999      411      999      399      966      381      996
          993      411      990      387      963      351      993      429
          999     1002      363      963      348      990      411      993
          987      360      960      375      990      378     1026      366
         1002      981      390      990      390     1017      396      999
          942      393     1008      339      996      336      807      318

Atom Distribution No.    42 at run step  111231:

  Count of atoms assigned to each task:
          963      960      375     1011      399      975      423      822
          972      369     1005      360      963      384      954      372
          984     1023      408     1017      375      969      369      990
         1005      408     1008      360      966      336     1014      414
         1011     1017      360      975      357     1011      390      978
          984      363      990      378      996      360     1011      342
          984      987      384     1011      381     1014      381      996
          981      396      993      342      996      336      798      333

Atom Distribution No.    43 at run step  114098:

  Count of atoms assigned to each task:
          966      945      411      984      435      801      381      972
          966      360      999      399      966      402      990      372
          987      999      399      996      378      975      402     1005
          984      423      984      372      963      345     1017      423
          996      981      363      969      360      999      378      999
          978      396      975      408      987      378     1014      390
         1002      996      402      993      399     1002      396      960
          975      390      978      297      960      342      801      324

Atom Distribution No.    44 at run step  116937:

  Count of atoms assigned to each task:
          963      978      363      987      420      975      414      822
          984      375      987      366      966      375      966      372
          996     1005      411      987      387      969      393     1011
          993      387      987      363      981      345     1020      420
         1005     1005      360      966      375     1014      378      984
          996      363      951      366      975      369     1005      357
         1005      990      387     1011      363     1002      411      999
          969      396      993      369      990      330      813      324

Atom Distribution No.    45 at run step  119797:

  Count of atoms assigned to each task:
          966      963      396      984      405      969      411      819
          972      354      978      366      951      384      978      369
          993      996      411      990      384      957      399      990
          990      393      990      372      966      357      996      405
          987     1011      384      990      372      990      402      984
         1005      399      963      378      981      375     1017      393
          987      978      387     1023      384     1026      408      981
          951      390     1017      339      966      336      804      327

Atom Distribution No.    46 at run step  122653:

  Count of atoms assigned to each task:
          954      969      375      987      396      972      426      819
          981      363      993      366      960      393      966      372
          999      996      402      996      372      957      390     1008
          978      402      999      378      960      372      996      375
         1008     1008      381      978      372      996      399      999
         1005      366      978      381      990      375     1011      357
          984      987      372      990      381     1020      393      972
          960      396     1002      345     1002      372      801      336

Atom Distribution No.    47 at run step  125501:

  Count of atoms assigned to each task:
          954      978      405      987      417      960      408      825
          978      366      990      366      957      396      981      381
          996     1005      408      993      372      978      408      993
          993      405      966      396      984      378      990      405
          996      993      375      975      378      975      399      999
          990      369      984      375      963      363     1014      369
          978      984      384      984      411     1011      396      984
          960      390      993      336      975      339      801      327

Atom Distribution No.    48 at run step  128378:

  Count of atoms assigned to each task:
          954      978      366     1005      441      804      378      960
          972      387     1002      372      957      387      966      393
          999      996      402      999      363      972      396      987
         1008      423      981      378      963      363      993      393
         1014     1005      369      966      366      996      396      984
          984      384      966      375      993      387      993      357
          993      981      408     1005      393     1011      390      984
          966      399      990      345      993      342      798      318

Atom Distribution No.    49 at run step  131255:

  Count of atoms assigned to each task:
          954      951      378      996      417      963      417      831
          945      372      990      372      963      390      981      366
          978      999      411     1020      378      975      414      987
         1002      420      984      405      975      360     1005      411
         1020     1008      381      975      372     1002      372      999
          996      393      942      372      966      372     1011      357
          975      978      390     1008      378     1008      390      960
          957      390      987      354      963      375      798      330

Atom Distribution No.    50 at run step  134080:

  Count of atoms assigned to each task:
          945      954      384      996      393      954      426      819
          954      381      999      378      966      405      966      399
          990     1005      411     1002      396      963      411      990
          993      402      984      393      966      369     1002      408
          990      993      372      960      381      987      402      981
          996      393      978      372      966      378      996      378
          975      981      384      969      366     1029      408      996
          975      393      987      342      987      342      798      330

Atom Distribution No.    51 at run step  136942:

  Count of atoms assigned to each task:
          969      942      375      975      381      945      426      819
          954      357      975      378      963      384      966      360
          993      993      408      990      396      978      402      990
          975      387      990      375      984      381      984      417
         1017     1029      366      978      366     1002      375      993
          993      372      990      369      981      378     1008      402
          993      996      390      978      384     1029      411     1017
          960      378      999      336     1002      330      816      339

Atom Distribution No.    52 at run step  139800:

  Count of atoms assigned to each task:
          963      957      384      996      375      954      414      834
          966      369      993      360      954      387      981      366
          978      990      408     1002      390      975      384      993
         1005      399      996      369      981      357     1017      405
         1017     1017      381      972      354      999      363      999
          993      387      969      363      960      366     1020      372
         1002     1002      387      996      375     1023      411     1005
          972      393     1017      348      984      321      798      321

Atom Distribution No.    53 at run step  142656:

  Count of atoms assigned to each task:
          951      954      381      987      390      984      426      819
          960      366      993      381      969      399      963      375
          984     1002      402     1008      393      975      375      987
          993      396      978      396      972      363     1017      381
         1002      993      387      975      372      999      420      975
          972      363      987      384      963      384     1002      381
          975     1011      393      981      375     1026      396      993
          960      390      990      336     1008      339      807      330

Atom Distribution No.    54 at run step  145545:

  Count of atoms assigned to each task:
          969      969      423      996      399      969      414      843
          978      363      975      363      969      393      981      390
          996      996      411     1005      369      966      378      972
          999      405      981      372      960      345     1002      369
          987     1011      393      969      381      996      417      981
          996      360      957      378      981      342     1023      366
          963      978      396      990      402     1011      399     1002
          960      390      996      345     1011      351      810      327

Atom Distribution No.    55 at run step  148375:

  Count of atoms assigned to each task:
          969      969      405      984      396      792      387      966
          969      372      999      390      960      399      975      402
          978      999      399     1005      396      951      402     1002
          996      402      978      360      954      366      996      402
         1008     1002      378      966      366      981      384      996
          990      396      969      399      960      396     1017      372
         1008      984      396      990      396     1014      393      972
          966      381      993      342      981      348      792      333

Atom Distribution No.    56 at run step  151236:

  Count of atoms assigned to each task:
          969      963      372     1002      387      957      417      831
          972      366     1005      360      960      381      972      375
          999      996      399      996      375      969      399      990
         1002      390     1011      390      978      372     1017      393
          999     1008      372      969      372     1005      369      987
          993      366      972      375      990      366     1020      390
          981     1011      396     1005      378     1008      384      975
          981      390      993      339      978      321      801      330

Atom Distribution No.    57 at run step  154092:

  Count of atoms assigned to each task:
          978      963      369      984      402      807      390      969
          969      387      993      384      966      396      960      372
          996     1002      402      993      375      960      405      966
          990      420     1014      387      966      381      987      399
          999      996      393      984      378      996      390      978
          975      387      966      393      981      372     1011      372
          987     1002      399      978      390     1008      408      987
          960      396      999      327     1002      312      813      318

Atom Distribution No.    58 at run step  156974:

  Count of atoms assigned to each task:
          966      990      393     1017      399      960      411      855
          981      363      993      363      966      387      993      375
          990      999      414      999      363      987      393      996
          990      399     1005      402      984      366      993      387
          993      990      378      975      369      984      411      981
          981      354      966      372      960      366     1014      351
          957      990      402      975      384     1014      405      990
          960      393      990      339      999      339      789      339

Atom Distribution No.    59 at run step  159829:

  Count of atoms assigned to each task:
          975      975      372      996      450      798      387      972
          966      372      978      393      969      405      975      366
          981     1002      399      993      366      966      393     1011
         1005      414     1014      378      966      351     1014      390
         1008      999      393      993      372     1005      363      981
          987      378      975      387      957      360     1026      372
          996      996      390      975      405     1008      411      978
          954      396     1008      315      981      312      789      327

Atom Distribution No.    60 at run step  162664:

  Count of atoms assigned to each task:
          957      969      372      996      393      984      405      822
          975      369      999      387      978      396      960      378
         1011      987      411      990      357      972      381      999
          981      393     1008      396      954      339     1011      414
         1011      981      402      990      363      990      408      975
          984      363      954      381      948      375     1008      369
          996      984      399      963      414     1029      399     1002
          951      390      981      351     1005      336      822      321

Atom Distribution No.    61 at run step  165523:

  Count of atoms assigned to each task:
          975      987      366      999      435      804      387      966
          972      372     1008      375      972      375      987      387
          984     1011      405      999      381      993      393      993
         1002      435     1002      366      969      339     1005      402
         1002      993      375     1005      369      984      369      987
          984      366      969      372      978      378     1017      357
          981      963      402      972      405     1020      393      993
          960      399     1011      330      978      315      804      312

Atom Distribution No.    62 at run step  168393:

  Count of atoms assigned to each task:
          960      957      369      996      408      975      405      825
          969      369      999      363      972      381      963      387
          999      999      405      993      378      972      411      984
          993      402     1017      393      978      357     1014      405
         1008     1005      366      975      375      993      384      993
          975      393      954      375      975      378     1017      390
          978      984      390     1002      372     1005      390      975
          960      387      996      333      981      333      810      339

Atom Distribution No.    63 at run step  171269:

  Count of atoms assigned to each task:
          963      957      384      999      390      960      414      831
          969      366      993      384      981      378      984      375
          987     1002      414     1002      387      984      372      984
          984      405     1008      375      975      357     1002      420
         1008      999      366      972      348     1008      405      984
         1005      390      960      363      987      372     1020      366
          978      984      381      996      363      999      426      990
          954      390      993      327      996      330      801      342

Atom Distribution No.    64 at run step  174117:

  Count of atoms assigned to each task:
          960      960      393     1005      393      966      411      807
          966      369      984      387      969      393      966      393
          999      999      417      993      390      957      378      984
          999      414     1020      381      957      378     1002      399
         1020      993      372      966      366     1005      375      993
          978      387      969      384      966      387     1002      363
          957      993      375      978      405     1014      402      981
          975      372      996      342      990      336      801      357

Atom Distribution No.    65 at run step  176984:

  Count of atoms assigned to each task:
          966      978      393      999      411      792      381      951
          981      384     1002      393      957      378      951      366
         1008      996      402      999      375      957      408      966
          999      429     1011      378      960      366     1014      405
          999     1002      366      978      372      993      375      987
          990      384      960      384      987      372     1002      375
          993      999      396     1014      393      996      408      987
          975      390      999      309      984      333      807      324

Atom Distribution No.    66 at run step  179805:

  Count of atoms assigned to each task:
          975      963      366      993      387      987      408      837
          960      360     1005      381      981      396      972      357
          990     1014      414      993      363      948      396      999
         1038      396     1005      369      948      336     1005      363
         1017     1008      399      957      366      993      363      990
          996      390      951      372      969      375     1023      372
          981      990      390      987      393      999      402     1014
          978      390      990      363      975      342      816      333

Atom Distribution No.    67 at run step  182663:

  Count of atoms assigned to each task:
          972      966      390     1005      423      798      378      951
          975      378      987      384      975      399      948      393
          996      996      390      993      354      942      402      996
         1026      420     1014      387      972      375      984      396
         1008     1005      369      972      363      981      366      963
          999      408      966      387      981      378     1020      375
          990      996      402      978      405     1011      405     1011
          969      390      984      309      984      330      810      309

Atom Distribution No.    68 at run step  185532:

  Count of atoms assigned to each task:
          963      960      381     1002      426      966      402      825
          966      366      966      384      957      396      966      390
         1002      990      414      978      369      975      399      981
         1014      405     1011      390      969      336     1005      408
          990      996      393      960      342      993      396     1002
          987      369      951      378      990      378     1011      369
          993      984      384      993      411      999      399      990
          960      390      984      348      996      351      807      333

Atom Distribution No.    69 at run step  188386:

  Count of atoms assigned to each task:
          951      987      435      999      423      981      402      822
          972      342      990      360      966      381      969      357
          987      996      405     1002      351      957      390      993
         1020      378     1023      372      981      345     1008      396
         1017     1008      393      975      339      984      369      996
          987      387      963      360      999      375     1023      366
          999      987      372      984      363     1029      393      999
          963      393     1017      333      990      339      813      333

Atom Distribution No.    70 at run step  191246:

  Count of atoms assigned to each task:
          963      972      393     1002      396      801      387      954
          978      396      981      390      963      402      969      393
          999     1005      399     1005      369      975      396      984
         1023      393     1026      381      957      360     1002      390
         1005     1002      399      966      372      993      375      987
          972      384      960      387      990      372     1017      372
          990     1008      408      984      399     1005      384      978
          963      393      996      306      972      330      798      318

Atom Distribution No.    71 at run step  194074:

  Count of atoms assigned to each task:
          966      969      378     1011      396      969      411      816
          981      375     1005      393      957      390      972      378
          996     1002      402      999      381      963      378      987
         1008      402      999      354      975      342      999      384
         1005     1008      369      972      354      999      369      999
          987      393      978      381      990      378     1011      345
         1002     1002      411      981      408     1002      393      996
          966      384      999      330      981      339      789      330

Atom Distribution No.    72 at run step  196922:

  Count of atoms assigned to each task:
          963      972      372      987      399      804      384      966
          963      387      993      387      966      396      975      375
          996     1008      384      996      372      966      411      984
         1014      414     1011      357      963      351      999      402
         1002      996      387      993      360     1002      393      984
          978      384      954      417     1002      366     1011      360
          996      996      402      996      399     1005      381      993
          978      393      984      339      981      324      801      315

Atom Distribution No.    73 at run step  199773:

  Count of atoms assigned to each task:
          966      960      402      978      426      960      399      825
          978      369      996      357      963      378      960      369
         1014      996      396      993      390      975      375      984
         1029      387     1008      354      993      351     1014      432
          999      999      363      987      354     1011      381     1008
          969      393      960      375      984      411     1014      372
          975      999      387      996      381     1008      399      987
          963      396      987      327      963      342      801      321

Major Routine Parallel Profiling - NonSetup CPU Seconds:

           D                                                              
           a                                                              
           t                                                              
           a                              D                               
           D         N                    i                               
           i         o                    h                               
           s         n             A      e      S      R      O         T
   T       t         B      B      n      d      h      u      t         o
   a       r         o      o      g      r      a      n      h         t
   s       i         n      n      l      a      k      M      e         a
   k       b         d      d      e      l      e      D      r         l
------------------------------------------------------------------------------
   0   334.2     819.2    0.1    0.3    1.0    6.0   56.3   15.2    1232.3
   1   330.6     821.4    0.1    0.1    0.1    6.1   58.0   15.8    1232.0
   2   436.7     733.5    0.1    0.1    0.1    2.5   29.5   15.8    1218.3
   3   326.6     823.9    0.1    0.1    0.1    6.3   59.2   15.4    1231.5
   4   428.2     741.7    0.1    0.1    0.1    2.6   29.6   15.6    1218.0
   5   322.6     805.3    0.2    2.9   12.6    5.7   55.5   15.6    1220.4
   6   410.1     742.1    0.1    0.1    0.1    2.7   30.6   15.8    1201.4
   7   363.6     740.1    0.7   11.7   51.9    4.3   48.6   15.3    1236.2
   8   340.5     816.8    0.1    0.1    0.1    6.1   58.4   15.5    1237.5
   9   438.6     732.5    0.1    0.1    0.1    2.4   28.7   15.6    1218.0
  10   329.9     823.5    0.1    0.1    0.1    6.3   59.3   15.5    1234.7
  11   433.7     734.3    0.1    0.1    0.1    2.5   29.8   15.4    1215.9
  12   326.9     822.3    0.1    0.1    0.1    6.1   58.3   15.6    1229.4
  13   429.0     738.9    0.1    0.1    0.1    2.6   29.4   15.4    1215.5
  14   334.4     818.6    0.1    0.1    0.1    6.1   58.0   15.6    1232.9
  15   434.2     732.9    0.1    0.1    0.1    2.5   29.2   15.4    1214.4
  16   336.7     817.6    0.1    0.1    0.1    6.3   59.5   15.6    1235.9
  17   326.0     823.6    0.1    0.1    0.1    6.4   59.5   15.5    1231.1
  18   422.8     739.4    0.1    0.1    0.1    2.7   30.6   15.7    1211.2
  19   321.8     824.4    0.1    0.1    0.1    6.3   58.9   15.0    1226.7
  20   433.8     731.9    0.1    0.1    0.1    2.5   29.6   15.4    1213.5
  21   331.8     819.9    0.1    0.1    0.1    6.1   58.0   15.7    1231.8
  22   434.1     734.6    0.1    0.1    0.1    2.6   30.9   15.7    1218.1
  23   326.3     821.5    0.1    0.1    0.1    6.3   59.9   15.3    1229.4
  24   315.4     826.4    0.1    0.1    0.1    6.4   59.9   15.4    1223.6
  25   418.8     743.0    0.1    0.1    0.1    2.6   30.8   15.6    1211.1
  26   322.3     824.6    0.1    0.1    0.1    6.3   59.0   15.5    1227.8
  27   432.1     736.2    0.1    0.1    0.1    2.5   28.6   15.1    1214.6
  28   326.2     822.2    0.1    0.1    0.1    6.1   58.9   15.4    1229.1
  29   437.9     735.2    0.1    0.1    0.1    2.4   29.1   15.5    1220.3
  30   324.0     825.0    0.1    0.1    0.1    6.4   59.9   15.4    1230.8
  31   416.6     741.1    0.1    0.1    0.1    2.7   31.5   15.0    1207.1
  32   312.4     825.5    0.1    0.1    0.1    6.4   60.3   15.3    1220.1
  33   319.1     825.0    0.1    0.1    0.1    6.3   59.3   15.5    1225.3
  34   430.4     733.6    0.1    0.1    0.1    2.5   29.5   15.6    1211.8
  35   325.1     820.6    0.1    0.1    0.1    6.2   59.1   15.1    1226.3
  36   438.0     732.5    0.1    0.1    0.1    2.5   29.1   15.5    1217.7
  37   327.4     823.2    0.1    0.1    0.1    6.4   59.8   15.5    1232.5
  38   431.1     734.7    0.1    0.1    0.1    2.6   30.9   15.7    1215.1
  39   316.7     824.6    0.1    0.1    0.1    6.2   60.3   15.3    1223.3
  40   320.0     824.7    0.1    0.1    0.1    6.3   59.7   15.5    1226.4
  41   436.1     735.7    0.1    0.1    0.1    2.6   30.3   15.6    1220.4
  42   336.0     817.2    0.1    0.1    0.1    6.1   59.3   15.6    1234.4
  43   438.2     736.8    0.1    0.1    0.1    2.5   28.9   15.1    1221.8
  44   327.4     818.6    0.1    0.1    0.1    6.3   61.1   15.5    1229.0
  45   437.8     730.4    0.1    0.1    0.1    2.5   29.3   15.5    1215.7
  46   321.3     825.6    0.1    0.1    0.1    6.4   60.2   15.3    1228.9
  47   437.1     732.4    0.1    0.1    0.1    2.5   29.8   15.2    1217.1
  48   331.0     820.5    0.1    0.1    0.1    6.2   59.7   15.3    1232.9
  49   332.4     822.4    0.1    0.1    0.1    6.3   58.5   15.3    1235.0
  50   435.3     738.7    0.1    0.1    0.1    2.6   30.8   15.4    1223.0
  51   325.5     822.6    0.1    0.1    0.1    6.3   60.7   15.2    1230.5
  52   433.3     737.5    0.1    0.1    0.1    2.5   30.9   15.3    1219.8
  53   321.3     825.4    0.1    0.1    0.1    6.4   59.5   15.2    1228.0
  54   430.0     737.9    0.1    0.1    0.1    2.6   30.7   15.5    1217.0
  55   317.0     825.0    0.1    0.1    0.1    6.2   59.4   15.0    1222.8
  56   320.5     822.4    0.1    0.1    0.1    6.0   56.6   15.2    1220.8
  57   414.8     742.7    0.1    0.1    0.1    2.5   29.5   15.4    1205.1
  58   322.5     825.9    0.1    0.1    0.1    6.3   60.3   15.3    1230.5
  59   442.6     733.0    0.1    0.1    0.1    2.3   27.7   14.9    1220.7
  60   331.9     820.6    0.1    0.1    0.1    6.2   59.8   15.0    1233.7
  61   444.0     735.1    0.1    0.1    0.1    2.2   27.2   15.1    1223.8
  62   375.6     719.7    0.9   14.5   63.7    3.8   47.2   15.1    1240.5
  63   439.4     733.6    0.1    0.1    0.1    2.2   27.7   14.9    1217.9
------------------------------------------------------------------------------
 avg   373.7     781.5    0.1    0.5    2.1    4.5   45.9   15.4    1223.7
         0.0
 min   312.4     719.7    0.1    0.1    0.1    2.2   27.2   14.9    1201.4
         0.0
 max   444.0     826.4    0.9   14.5   63.7    6.4   61.1   15.8    1240.5
         0.0
 std    52.4      43.2    0.1    2.3   10.2    1.8   14.5    0.2       8.5
         0.0
------------------------------------------------------------------------------

PME NonBond Parallel Profiling - NonSetup CPU Seconds:

                     D                           
           P         i         R                 
           a         r         e      L          
           i         e         c      o          
           r         c         i      a         T
   T       l         t         p      d         o
   a       i         F         F      B         t
   s       s         r         r      a         a
   k       t         c         c      l         l
-------------------------------------------------
   0   149.2     669.4       0.0    0.5     819.0
   1   152.1     668.7       0.0    0.4     821.2
   2    83.0     280.3     369.6    0.4     733.3
   3   155.1     668.1       0.0    0.4     823.7
   4    85.1     289.6     366.2    0.5     741.5
   5   149.2     655.3       0.1    0.4     805.1
   6    87.9     309.5     344.0    0.4     741.9
   7   138.1     601.2       0.0    0.6     739.9
   8   152.2     664.0       0.0    0.4     816.6
   9    80.4     266.9     384.4    0.6     732.2
  10   153.9     668.8       0.1    0.5     823.3
  11    84.1     282.0     367.4    0.5     734.0
  12   154.4     667.3       0.0    0.4     822.1
  13    84.6     285.6     367.8    0.7     738.7
  14   155.0     662.8       0.0    0.6     818.4
  15    82.3     277.1     372.8    0.5     732.7
  16   152.2     664.8       0.0    0.4     817.4
  17   151.8     670.9       0.0    0.7     823.3
  18    86.7     291.4     360.6    0.5     739.1
  19   152.6     670.8       0.0    0.8     824.2
  20    83.3     282.6     365.4    0.5     731.7
  21   153.7     665.4       0.1    0.5     819.7
  22    85.5     283.1     365.3    0.6     734.4
  23   154.7     666.1       0.0    0.5     821.3
  24   155.2     670.4       0.0    0.6     826.2
  25    86.0     284.1     372.1    0.6     742.8
  26   154.3     669.4       0.1    0.7     824.4
  27    81.0     267.4     386.7    0.8     736.0
  28   155.3     666.1       0.0    0.6     822.0
  29    80.0     260.3     394.0    0.7     735.0
  30   153.8     670.1       0.0    0.8     824.8
  31    85.8     287.4     367.2    0.6     740.9
  32   154.4     670.3       0.0    0.5     825.3
  33   152.7     671.3       0.0    0.8     824.8
  34    84.5     277.3     370.9    0.6     733.3
  35   155.1     664.7       0.0    0.6     820.4
  36    80.3     266.8     384.5    0.7     732.3
  37   151.1     671.0       0.1    0.8     823.0
  38    83.2     283.3     367.3    0.6     734.4
  39   153.6     670.1       0.0    0.6     824.4
  40   154.2     669.7       0.0    0.6     824.5
  41    83.5     287.0     364.4    0.6     735.4
  42   152.7     663.6       0.1    0.6     817.0
  43    80.1     268.6     387.0    0.9     736.6
  44   152.5     665.2       0.0    0.6     818.4
  45    80.5     272.2     376.6    0.9     730.2
  46   152.9     671.6       0.0    0.9     825.4
  47    81.0     275.1     375.4    0.7     732.2
  48   153.7     665.9       0.0    0.7     820.3
  49   151.8     669.5       0.0    0.9     822.2
  50    84.0     282.4     371.3    0.8     738.5
  51   154.5     667.3       0.0    0.7     822.4
  52    82.8     278.1     375.8    0.6     737.3
  53   152.8     671.4       0.1    0.9     825.2
  54    83.7     282.6     370.7    0.6     737.7
  55   155.4     668.7       0.0    0.7     824.8
  56   150.3     671.1       0.0    0.8     822.1
  57    84.2     279.7     377.9    0.6     742.5
  58   154.7     670.2       0.1    0.7     825.6
  59    76.4     246.8     408.8    0.7     732.8
  60   153.1     666.6       0.0    0.7     820.4
  61    75.7     240.8     417.6    0.9     734.8
  62   132.4     586.4       0.0    0.7     719.5
  63    75.9     247.5     409.5    0.5     733.3
-------------------------------------------------
 avg   121.8     494.2     164.7    0.6     781.3
-------------------------------------------------
