
Initial FFT Block Distribution Based on Workload Estimate:

  FFT blocks assigned to   12 tasks

First FFT Block Distribution Based on Actual Workload:

  FFT blocks assigned to   20 tasks

Image Distribution at run step     318:

  Count of images assigned to each task:
         1282     1438     1471      254      996     1251      212     1650
         1149      247     1264     1339      211     1595     1155      239
         1330     1568     1400      320     1336     1367      352     1540
         1322      244     1354     1593      270     1336     1344      307
         1612     1373     1350      299     1601     1387      226     1327
         1484      441     1363     1345      347     1412     1558      320
         1330     1344     1611      247     1336     1137      237     1589
         1406      301     1116     1297      278     1624     1158      210

Atom Distribution No.     4 at run step    2859:

  Count of atoms assigned to each task:
         1290     1476     1449      264     1002     1272      228     1626
         1164      246     1275     1335      228     1596     1143      237
         1320     1596     1365      333     1311     1365      363     1527
         1299      240     1347     1554      273     1323     1338      309
         1581     1404     1347      306     1572     1422      213     1329
         1413      462     1404     1353      330     1404     1602      303
         1332     1341     1617      246     1344     1128      219     1581
         1452      321     1101     1281      291     1632     1161      216

Atom Distribution No.     5 at run step    5670:

  Count of atoms assigned to each task:
         1131     1368     1548      258     1122     1269      231     1602
         1323      318     1122     1359      219     1587     1140      249
         1347     1641     1329      294     1332     1395      318     1491
         1320      231     1368     1566      249     1329     1356      300
         1611     1374     1359      282     1635     1356      198     1326
         1437      432     1386     1335      345     1380     1626      285
         1338     1326     1662      237     1197     1290      252     1554
         1446      324     1128     1305      288     1623     1164      189

Atom Distribution No.     6 at run step    8447:

  Count of atoms assigned to each task:
         1272     1425     1500      261     1122     1125      237     1650
         1158      258     1275     1356      213     1590     1134      243
         1335     1599     1371      300     1329     1377      330     1530
         1335      249     1356     1536      267     1323     1326      330
         1605     1380     1344      306     1569     1404      201     1329
         1401      366     1485     1344      327     1389     1656      303
         1332     1332     1638      249     1194     1290      252     1506
         1503      330     1113     1275      279     1641     1158      189

Atom Distribution No.     7 at run step   11210:

  Count of atoms assigned to each task:
         1119     1347     1566      252     1122     1248      213     1659
         1329      303      978     1329      210     1611     1161      228
         1326     1551     1407      345     1332     1359      372     1521
         1335      237     1350     1521      267     1341     1326      312
         1545     1419     1341      267     1392     1578      228     1338
         1338      318     1584     1359      366     1374     1668      294
         1323     1320     1617      270     1194     1269      267     1380
         1587      333     1116     1287      303     1641     1311      198

Atom Distribution No.     8 at run step   13979:

  Count of atoms assigned to each task:
         1134     1353     1557      249     1131     1251      231     1611
         1311      291     1110     1332      192     1617     1134      252
         1326     1485     1473      336     1326     1350      309     1539
         1338      234     1329     1476      315     1350     1329      315
         1410     1539     1362      291     1380     1578      237     1329
         1350      333     1611     1356      339     1356     1662      312
         1365     1323     1614      282     1365     1143      267     1473
         1518      327     1119     1299      294     1629     1155      198

Atom Distribution No.     9 at run step   16792:

  Count of atoms assigned to each task:
         1263     1392     1533      249     1128     1116      213     1620
         1314      231     1125     1338      195     1614     1137      243
         1332     1473     1464      336     1335     1362      318     1515
         1341      255     1359     1467      315     1347     1335      339
         1476     1494     1368      318     1395     1566      237     1356
         1371      333     1572     1374      342     1380     1635      333
         1341     1341     1623      249     1176     1293      258     1572
         1431      330     1110     1287      270     1641     1146      180

Atom Distribution No.    10 at run step   19603:

  Count of atoms assigned to each task:
         1272     1494     1470      249     1137     1137      225     1635
         1314      249     1131     1368      210     1590     1158      228
         1320     1503     1416      336     1344     1362      327     1491
         1341      231     1359     1479      276     1347     1344      297
         1428     1530     1377      300     1377     1566      219     1365
         1365      282     1590     1362      315     1371     1641      294
         1350     1320     1647      267     1200     1293      267     1464
         1551      321     1125     1293      300     1629     1155      198

Atom Distribution No.    11 at run step   22407:

  Count of atoms assigned to each task:
         1116     1377     1581      279     1128     1107      204     1650
         1185      228     1281     1302      174     1578     1167      240
         1329     1428     1482      336     1338     1383      309     1506
         1350      240     1353     1398      351     1407     1335      303
         1398     1569     1356      309     1371     1581      243     1335
         1365      306     1593     1347      348     1386     1662      312
         1338     1332     1632      273     1218     1311      243     1362
         1599      327     1128     1269      267     1653     1320      204

Atom Distribution No.    12 at run step   25201:

  Count of atoms assigned to each task:
         1128     1434     1563      243     1119     1254      213     1665
         1344      291      987     1305      204     1524     1329      255
         1158     1404     1470      342     1350     1353      300     1521
         1377      234     1341     1407      360     1389     1323      279
         1389     1569     1365      297     1347     1587      246     1362
         1335      309     1605     1365      333     1344     1641      303
         1356     1329     1434      426     1422     1161      261     1314
         1626      342     1140     1257      312     1641     1323      195

Atom Distribution No.    13 at run step   27991:

  Count of atoms assigned to each task:
         1266     1578     1392      270     1128     1119      213     1650
         1320      243     1113     1323      222     1533     1161      261
         1320     1419     1449      348     1347     1383      333     1521
         1371      261     1380     1485      321     1377     1353      306
         1401     1539     1356      294     1368     1545      249     1326
         1362      306     1599     1362      336     1350     1635      273
         1359     1332     1554      306     1389     1146      207     1365
         1620      336     1119     1287      330     1635     1149      201

Atom Distribution No.    14 at run step   30757:

  Count of atoms assigned to each task:
         1284     1578     1401      258     1119     1293      216     1617
         1326      300     1128     1218      216     1509     1164      234
         1335     1440     1419      339     1341     1362      303     1500
         1350      264     1365     1449      318     1362     1344      306
         1392     1527     1356      282     1356     1536      273     1353
         1350      303     1572     1377      381     1350     1602      324
         1356     1332     1587      300     1200     1314      228     1383
         1599      354     1116     1281      318     1671     1161      210

Atom Distribution No.    15 at run step   33576:

  Count of atoms assigned to each task:
         1248     1530     1464      279     1110     1284      237     1596
         1038      243     1278     1335      216     1509     1179      270
         1323     1395     1464      357     1332     1359      330     1506
         1356      270     1362     1413      345     1386     1344      312
         1401     1542     1383      303     1365     1554      249     1365
         1353      279     1578     1350      336     1365     1608      312
         1344     1320     1605      306     1380     1128      234     1392
         1599      348     1107     1275      312     1668     1155      216

Atom Distribution No.    16 at run step   36353:

  Count of atoms assigned to each task:
         1107     1452     1578      264     1125     1260      243     1584
         1317      255     1119     1329      219     1488     1164      258
         1329     1428     1428      333     1359     1386      321     1476
         1359      273     1383     1407      330     1386     1353      303
         1401     1509     1365      303     1374     1521      243     1338
         1344      339     1557     1362      384     1335     1560      378
         1371     1341     1494      366     1242     1293      246     1371
         1641      360     1119     1278      312     1659     1161      219

Atom Distribution No.    17 at run step   39149:

  Count of atoms assigned to each task:
         1284     1542     1461      288     1137     1131      222     1548
         1347      243     1128     1344      198     1461     1332      270
         1173     1431     1419      342     1338     1368      318     1479
         1362      267     1347     1392      351     1413     1359      306
         1401     1515     1380      339     1365     1506      276     1371
         1374      285     1539     1374      336     1362     1569      327
         1377     1350     1431      390     1443     1158      186     1350
         1650      336     1131     1284      309     1701     1173      213

Atom Distribution No.    18 at run step   41928:

  Count of atoms assigned to each task:
         1296     1536     1458      291     1116     1128      213     1509
         1368      240     1122     1305      207     1485     1179      267
         1329     1404     1452      342     1332     1383      321     1497
         1380      246     1359     1401      318     1395     1350      267
         1386     1536     1386      276     1362     1512      276     1374
         1362      309     1506     1389      357     1350     1509      405
         1383     1338     1419      429     1449     1167      234     1338
         1635      357     1125     1296      321     1734     1158      228

Atom Distribution No.    19 at run step   44728:

  Count of atoms assigned to each task:
         1110     1428     1551      261     1131     1266      249     1497
         1344      249     1113     1323      201     1479     1323      249
         1152     1395     1440      342     1344     1374      324     1500
         1362      276     1359     1410      309     1425     1362      306
         1389     1488     1362      312     1356     1476      300     1347
         1374      333     1485     1398      381     1353     1440      480
         1395     1356     1419      429     1443     1167      255     1392
         1629      360     1128     1311      324     1698     1161      207

Atom Distribution No.    20 at run step   47533:

  Count of atoms assigned to each task:
         1296     1500     1449      291     1122     1134      219     1497
         1365      243     1122     1332      204     1485     1347      294
         1185     1422     1443      345     1344     1386      312     1485
         1389      258     1401     1440      315     1386     1368      315
         1410     1482     1356      279     1359     1503      246     1383
         1356      270     1491     1413      312     1350     1521      345
         1389     1353     1500      390     1428     1155      201     1416
         1668      324     1119     1302      315     1701     1152      219

Atom Distribution No.    21 at run step   50327:

  Count of atoms assigned to each task:
         1275     1455     1455      294     1116     1293      237     1482
         1377      297     1125     1185      219     1452     1188      255
         1326     1431     1431      345     1359     1374      342     1437
         1368      279     1392     1401      324     1395     1356      309
         1410     1479     1368      300     1374     1491      258     1371
         1368      282     1500     1425      351     1365     1524      354
         1371     1359     1440      414     1419     1143      252     1407
         1647      378     1119     1290      336     1635     1152      246

Atom Distribution No.    22 at run step   53136:

  Count of atoms assigned to each task:
         1317     1488     1431      291     1128     1155      252     1485
         1326      267     1137     1377      213     1437     1164      258
         1344     1416     1392      336     1359     1374      315     1434
         1371      264     1359     1422      330     1368     1344      273
         1392     1440     1377      294     1377     1473      294     1404
         1401      333     1491     1410      369     1377     1518      375
         1377     1371     1428      420     1272     1323      246     1404
         1620      375     1122     1293      348     1629     1176      246

Atom Distribution No.    23 at run step   55959:

  Count of atoms assigned to each task:
         1296     1479     1458      300     1122     1140      216     1449
         1362      252     1134     1365      210     1452     1182      258
         1329     1425     1419      336     1359     1392      315     1479
         1371      294     1386     1410      321     1389     1353      303
         1434     1470     1386      276     1395     1470      282     1377
         1368      303     1503     1383      345     1359     1500      372
         1371     1359     1473      396     1434     1167      240     1413
         1581      363     1131     1329      357     1602     1161      246

Atom Distribution No.    24 at run step   58758:

  Count of atoms assigned to each task:
         1323     1479     1428      309     1149     1155      216     1467
         1347      249     1131     1350      219     1494     1335      273
         1194     1431     1395      336     1359     1395      309     1437
         1368      270     1395     1407      306     1380     1374      285
         1416     1443     1380      300     1401     1467      294     1374
         1368      312     1500     1386      351     1353     1524      357
         1380     1344     1461      384     1467     1170      243     1395
         1587      363     1146     1317      354     1557     1185      258

Atom Distribution No.    25 at run step   61573:

  Count of atoms assigned to each task:
         1131     1419     1479      321     1158     1113      228     1434
         1380      255     1143     1329      219     1440     1203      267
         1347     1422     1377      348     1368     1383      315     1440
         1386      291     1383     1398      312     1392     1359      306
         1380     1473     1395      300     1380     1491      285     1395
         1389      318     1503     1392      351     1383     1524      351
         1395     1365     1470      387     1452     1161      252     1392
         1560      360     1143     1293      339     1566     1356      255

Atom Distribution No.    26 at run step   64339:

  Count of atoms assigned to each task:
         1314     1482     1443      309     1125     1140      210     1428
         1368      237     1125     1329      201     1413     1359      288
         1173     1413     1407      345     1356     1401      339     1425
         1383      279     1389     1419      318     1389     1386      321
         1410     1449     1413      324     1398     1455      285     1386
         1383      318     1491     1410      339     1383     1521      336
         1413     1356     1527      333     1431     1170      255     1458
         1533      360     1140     1323      354     1515     1179      240

Atom Distribution No.    27 at run step   67146:

  Count of atoms assigned to each task:
         1296     1437     1425      318     1128     1305      237     1401
         1368      306     1137     1203      231     1419     1203      288
         1356     1401     1383      345     1350     1392      306     1410
         1383      273     1383     1395      312     1392     1380      309
         1407     1461     1398      339     1410     1458      306     1392
         1401      336     1479     1416      363     1392     1509      318
         1392     1353     1524      348     1236     1314      291     1506
         1497      348     1125     1341      324     1524     1173      249

Atom Distribution No.    28 at run step   69941:

  Count of atoms assigned to each task:
         1290     1413     1419      300     1134     1290      258     1431
         1374      315     1140     1230      246     1434     1176      294
         1377     1413     1368      330     1362     1410      321     1395
         1350      303     1386     1401      312     1392     1389      309
         1437     1440     1395      318     1425     1443      300     1386
         1410      348     1443     1395      390     1401     1458      372
         1383     1371     1512      327     1239     1323      297     1485
         1449      363     1125     1341      342     1488     1170      264

Atom Distribution No.    29 at run step   72749:

  Count of atoms assigned to each task:
         1290     1401     1419      321     1137     1290      243     1404
         1359      315     1140     1215      237     1428     1191      303
         1359     1425     1404      354     1356     1395      363     1428
         1365      324     1398     1401      342     1380     1377      306
         1437     1431     1380      333     1428     1425      303     1371
         1401      354     1425     1380      366     1425     1482      357
         1374     1386     1533      342     1215     1308      330     1485
         1422      351     1119     1329      348     1449     1173      270

Atom Distribution No.    30 at run step   75571:

  Count of atoms assigned to each task:
         1134     1395     1422      309     1161     1125      252     1395
         1368      300     1149     1350      270     1428     1197      321
         1368     1413     1386      333     1374     1413      357     1419
         1359      330     1419     1392      327     1374     1398      291
         1437     1434     1401      339     1440     1443      294     1377
         1395      360     1449     1374      336     1419     1476      330
         1392     1383     1473      324     1218     1332      333     1431
         1458      351     1140     1326      327     1431     1362      288

Atom Distribution No.    31 at run step   78396:

  Count of atoms assigned to each task:
         1155     1407     1425      306     1167     1137      264     1398
         1377      306     1140     1347      264     1437     1182      309
         1362     1428     1398      339     1374     1410      345     1419
         1380      306     1419     1389      318     1401     1392      300
         1401     1413     1395      330     1413     1404      270     1392
         1410      351     1425     1386      357     1419     1479      357
         1392     1371     1494      357     1242     1323      327     1428
         1455      345     1131     1335      348     1425     1350      276

Atom Distribution No.    32 at run step   81211:

  Count of atoms assigned to each task:
         1140     1383     1404      300     1173     1287      324     1401
         1365      330     1155     1212      276     1401     1191      327
         1380     1419     1371      351     1389     1413      348     1410
         1371      300     1434     1377      306     1383     1407      306
         1419     1419     1392      330     1425     1401      306     1389
         1428      381     1401     1392      345     1434     1452      336
         1377     1392     1452      348     1233     1326      327     1413
         1422      360     1137     1320      354     1419     1353      285

Atom Distribution No.    33 at run step   84003:

  Count of atoms assigned to each task:
         1320     1413     1407      336     1146     1161      276     1401
         1359      300     1170     1359      252     1407     1182      300
         1386     1407     1380      327     1383     1398      342     1410
         1392      321     1413     1410      315     1398     1407      306
         1434     1428     1404      342     1437     1413      300     1401
         1422      339     1404     1389      366     1407     1416      372
         1395     1395     1407      351     1245     1332      342     1386
         1428      366     1143     1338      348     1407     1185      276

Atom Distribution No.    34 at run step   86804:

  Count of atoms assigned to each task:
         1335     1407     1413      336     1155     1176      255     1422
         1359      285     1167     1368      258     1410     1173      303
         1380     1422     1371      345     1389     1416      348     1428
         1371      333     1416     1392      303     1392     1386      309
         1404     1434     1386      342     1416     1410      306     1389
         1398      345     1413     1398      366     1401     1407      369
         1389     1401     1416      348     1233     1329      309     1407
         1443      384     1155     1326      354     1431     1191      279

Atom Distribution No.    35 at run step   89575:

  Count of atoms assigned to each task:
         1323     1404     1416      327     1149     1344      279     1419
         1359      324     1164     1242      273     1407     1176      294
         1377     1419     1377      339     1398     1398      333     1404
         1386      333     1398     1386      315     1395     1392      303
         1428     1434     1401      336     1422     1422      291     1392
         1413      372     1383     1401      375     1407     1416      327
         1392     1401     1434      345     1233     1314      315     1413
         1434      354     1128     1335      336     1428     1194      273

Atom Distribution No.    36 at run step   92373:

  Count of atoms assigned to each task:
         1308     1401     1410      333     1149     1161      255     1410
         1227      285     1293     1365      255     1425     1188      294
         1377     1419     1374      348     1392     1416      345     1422
         1401      321     1419     1407      318     1392     1401      321
         1437     1410     1401      339     1410     1410      300     1371
         1419      354     1410     1395      366     1431     1407      351
         1383     1404     1416      342     1236     1338      279     1425
         1452      357     1143     1350      345     1413     1194      282

Atom Distribution No.    37 at run step   95127:

  Count of atoms assigned to each task:
         1296     1407     1404      333     1143     1149      252     1410
         1386      288     1146     1368      243     1416     1188      318
         1392     1407     1392      360     1383     1407      342     1416
         1368      321     1413     1383      315     1368     1386      339
         1431     1422     1395      354     1446     1425      315     1389
         1431      375     1410     1395      372     1416     1407      369
         1383     1401     1407      357     1224     1323      336     1389
         1425      357     1131     1329      357     1422     1191      279

Atom Distribution No.    38 at run step   97972:

  Count of atoms assigned to each task:
         1137     1410     1395      303     1323     1311      234     1401
         1395      327     1164     1209      282     1395     1182      318
         1383     1413     1389      339     1401     1422      342     1440
         1401      339     1413     1380      315     1386     1398      303
         1404     1431     1410      321     1422     1428      303     1377
         1419      369     1425     1410      342     1398     1425      324
         1398     1404     1422      333     1230     1344      318     1404
         1422      348     1143     1350      339     1431     1191      267

Atom Distribution No.    39 at run step  100767:

  Count of atoms assigned to each task:
         1149     1398     1413      309     1026     1290      276     1413
         1410      324     1146     1365      291     1425     1191      327
         1383     1428     1395      330     1392     1422      333     1419
         1389      309     1416     1380      324     1392     1401      303
         1416     1437     1404      339     1401     1419      309     1386
         1401      366     1398     1392      354     1389     1413      360
         1401     1374     1404      336     1230     1317      327     1398
         1431      348     1143     1332      330     1434     1353      291

Atom Distribution No.    40 at run step  103590:

  Count of atoms assigned to each task:
         1317     1410     1398      327     1143     1323      237     1413
         1386      351     1152     1236      279     1410     1164      303
         1374     1431     1383      348     1383     1407      351     1431
         1371      336     1389     1389      330     1377     1389      324
         1422     1410     1413      339     1431     1413      300     1374
         1410      378     1404     1383      342     1410     1413      345
         1371     1380     1401      354     1245     1335      330     1413
         1437      363     1143     1338      357     1425     1185      276

Atom Distribution No.    41 at run step  106390:

  Count of atoms assigned to each task:
         1332     1407     1413      327     1146     1158      249     1413
         1380      288     1155     1353      267     1422     1185      297
         1371     1437     1380      351     1368     1422      357     1431
         1362      327     1422     1416      327     1395     1383      315
         1428     1416     1404      345     1407     1410      309     1374
         1413      381     1401     1386      357     1422     1401      354
         1374     1398     1410      345     1230     1308      330     1410
         1437      363     1140     1335      354     1425     1194      285

Atom Distribution No.    42 at run step  109209:

  Count of atoms assigned to each task:
         1140     1410     1383      333     1179     1131      279     1404
         1389      294     1140     1341      264     1428     1179      309
         1380     1431     1404      348     1398     1410      375     1452
         1392      342     1413     1407      354     1389     1410      303
         1431     1419     1422      339     1428     1395      279     1389
         1422      372     1389     1383      345     1419     1395      336
         1374     1410     1404      327     1230     1347      330     1392
         1422      351     1143     1323      327     1404     1350      294

Atom Distribution No.    43 at run step  112024:

  Count of atoms assigned to each task:
         1296     1389     1422      327     1158     1155      240     1398
         1398      273     1161     1359      249     1428     1194      291
         1380     1431     1392      324     1389     1407      354     1437
         1389      321     1419     1398      315     1404     1401      306
         1413     1437     1428      339     1431     1419      297     1419
         1422      339     1392     1407      375     1437     1404      381
         1386     1437     1410      342     1230     1335      339     1401
         1404      348     1119     1347      324     1407     1176      252

Atom Distribution No.    44 at run step  114826:

  Count of atoms assigned to each task:
         1140     1359     1401      327     1176     1143      285     1401
         1389      306     1143     1356      285     1416     1191      330
         1395     1422     1407      327     1401     1407      333     1407
         1398      333     1407     1389      324     1395     1401      306
         1398     1425     1419      342     1407     1401      303     1389
         1404      375     1419     1395      366     1404     1428      372
         1389     1404     1392      333     1230     1350      330     1395
         1413      369     1149     1302      348     1392     1356      303

Atom Distribution No.    45 at run step  117612:

  Count of atoms assigned to each task:
         1320     1392     1398      330     1140     1137      240     1413
         1383      276     1143     1371      276     1434     1176      309
         1389     1416     1413      348     1383     1407      339     1419
         1365      336     1419     1377      321     1371     1401      321
         1407     1419     1404      348     1416     1392      294     1383
         1422      360     1395     1401      381     1410     1413      372
         1407     1407     1398      363     1254     1338      351     1401
         1434      366     1137     1338      348     1407     1197      276

Atom Distribution No.    46 at run step  120415:

  Count of atoms assigned to each task:
         1317     1416     1407      327     1149     1176      243     1437
         1389      261     1152     1389      258     1431     1179      321
         1386     1428     1410      351     1383     1416      366     1422
         1377      333     1410     1386      336     1392     1392      303
         1398     1413     1398      330     1413     1395      291     1371
         1425      357     1398     1392      339     1410     1416      357
         1389     1395     1413      342     1233     1344      327     1404
         1446      354     1149     1326      336     1431     1197      270

Atom Distribution No.    47 at run step  123184:

  Count of atoms assigned to each task:
         1134     1392     1395      330     1176     1134      273     1428
         1233      288     1287     1377      273     1422     1197      318
         1377     1416     1404      342     1380     1413      363     1419
         1359      306     1419     1401      312     1377     1419      315
         1410     1428     1395      339     1425     1413      291     1389
         1419      354     1425     1389      357     1410     1422      363
         1392     1392     1416      342     1239     1356      327     1395
         1407      354     1164     1317      318     1428     1356      291

Atom Distribution No.    48 at run step  125981:

  Count of atoms assigned to each task:
         1284     1428     1407      330     1146     1164      261     1437
         1380      288     1158     1368      249     1419     1179      303
         1380     1407     1410      351     1395     1404      345     1434
         1374      330     1404     1383      330     1389     1404      306
         1419     1434     1404      339     1410     1425      300     1371
         1419      360     1416     1386      360     1422     1404      366
         1383     1404     1422      342     1236     1314      336     1401
         1437      360     1131     1332      345     1422     1185      270

Atom Distribution No.    49 at run step  128805:

  Count of atoms assigned to each task:
         1296     1392     1398      345     1143     1329      285     1404
         1389      351     1152     1233      270     1422     1170      309
         1392     1410     1404      357     1392     1404      360     1422
         1362      324     1425     1401      318     1380     1407      303
         1416     1416     1401      357     1404     1419      306     1365
         1404      375     1410     1395      348     1401     1422      360
         1383     1383     1398      375     1209     1320      318     1392
         1428      366     1113     1317      375     1407     1182      288

Atom Distribution No.    50 at run step  131615:

  Count of atoms assigned to each task:
         1320     1398     1410      333     1140     1179      240     1416
         1224      267     1278     1395      246     1404     1179      318
         1386     1422     1392      345     1377     1419      360     1443
         1353      327     1395     1404      342     1365     1389      294
         1425     1404     1410      351     1422     1422      294     1413
         1428      354     1419     1413      348     1419     1419      354
         1404     1425     1401      333     1254     1341      288     1404
         1458      357     1137     1338      333     1416     1197      261

Atom Distribution No.    51 at run step  134415:

  Count of atoms assigned to each task:
         1302     1416     1392      330     1149     1176      252     1431
         1389      273     1146     1365      276     1419     1173      306
         1374     1413     1410      357     1377     1392      360     1443
         1380      333     1401     1377      333     1380     1398      285
         1404     1416     1407      351     1410     1416      294     1383
         1422      369     1422     1389      369     1410     1422      375
         1392     1410     1398      351     1251     1329      318     1401
         1437      360     1140     1329      345     1407     1185      282

Atom Distribution No.    52 at run step  137252:

  Count of atoms assigned to each task:
         1323     1401     1395      327     1143     1161      237     1416
         1377      261     1146     1365      243     1422     1191      297
         1386     1434     1413      342     1398     1428      345     1446
         1383      327     1422     1392      303     1380     1404      312
         1425     1416     1407      342     1431     1395      291     1377
         1416      345     1401     1404      345     1404     1425      357
         1419     1410     1410      348     1245     1353      324     1410
         1446      354     1134     1347      339     1410     1191      261

Atom Distribution No.    53 at run step  140056:

  Count of atoms assigned to each task:
         1158     1395     1434      321     1143     1158      270     1431
         1395      303     1146     1377      270     1431     1176      324
         1371     1422     1422      330     1392     1398      333     1434
         1386      324     1404     1395      306     1389     1389      306
         1413     1425     1419      339     1416     1401      291     1386
         1392      366     1401     1398      357     1389     1407      363
         1383     1386     1410      339     1245     1344      324     1422
         1431      354     1143     1317      345     1425     1356      282

Atom Distribution No.    54 at run step  142887:

  Count of atoms assigned to each task:
         1164     1404     1425      312     1167     1140      273     1443
         1374      306     1140     1371      267     1413     1203      315
         1380     1419     1428      324     1398     1410      342     1464
         1380      303     1416     1413      312     1389     1395      300
         1422     1431     1422      336     1437     1404      276     1392
         1428      366     1410     1398      360     1416     1416      363
         1365     1404     1407      330     1212     1326      327     1416
         1392      336     1143     1320      330     1401     1347      279

Atom Distribution No.    55 at run step  145721:

  Count of atoms assigned to each task:
         1350     1404     1386      333     1137     1167      267     1410
         1374      273     1161     1392      240     1413     1173      324
         1395     1416     1407      348     1386     1425      351     1416
         1362      321     1413     1395      318     1368     1374      318
         1425     1446     1389      348     1419     1431      297     1386
         1398      348     1404     1398      375     1413     1404      387
         1392     1407     1410      357     1233     1335      336     1416
         1413      363     1125     1359      342     1395     1176      258

Atom Distribution No.    56 at run step  148520:

  Count of atoms assigned to each task:
         1155     1413     1401      312     1152     1305      249     1437
         1383      336     1152     1368      264     1434     1188      330
         1389     1416     1425      330     1407     1410      348     1437
         1389      339     1401     1425      339     1404     1392      276
         1404     1428     1410      315     1416     1410      294     1395
         1413      360     1407     1398      333     1413     1416      360
         1389     1404     1416      339     1230     1350      324     1410
         1422      345     1119     1365      291     1407     1197      216

Atom Distribution No.    57 at run step  151330:

  Count of atoms assigned to each task:
         1341     1407     1395      336     1140     1350      279     1395
         1392      345     1167     1227      249     1419     1176      321
         1410     1410     1410      336     1395     1407      336     1446
         1371      333     1401     1416      306     1374     1398      300
         1407     1416     1416      345     1407     1401      312     1398
         1395      360     1386     1407      348     1401     1410      351
         1398     1404     1407      339     1245     1329      297     1410
         1434      360     1128     1320      339     1422     1170      252

Atom Distribution No.    58 at run step  154146:

  Count of atoms assigned to each task:
         1323     1392     1428      345     1149     1329      270     1410
         1083      264     1296     1362      246     1404     1197      315
         1392     1404     1419      333     1407     1416      360     1440
         1392      318     1401     1422      321     1380     1383      306
         1425     1401     1407      342     1443     1398      303     1386
         1434      339     1413     1398      342     1404     1416      345
         1389     1389     1407      342     1239     1332      306     1395
         1437      363     1137     1320      330     1428     1203      282

Atom Distribution No.    59 at run step  156953:

  Count of atoms assigned to each task:
         1149     1389     1416      321     1170     1131      270     1407
         1395      297     1137     1362      273     1425     1212      315
         1383     1416     1422      336     1395     1419      351     1440
         1371      318     1395     1437      315     1377     1386      312
         1422     1422     1416      342     1443     1410      291     1407
         1410      366     1395     1389      339     1395     1401      360
         1401     1386     1401      339     1230     1326      285     1422
         1425      351     1149     1317      327     1413     1392      288

Atom Distribution No.    60 at run step  159767:

  Count of atoms assigned to each task:
         1164     1389     1401      318     1176     1143      288     1413
         1386      312     1146     1359      273     1425     1200      321
         1383     1425     1398      336     1395     1437      351     1428
         1383      315     1413     1443      312     1389     1395      270
         1425     1413     1413      339     1428     1404      288     1407
         1410      354     1419     1395      345     1419     1410      366
         1392     1404     1401      333     1230     1311      327     1404
         1422      342     1128     1335      318     1395     1359      279

Atom Distribution No.    61 at run step  162583:

  Count of atoms assigned to each task:
         1326     1416     1386      336     1137     1350      285     1437
         1380      345     1194     1260      243     1410     1179      297
         1416     1428     1398      330     1404     1404      345     1422
         1374      318     1389     1431      315     1383     1377      294
         1410     1422     1401      333     1443     1413      303     1380
         1416      357     1407     1398      342     1401     1413      372
         1371     1413     1398      336     1221     1329      318     1398
         1407      348     1116     1359      324     1401     1191      252

Atom Distribution No.    62 at run step  165375:

  Count of atoms assigned to each task:
         1161     1407     1425      345     1161     1143      258     1413
         1239      261     1290     1371      249     1434     1197      306
         1398     1428     1431      357     1401     1422      342     1440
         1386      321     1410     1422      321     1377     1377      300
         1389     1431     1401      330     1422     1434      303     1383
         1422      348     1422     1392      342     1401     1416      330
         1395     1392     1407      339     1227     1341      288     1422
         1425      351     1143     1323      324     1419     1359      288

Atom Distribution No.    63 at run step  168181:

  Count of atoms assigned to each task:
         1167     1413     1395      318     1170     1326      306     1422
         1401      330     1041     1383      273     1416     1191      315
         1410     1422     1407      324     1389     1404      336     1428
         1377      300     1404     1431      303     1377     1380      270
         1398     1407     1389      336     1437     1386      285     1371
         1422      372     1386     1410      327     1419     1410      339
         1389     1407     1407      345     1239     1338      330     1395
         1431      348     1137     1347      330     1395     1359      282

Atom Distribution No.    64 at run step  170963:

  Count of atoms assigned to each task:
         1149     1404     1404      312     1164     1299      276     1419
         1218      276     1278     1374      264     1431     1191      318
         1395     1431     1416      315     1395     1422      330     1437
         1386      318     1413     1425      315     1374     1410      288
         1392     1416     1422      336     1407     1419      300     1407
         1416      369     1419     1407      375     1425     1431      393
         1389     1404     1404      342     1236     1332      342     1398
         1404      345     1131     1353      306     1398     1197      240

Atom Distribution No.    65 at run step  173759:

  Count of atoms assigned to each task:
         1158     1401     1389      321     1176     1140      312     1449
         1371      303     1158     1380      273     1410     1173      336
         1368     1431     1398      318     1386     1410      342     1440
         1380      309     1398     1443      321     1398     1404      297
         1392     1422     1425      342     1416     1425      282     1383
         1401      366     1410     1395      360     1395     1401      363
         1380     1383     1410      336     1227     1347      276     1395
         1440      357     1158     1323      300     1407     1389      303

Atom Distribution No.    66 at run step  176589:

  Count of atoms assigned to each task:
         1335     1428     1410      339     1143     1170      255     1443
         1383      261     1143     1359      246     1413     1182      318
         1374     1413     1419      354     1392     1404      366     1452
         1359      309     1401     1437      330     1380     1419      300
         1419     1422     1458      354     1440     1416      291     1401
         1410      333     1392     1404      342     1401     1395      336
         1389     1389     1389      348     1218     1341      315     1389
         1431      354     1140     1332      324     1428     1188      276

Atom Distribution No.    67 at run step  179393:

  Count of atoms assigned to each task:
         1323     1398     1410      327     1143     1308      249     1428
         1398      327     1140     1236      222     1440     1173      300
         1380     1440     1431      357     1398     1428      369     1443
         1404      336     1422     1452      318     1392     1398      282
         1419     1419     1398      348     1425     1413      303     1401
         1413      303     1398     1413      348     1404     1419      348
         1383     1419     1380      330     1221     1347      282     1392
         1398      345     1128     1347      327     1422     1182      255

Atom Distribution No.    68 at run step  182195:

  Count of atoms assigned to each task:
         1338     1404     1422      327     1149     1167      240     1428
         1242      243     1311     1380      249     1443     1158      303
         1386     1434     1398      333     1404     1407      363     1434
         1386      324     1404     1434      309     1392     1410      315
         1428     1422     1401      339     1434     1395      291     1383
         1413      327     1407     1395      372     1395     1404      378
         1392     1407     1410      345     1218     1329      282     1428
         1419      360     1134     1344      339     1434     1182      258

Atom Distribution No.    69 at run step  184986:

  Count of atoms assigned to each task:
         1329     1425     1395      342     1143     1191      243     1416
         1395      243     1146     1368      240     1425     1191      306
         1407     1416     1422      330     1413     1416      360     1431
         1365      321     1416     1431      285     1371     1404      309
         1395     1404     1425      351     1419     1407      297     1383
         1422      336     1425     1410      357     1416     1428      378
         1395     1416     1407      330     1221     1335      330     1401
         1425      360     1125     1314      333     1416     1191      255

Atom Distribution No.    70 at run step  187759:

  Count of atoms assigned to each task:
         1155     1410     1407      321     1164     1305      249     1413
         1242      276     1302     1374      273     1428     1182      330
         1383     1431     1419      342     1407     1419      342     1428
         1380      330     1419     1437      336     1374     1392      291
         1416     1404     1440      324     1428     1398      303     1392
         1407      360     1392     1398      357     1395     1413      369
         1383     1407     1413      333     1227     1338      309     1407
         1440      348     1131     1326      318     1425     1197      243

Atom Distribution No.    71 at run step  190556:

  Count of atoms assigned to each task:
         1161     1407     1404      321     1155     1149      297     1449
         1386      309     1158     1407      276     1416     1188      333
         1431     1437     1416      321     1413     1452      303     1416
         1377      303     1416     1422      309     1383     1395      300
         1398     1404     1428      339     1419     1395      267     1392
         1437      378     1377     1392      357     1407     1419      357
         1386     1413     1413      321     1230     1317      285     1404
         1431      342     1134     1320      303     1410     1347      270

Atom Distribution No.    72 at run step  193321:

  Count of atoms assigned to each task:
         1326     1413     1395      333     1140     1182      243     1410
         1389      249     1149     1377      240     1419     1200      303
         1401     1428     1437      327     1410     1425      336     1434
         1389      318     1404     1431      282     1383     1386      315
         1437     1434     1437      339     1431     1413      300     1398
         1407      324     1407     1389      369     1395     1422      369
         1383     1422     1413      333     1224     1344      276     1413
         1428      354     1137     1335      336     1413     1197      249

Atom Distribution No.    73 at run step  196098:

  Count of atoms assigned to each task:
         1326     1401     1410      336     1152     1155      228     1422
         1404      249     1149     1365      234     1422     1212      282
         1377     1422     1413      363     1398     1416      369     1446
         1386      303     1413     1455      282     1404     1419      321
         1440     1458     1437      348     1431     1446      309     1401
         1416      294     1389     1392      360     1398     1401      360
         1374     1395     1416      330     1230     1329      252     1404
         1458      354     1131     1314      324     1419     1200      258

Atom Distribution No.    74 at run step  198906:

  Count of atoms assigned to each task:
         1332     1410     1386      339     1155     1176      249     1413
         1392      258     1161     1380      234     1404     1188      291
         1401     1413     1422      342     1407     1419      351     1440
         1392      309     1404     1440      297     1389     1416      315
         1410     1422     1449      342     1422     1401      303     1416
         1416      312     1389     1422      366     1416     1401      372
         1374     1422     1413      339     1227     1359      261     1401
         1428      357     1122     1347      330     1392     1188      258

Atom Distribution No.    75 at run step  201734:

  Count of atoms assigned to each task:
         1329     1407     1407      351     1149     1338      270     1425
         1116      234     1296     1368      234     1413     1170      303
         1386     1407     1401      342     1395     1407      366     1449
         1368      318     1416     1461      303     1380     1398      309
         1416     1404     1434      345     1434     1401      306     1398
         1422      321     1404     1401      363     1425     1413      366
         1383     1401     1416      333     1215     1323      264     1410
         1452      372     1134     1341      330     1410     1185      264

Major Routine Parallel Profiling - NonSetup CPU Seconds:

           D                                                              
           a                                                              
           t                                                              
           a                              D                               
           D         N                    i                               
           i         o                    h                               
           s         n             A      e      S      R      O         T
   T       t         B      B      n      d      h      u      t         o
   a       r         o      o      g      r      a      n      h         t
   s       i         n      n      l      a      k      M      e         a
   k       b         d      d      e      l      e      D      r         l
------------------------------------------------------------------------------
   0   431.9    1103.3    0.4    6.1   24.5    7.4   74.6   25.8    1673.9
   1   417.4    1146.8    0.1    0.1    0.1    8.9   85.4   26.0    1684.7
   2   415.4    1146.0    0.1    0.1    0.1    9.1   85.2   26.1    1682.0
   3   574.1    1007.4    0.1    0.1    0.1    2.1   31.1   25.8    1640.8
   4   450.5    1045.1    1.0   15.0   65.7    6.0   68.2   26.2    1677.6
   5   442.4    1084.8    0.6    8.9   39.4    6.9   73.6   26.5    1683.1
   6   616.5     991.5    0.1    0.1    0.1    1.8   28.2   26.4    1664.6
   7   416.7    1146.3    0.1    0.1    0.1    9.2   86.7   25.6    1684.7
   8   423.0    1122.0    0.2    3.4   14.4    8.1   79.4   25.9    1676.4
   9   589.2    1000.6    0.1    0.1    0.1    2.0   30.1   26.5    1648.7
  10   462.1    1052.0    0.8   13.4   55.8    6.3   68.6   26.2    1685.2
  11   430.4    1126.0    0.2    2.7   11.8    8.2   80.6   25.9    1685.9
  12   607.0     989.5    0.1    0.1    0.1    1.7   27.2   26.2    1651.8
  13   398.0    1154.7    0.1    0.1    0.1    9.2   88.6   26.1    1676.7
  14   438.1    1058.1    0.9   14.3   60.0    6.5   71.2   26.4    1675.6
  15   600.7    1003.5    0.1    0.1    0.1    2.0   29.5   25.1    1660.9
  16   421.5    1139.5    0.1    1.3    5.4    8.5   81.5   25.4    1683.3
  17   406.7    1149.9    0.1    0.1    0.1    9.1   86.2   25.8    1678.0
  18   405.8    1151.4    0.1    0.1    0.1    8.9   85.7   25.8    1677.8
  19   578.7    1014.0    0.1    0.1    0.1    2.3   33.1   25.5    1653.9
  20   396.8    1158.1    0.1    0.1    0.1    8.7   84.1   25.5    1673.5
  21   400.4    1158.1    0.1    0.1    0.1    8.8   86.2   26.0    1679.7
  22   585.4    1006.4    0.1    0.1    0.1    2.3   32.5   26.2    1653.1
  23   401.2    1150.7    0.1    0.1    0.1    9.2   85.8   25.1    1672.2
  24   407.8    1148.1    0.1    0.1    0.1    8.7   82.2   25.6    1672.6
  25   592.9    1001.8    0.1    0.1    0.1    2.1   30.2   26.2    1653.5
  26   399.7    1156.6    0.1    0.1    0.1    8.9   85.3   25.9    1676.7
  27   393.4    1157.5    0.1    0.1    0.1    9.0   87.1   25.6    1672.8
  28   586.4    1005.9    0.1    0.1    0.1    2.2   30.9   25.9    1651.5
  29   391.5    1158.6    0.1    0.1    0.1    8.7   85.3   25.8    1670.2
  30   397.7    1161.2    0.1    0.1    0.1    8.8   86.1   25.9    1680.0
  31   594.3    1000.3    0.1    0.1    0.1    2.1   30.9   25.5    1653.3
  32   393.6    1157.2    0.1    0.1    0.1    9.0   87.2   25.5    1672.7
  33   393.6    1155.6    0.1    0.1    0.1    9.1   87.3   26.1    1672.0
  34   393.3    1162.2    0.1    0.1    0.1    8.9   86.1   26.0    1676.7
  35   589.7    1008.1    0.1    0.1    0.1    2.3   31.8   25.8    1657.9
  36   393.8    1158.4    0.1    0.1    0.1    9.0   87.2   25.7    1674.4
  37   398.1    1153.4    0.1    0.1    0.1    9.1   87.2   26.1    1674.1
  38   602.9     997.0    0.1    0.1    0.1    2.0   29.6   26.3    1658.1
  39   416.2    1147.7    0.1    0.1    0.1    8.7   82.3   25.5    1680.7
  40   401.1    1156.9    0.1    0.1    0.1    8.9   88.2   25.8    1681.1
  41   588.9    1012.5    0.1    0.1    0.1    2.4   33.1   26.4    1663.5
  42   404.4    1150.7    0.1    0.1    0.1    9.2   87.5   26.0    1677.9
  43   400.7    1159.8    0.1    0.1    0.1    8.7   85.8   25.9    1681.1
  44   593.1    1013.3    0.1    0.1    0.1    2.4   34.7   26.1    1669.8
  45   405.3    1158.2    0.1    0.1    0.1    8.8   87.1   26.2    1685.8
  46   396.2    1157.9    0.1    0.1    0.1    9.3   90.2   26.2    1679.9
  47   592.8    1008.0    0.1    0.1    0.1    2.4   34.9   26.2    1664.6
  48   400.7    1154.8    0.1    0.1    0.1    8.7   84.3   25.9    1674.6
  49   401.8    1153.2    0.1    0.1    0.1    8.7   84.2   26.4    1674.6
  50   405.1    1149.8    0.1    0.1    0.1    9.2   87.8   26.1    1678.3
  51   590.4    1006.5    0.1    0.1    0.1    2.3   32.1   26.1    1657.7
  52   446.6    1066.7    0.7   12.8   53.1    7.0   74.1   26.1    1687.2
  53   434.1    1121.1    0.2    3.1   12.7    8.0   79.2   26.3    1684.6
  54   603.0     997.0    0.1    0.1    0.1    2.0   30.4   26.5    1659.2
  55   403.0    1154.2    0.1    0.1    0.1    8.9   87.9   26.1    1680.4
  56   404.6    1149.3    0.1    0.1    0.1    9.3   86.9   25.9    1676.3
  57   576.2    1013.1    0.1    0.1    0.1    2.5   32.9   26.6    1651.5
  58   476.0    1032.5    0.9   16.1   65.9    5.9   66.8   26.5    1690.6
  59   415.2    1143.8    0.1    0.1    0.1    8.4   82.3   26.3    1676.2
  60   601.3    1007.2    0.1    0.1    0.1    2.3   34.3   26.4    1671.7
  61   402.5    1154.7    0.1    0.1    0.1    9.4   91.9   26.4    1685.1
  62   448.5    1070.9    0.7   11.4   48.5    6.8   73.6   26.5    1687.0
  63   606.7     995.3    0.1    0.1    0.1    1.8   30.4   25.6    1660.0
------------------------------------------------------------------------------
 avg   469.6    1094.1    0.2    1.8    7.2    6.5   66.9   26.0    1672.2
         0.0
 min   391.5     989.5    0.1    0.1    0.1    1.7   27.2   25.1    1640.8
         0.0
 max   616.5    1162.2    1.0   16.1   65.9    9.4   91.9   26.6    1690.6
         0.0
 std    85.4      67.7    0.2    4.2   17.6    3.0   24.5    0.3      11.6
         0.0
------------------------------------------------------------------------------

PME NonBond Parallel Profiling - NonSetup CPU Seconds:

                     D                           
           P         i         R                 
           a         r         e      L          
           i         e         c      o          
           r         c         i      a         T
   T       l         t         p      d         o
   a       i         F         F      B         t
   s       s         r         r      a         a
   k       t         c         c      l         l
-------------------------------------------------
   0   203.6     898.4       0.0    1.1    1103.1
   1   216.5     928.8       0.0    1.2    1146.6
   2   216.4     928.2       0.0    1.2    1145.8
   3    97.7     258.1     650.5    0.8    1007.2
   4   199.1     844.9       0.0    0.9    1044.9
   5   205.0     878.6       0.1    0.8    1084.5
   6    84.3     197.5     708.6    1.0     991.3
   7   216.8     928.0       0.0    1.2    1146.1
   8   210.6     910.0       0.0    1.1    1121.7
   9    92.3     239.9     667.2    0.9    1000.4
  10   195.4     855.2       0.1    1.1    1051.8
  11   211.6     913.2       0.0    1.0    1125.8
  12    83.7     202.1     702.7    0.8     989.3
  13   221.7     931.7       0.0    1.1    1154.5
  14   202.5     854.6       0.0    0.8    1057.9
  15    92.2     243.2     666.7    1.1    1003.2
  16   216.9     921.2       0.0    1.2    1139.3
  17   219.2     929.2       0.0    1.3    1149.7
  18   220.3     929.7       0.0    1.2    1151.2
  19   102.0     276.9     633.9    1.0    1013.8
  20   225.6     931.1       0.0    1.2    1157.9
  21   225.9     930.7       0.1    1.2    1157.8
  22    98.1     258.7     648.3    1.1    1006.2
  23   221.0     928.1       0.0    1.4    1150.5
  24   218.0     928.5       0.0    1.4    1147.9
  25    94.7     239.2     666.6    1.2    1001.6
  26   225.0     929.8       0.1    1.5    1156.4
  27   225.0     930.8       0.0    1.4    1157.3
  28    94.6     243.8     666.0    1.2    1005.6
  29   226.4     930.6       0.0    1.5    1158.4
  30   227.4     932.1       0.0    1.5    1160.9
  31    93.2     236.0     669.8    1.2    1000.1
  32   224.8     931.0       0.0    1.2    1157.0
  33   224.6     929.5       0.0    1.3    1155.4
  34   228.5     932.2       0.0    1.3    1162.0
  35    97.2     258.1     651.6    1.0    1007.9
  36   226.0     931.0       0.0    1.1    1158.1
  37   221.9     930.1       0.1    1.2    1153.2
  38    92.4     223.1     680.3    1.0     996.8
  39   217.9     928.2       0.0    1.4    1147.5
  40   224.5     931.0       0.0    1.1    1156.7
  41    99.4     265.8     646.1    1.0    1012.3
  42   219.8     929.4       0.1    1.2    1150.5
  43   225.5     933.0       0.0    1.0    1159.5
  44    99.3     274.9     637.9    0.9    1013.0
  45   225.4     931.5       0.0    1.0    1158.0
  46   224.4     932.1       0.0    1.1    1157.6
  47    96.9     263.2     646.9    0.8    1007.8
  48   222.3     931.4       0.0    0.9    1154.6
  49   222.5     929.6       0.0    0.9    1153.0
  50   218.6     930.0       0.0    1.0    1149.6
  51    95.3     251.8     658.3    0.8    1006.2
  52   201.8     863.6       0.0    0.9    1066.4
  53   207.6     912.2       0.1    1.0    1120.8
  54    91.2     232.3     672.4    0.8     996.8
  55   221.1     932.1       0.0    0.8    1154.0
  56   217.4     930.6       0.0    1.1    1149.1
  57   102.1     285.3     624.7    0.8    1012.8
  58   188.6     842.7       0.1    0.9    1032.2
  59   213.5     929.3       0.0    0.7    1143.6
  60    93.7     256.1     656.5    0.7    1007.0
  61   221.4     932.2       0.0    0.9    1154.5
  62   202.4     867.5       0.0    0.7    1070.7
  63    89.1     215.4     689.6    1.0     995.0
-------------------------------------------------
 avg   178.7     707.1     207.0    1.1    1093.9
-------------------------------------------------
