   Residue Number     State  0     State  1     State  2     State  3     State  4 
-----------------------------------------------------------------------------------
Residue: TYR 11   1.000000 (1) 0.000000 (0) 
Residue: GL4 14   0.002670 (0) 0.428302 (1) 0.075043 (1) 0.423157 (1) 0.070828 (1) 
Residue: TYR 16   1.000000 (1) 0.000000 (0) 
Residue: HIP 20   0.999986 (2) 0.000014 (1) 0.000000 (1) 
Residue: HIP 25   0.999952 (2) 0.000038 (1) 0.000010 (1) 
Residue: GL4 28   0.017702 (0) 0.349960 (1) 0.088414 (1) 0.524912 (1) 0.019012 (1) 
Residue: TYR 31   1.000000 (1) 0.000000 (0) 
Residue: GL4 36   0.009349 (0) 0.469097 (1) 0.026335 (1) 0.469500 (1) 0.025718 (1) 
Residue: TYR 41   1.000000 (1) 0.000000 (0) 
Residue: TYR 54   1.000000 (1) 0.000000 (0) 
Residue: GL4 57   0.000194 (0) 0.465223 (1) 0.034174 (1) 0.466039 (1) 0.034370 (1) 
Residue: TYR 59   1.000000 (1) 0.000000 (0) 
Residue: HIP 63   0.999999 (2) 0.000001 (1) 0.000000 (1) 
Residue: HIP 68   0.999978 (2) 0.000015 (1) 0.000007 (1) 
Residue: GL4 71   0.000826 (0) 0.469569 (1) 0.028330 (1) 0.474032 (1) 0.027243 (1) 
Residue: TYR 74   1.000000 (1) 0.000000 (0) 
Residue: GL4 79   0.000283 (0) 0.446338 (1) 0.056579 (1) 0.442636 (1) 0.054163 (1) 
Residue: TYR 84   0.999999 (1) 0.000001 (0) 
Residue: TYR 97   1.000000 (1) 0.000000 (0) 
Residue: GL4 100  0.003484 (0) 0.466957 (1) 0.031396 (1) 0.467345 (1) 0.030818 (1) 
Residue: TYR 102  1.000000 (1) 0.000000 (0) 
Residue: HIP 106  0.999976 (2) 0.000015 (1) 0.000009 (1) 
Residue: HIP 111  0.999942 (2) 0.000043 (1) 0.000014 (1) 
Residue: GL4 114  0.792791 (0) 0.031483 (1) 0.061677 (1) 0.023800 (1) 0.090249 (1) 
Residue: TYR 117  1.000000 (1) 0.000000 (0) 
Residue: GL4 122  0.002490 (0) 0.413627 (1) 0.092118 (1) 0.405243 (1) 0.086523 (1) 
Residue: TYR 127  1.000000 (1) 0.000000 (0) 
Residue: TYR 140  0.999999 (1) 0.000001 (0) 
Residue: GL4 143  0.013423 (0) 0.472520 (1) 0.018549 (1) 0.476900 (1) 0.018608 (1) 
Residue: TYR 145  1.000000 (1) 0.000000 (0) 
Residue: HIP 149  0.999975 (2) 0.000009 (1) 0.000016 (1) 
Residue: HIP 154  0.999884 (2) 0.000108 (1) 0.000008 (1) 
Residue: GL4 157  0.199639 (0) 0.315647 (1) 0.068473 (1) 0.335441 (1) 0.080800 (1) 
Residue: TYR 160  1.000000 (1) 0.000000 (0) 
Residue: GL4 165  0.002163 (0) 0.445611 (1) 0.033382 (1) 0.484079 (1) 0.034766 (1) 
Residue: TYR 170  1.000000 (1) 0.000000 (0) 
Residue: TYR 183  1.000000 (1) 0.000000 (0) 
Residue: GL4 186  0.000305 (0) 0.433025 (1) 0.063942 (1) 0.435514 (1) 0.067215 (1) 
Residue: TYR 188  1.000000 (1) 0.000000 (0) 
Residue: HIP 192  0.999997 (2) 0.000003 (1) 0.000000 (1) 
Residue: HIP 197  0.999997 (2) 0.000003 (1) 0.000000 (1) 
Residue: GL4 200  0.000917 (0) 0.151956 (1) 0.399946 (1) 0.140099 (1) 0.307082 (1) 
Residue: TYR 203  1.000000 (1) 0.000000 (0) 
Residue: GL4 208  0.000056 (0) 0.341284 (1) 0.156817 (1) 0.341671 (1) 0.160173 (1) 
Residue: TYR 213  1.000000 (1) 0.000000 (0) 
Residue: TYR 226  1.000000 (1) 0.000000 (0) 
Residue: GL4 229  0.001785 (0) 0.461216 (1) 0.038910 (1) 0.460810 (1) 0.037278 (1) 
Residue: TYR 231  0.999999 (1) 0.000001 (0) 
Residue: HIP 235  0.999975 (2) 0.000018 (1) 0.000007 (1) 
Residue: HIP 240  0.999936 (2) 0.000055 (1) 0.000009 (1) 
Residue: GL4 243  0.032701 (0) 0.514510 (1) 0.035450 (1) 0.406012 (1) 0.011328 (1) 
Residue: TYR 246  1.000000 (1) 0.000000 (0) 
Residue: GL4 251  0.000505 (0) 0.327529 (1) 0.169114 (1) 0.328427 (1) 0.174424 (1) 
Residue: TYR 256  1.000000 (1) 0.000000 (0) 
