   Residue Number     State  0     State  1     State  2     State  3     State  4 
-----------------------------------------------------------------------------------
Residue: TYR 11   1.000000 (1) 0.000000 (0) 
Residue: GL4 14   0.000885 (0) 0.431002 (1) 0.071904 (1) 0.428155 (1) 0.068054 (1) 
Residue: TYR 16   1.000000 (1) 0.000000 (0) 
Residue: HIP 20   0.999999 (2) 0.000001 (1) 0.000000 (1) 
Residue: HIP 25   0.999986 (2) 0.000005 (1) 0.000009 (1) 
Residue: GL4 28   0.006808 (0) 0.358372 (1) 0.085042 (1) 0.539397 (1) 0.010381 (1) 
Residue: TYR 31   1.000000 (1) 0.000000 (0) 
Residue: GL4 36   0.003104 (0) 0.472517 (1) 0.026595 (1) 0.472178 (1) 0.025606 (1) 
Residue: TYR 41   1.000000 (1) 0.000000 (0) 
Residue: TYR 54   1.000000 (1) 0.000000 (0) 
Residue: GL4 57   0.000084 (0) 0.465255 (1) 0.033678 (1) 0.466858 (1) 0.034125 (1) 
Residue: TYR 59   1.000000 (1) 0.000000 (0) 
Residue: HIP 63   1.000000 (2) 0.000000 (1) 0.000000 (1) 
Residue: HIP 68   1.000000 (2) 0.000000 (1) 0.000000 (1) 
Residue: GL4 71   0.000294 (0) 0.473273 (1) 0.024234 (1) 0.478570 (1) 0.023628 (1) 
Residue: TYR 74   1.000000 (1) 0.000000 (0) 
Residue: GL4 79   0.000108 (0) 0.448154 (1) 0.054151 (1) 0.444890 (1) 0.052698 (1) 
Residue: TYR 84   1.000000 (1) 0.000000 (0) 
Residue: TYR 97   1.000000 (1) 0.000000 (0) 
Residue: GL4 100  0.001141 (0) 0.469141 (1) 0.031387 (1) 0.467825 (1) 0.030507 (1) 
Residue: TYR 102  1.000000 (1) 0.000000 (0) 
Residue: HIP 106  0.999997 (2) 0.000002 (1) 0.000001 (1) 
Residue: HIP 111  0.999984 (2) 0.000013 (1) 0.000003 (1) 
Residue: GL4 114  0.796590 (0) 0.027103 (1) 0.062958 (1) 0.021297 (1) 0.092053 (1) 
Residue: TYR 117  1.000000 (1) 0.000000 (0) 
Residue: GL4 122  0.000776 (0) 0.412609 (1) 0.092853 (1) 0.406514 (1) 0.087249 (1) 
Residue: TYR 127  1.000000 (1) 0.000000 (0) 
Residue: TYR 140  1.000000 (1) 0.000000 (0) 
Residue: GL4 143  0.004578 (0) 0.477828 (1) 0.017810 (1) 0.481399 (1) 0.018386 (1) 
Residue: TYR 145  1.000000 (1) 0.000000 (0) 
Residue: HIP 149  0.999992 (2) 0.000003 (1) 0.000005 (1) 
Residue: HIP 154  0.999961 (2) 0.000038 (1) 0.000002 (1) 
Residue: GL4 157  0.184146 (0) 0.320399 (1) 0.069258 (1) 0.344369 (1) 0.081828 (1) 
Residue: TYR 160  1.000000 (1) 0.000000 (0) 
Residue: GL4 165  0.000831 (0) 0.446865 (1) 0.033320 (1) 0.483939 (1) 0.035045 (1) 
Residue: TYR 170  1.000000 (1) 0.000000 (0) 
Residue: TYR 183  1.000000 (1) 0.000000 (0) 
Residue: GL4 186  0.000116 (0) 0.432123 (1) 0.064813 (1) 0.435688 (1) 0.067260 (1) 
Residue: TYR 188  1.000000 (1) 0.000000 (0) 
Residue: HIP 192  0.999999 (2) 0.000001 (1) 0.000000 (1) 
Residue: HIP 197  1.000000 (2) 0.000000 (1) 0.000000 (1) 
Residue: GL4 200  0.000317 (0) 0.149230 (1) 0.403930 (1) 0.138334 (1) 0.308189 (1) 
Residue: TYR 203  1.000000 (1) 0.000000 (0) 
Residue: GL4 208  0.000011 (0) 0.340466 (1) 0.157653 (1) 0.340674 (1) 0.161197 (1) 
Residue: TYR 213  1.000000 (1) 0.000000 (0) 
Residue: TYR 226  1.000000 (1) 0.000000 (0) 
Residue: GL4 229  0.000603 (0) 0.462941 (1) 0.038892 (1) 0.460273 (1) 0.037292 (1) 
Residue: TYR 231  1.000000 (1) 0.000000 (0) 
Residue: HIP 235  0.999995 (2) 0.000005 (1) 0.000000 (1) 
Residue: HIP 240  0.999975 (2) 0.000023 (1) 0.000003 (1) 
Residue: GL4 243  0.014267 (0) 0.527016 (1) 0.034000 (1) 0.414070 (1) 0.010648 (1) 
Residue: TYR 246  1.000000 (1) 0.000000 (0) 
Residue: GL4 251  0.000174 (0) 0.327053 (1) 0.169083 (1) 0.328288 (1) 0.175402 (1) 
Residue: TYR 256  1.000000 (1) 0.000000 (0) 
