   Residue Number     State  0     State  1     State  2     State  3     State  4 
-----------------------------------------------------------------------------------
Residue: TYR 11   1.000000 (1) 0.000000 (0) 
Residue: GL4 14   0.007503 (0) 0.417263 (1) 0.083507 (1) 0.412453 (1) 0.079275 (1) 
Residue: TYR 16   1.000000 (1) 0.000000 (0) 
Residue: HIP 20   0.999957 (2) 0.000042 (1) 0.000001 (1) 
Residue: HIP 25   0.999887 (2) 0.000089 (1) 0.000024 (1) 
Residue: GL4 28   0.047081 (0) 0.327363 (1) 0.097115 (1) 0.486130 (1) 0.042311 (1) 
Residue: TYR 31   1.000000 (1) 0.000000 (0) 
Residue: GL4 36   0.027759 (0) 0.459878 (1) 0.026335 (1) 0.459700 (1) 0.026328 (1) 
Residue: TYR 41   1.000000 (1) 0.000000 (0) 
Residue: TYR 54   1.000000 (1) 0.000000 (0) 
Residue: GL4 57   0.000575 (0) 0.464245 (1) 0.036164 (1) 0.463535 (1) 0.035480 (1) 
Residue: TYR 59   1.000000 (1) 0.000000 (0) 
Residue: HIP 63   0.999990 (2) 0.000008 (1) 0.000002 (1) 
Residue: HIP 68   0.999962 (2) 0.000028 (1) 0.000009 (1) 
Residue: GL4 71   0.002107 (0) 0.459347 (1) 0.038850 (1) 0.462421 (1) 0.037275 (1) 
Residue: TYR 74   1.000000 (1) 0.000000 (0) 
Residue: GL4 79   0.000835 (0) 0.439714 (1) 0.063755 (1) 0.435653 (1) 0.060043 (1) 
Residue: TYR 84   1.000000 (1) 0.000000 (0) 
Residue: TYR 97   1.000000 (1) 0.000000 (0) 
Residue: GL4 100  0.009626 (0) 0.464366 (1) 0.031238 (1) 0.463151 (1) 0.031618 (1) 
Residue: TYR 102  1.000000 (1) 0.000000 (0) 
Residue: HIP 106  0.999951 (2) 0.000041 (1) 0.000008 (1) 
Residue: HIP 111  0.999784 (2) 0.000158 (1) 0.000058 (1) 
Residue: GL4 114  0.763984 (0) 0.053577 (1) 0.057654 (1) 0.041843 (1) 0.082943 (1) 
Residue: TYR 117  1.000000 (1) 0.000000 (0) 
Residue: GL4 122  0.007812 (0) 0.413700 (1) 0.090651 (1) 0.403433 (1) 0.084405 (1) 
Residue: TYR 127  1.000000 (1) 0.000000 (0) 
Residue: TYR 140  1.000000 (1) 0.000000 (0) 
Residue: GL4 143  0.036885 (0) 0.460012 (1) 0.020268 (1) 0.462613 (1) 0.020223 (1) 
Residue: TYR 145  1.000000 (1) 0.000000 (0) 
Residue: HIP 149  0.999913 (2) 0.000033 (1) 0.000053 (1) 
Residue: HIP 154  0.999676 (2) 0.000259 (1) 0.000065 (1) 
Residue: GL4 157  0.237874 (0) 0.303333 (1) 0.064813 (1) 0.318369 (1) 0.075612 (1) 
Residue: TYR 160  1.000000 (1) 0.000000 (0) 
Residue: GL4 165  0.006233 (0) 0.441975 (1) 0.033405 (1) 0.483876 (1) 0.034510 (1) 
Residue: TYR 170  1.000000 (1) 0.000000 (0) 
Residue: TYR 183  1.000000 (1) 0.000000 (0) 
Residue: GL4 186  0.000788 (0) 0.433058 (1) 0.063433 (1) 0.436120 (1) 0.066601 (1) 
Residue: TYR 188  1.000000 (1) 0.000000 (0) 
Residue: HIP 192  0.999972 (2) 0.000018 (1) 0.000011 (1) 
Residue: HIP 197  0.999981 (2) 0.000018 (1) 0.000001 (1) 
Residue: GL4 200  0.002279 (0) 0.158470 (1) 0.388747 (1) 0.146338 (1) 0.304166 (1) 
Residue: TYR 203  1.000000 (1) 0.000000 (0) 
Residue: GL4 208  0.000148 (0) 0.343554 (1) 0.155473 (1) 0.342020 (1) 0.158805 (1) 
Residue: TYR 213  1.000000 (1) 0.000000 (0) 
Residue: TYR 226  1.000000 (1) 0.000000 (0) 
Residue: GL4 229  0.005164 (0) 0.458319 (1) 0.038984 (1) 0.460396 (1) 0.037137 (1) 
Residue: TYR 231  1.000000 (1) 0.000000 (0) 
Residue: HIP 235  0.999932 (2) 0.000056 (1) 0.000012 (1) 
Residue: HIP 240  0.999822 (2) 0.000147 (1) 0.000032 (1) 
Residue: GL4 243  0.084283 (0) 0.482918 (1) 0.039072 (1) 0.381115 (1) 0.012613 (1) 
Residue: TYR 246  0.999999 (1) 0.000001 (0) 
Residue: GL4 251  0.001696 (0) 0.328691 (1) 0.167555 (1) 0.330242 (1) 0.171816 (1) 
Residue: TYR 256  0.999999 (1) 0.000001 (0) 
