   Residue Number     State  0     State  1     State  2     State  3     State  4 
-----------------------------------------------------------------------------------
Residue: TYR 11   1.000000 (1) 0.000000 (0) 
Residue: GL4 14   0.019738 (0) 0.391949 (1) 0.100814 (1) 0.389234 (1) 0.098265 (1) 
Residue: TYR 16   1.000000 (1) 0.000000 (0) 
Residue: HIP 20   0.999890 (2) 0.000108 (1) 0.000003 (1) 
Residue: HIP 25   0.999676 (2) 0.000264 (1) 0.000060 (1) 
Residue: GL4 28   0.110294 (0) 0.280059 (1) 0.117186 (1) 0.404624 (1) 0.087838 (1) 
Residue: TYR 31   1.000000 (1) 0.000000 (0) 
Residue: GL4 36   0.078071 (0) 0.432466 (1) 0.026731 (1) 0.435341 (1) 0.027391 (1) 
Residue: TYR 41   1.000000 (1) 0.000000 (0) 
Residue: TYR 54   1.000000 (1) 0.000000 (0) 
Residue: GL4 57   0.001543 (0) 0.459961 (1) 0.041420 (1) 0.458139 (1) 0.038937 (1) 
Residue: TYR 59   1.000000 (1) 0.000000 (0) 
Residue: HIP 63   0.999967 (2) 0.000031 (1) 0.000002 (1) 
Residue: HIP 68   0.999913 (2) 0.000074 (1) 0.000013 (1) 
Residue: GL4 71   0.005073 (0) 0.437725 (1) 0.060611 (1) 0.437288 (1) 0.059303 (1) 
Residue: TYR 74   1.000000 (1) 0.000000 (0) 
Residue: GL4 79   0.002208 (0) 0.418992 (1) 0.084389 (1) 0.417349 (1) 0.077063 (1) 
Residue: TYR 84   1.000000 (1) 0.000000 (0) 
Residue: TYR 97   1.000000 (1) 0.000000 (0) 
Residue: GL4 100  0.024275 (0) 0.456781 (1) 0.032704 (1) 0.452960 (1) 0.033280 (1) 
Residue: TYR 102  1.000000 (1) 0.000000 (0) 
Residue: HIP 106  0.999860 (2) 0.000123 (1) 0.000017 (1) 
Residue: HIP 111  0.999336 (2) 0.000482 (1) 0.000183 (1) 
Residue: GL4 114  0.700372 (0) 0.100156 (1) 0.049557 (1) 0.082313 (1) 0.067603 (1) 
Residue: TYR 117  1.000000 (1) 0.000000 (0) 
Residue: GL4 122  0.023608 (0) 0.413110 (1) 0.085419 (1) 0.399118 (1) 0.078746 (1) 
Residue: TYR 127  1.000000 (1) 0.000000 (0) 
Residue: TYR 140  1.000000 (1) 0.000000 (0) 
Residue: GL4 143  0.089512 (0) 0.432065 (1) 0.023888 (1) 0.430743 (1) 0.023793 (1) 
Residue: TYR 145  1.000000 (1) 0.000000 (0) 
Residue: HIP 149  0.999736 (2) 0.000159 (1) 0.000105 (1) 
Residue: HIP 154  0.999052 (2) 0.000780 (1) 0.000168 (1) 
Residue: GL4 157  0.315659 (0) 0.278305 (1) 0.057395 (1) 0.284664 (1) 0.063977 (1) 
Residue: TYR 160  1.000000 (1) 0.000000 (0) 
Residue: GL4 165  0.017609 (0) 0.432773 (1) 0.033299 (1) 0.482964 (1) 0.033355 (1) 
Residue: TYR 170  1.000000 (1) 0.000000 (0) 
Residue: TYR 183  0.999999 (1) 0.000001 (0) 
Residue: GL4 186  0.002118 (0) 0.434277 (1) 0.061552 (1) 0.437537 (1) 0.064517 (1) 
Residue: TYR 188  1.000000 (1) 0.000000 (0) 
Residue: HIP 192  0.999919 (2) 0.000051 (1) 0.000030 (1) 
Residue: HIP 197  0.999932 (2) 0.000061 (1) 0.000007 (1) 
Residue: GL4 200  0.005544 (0) 0.171391 (1) 0.367114 (1) 0.157507 (1) 0.298444 (1) 
Residue: TYR 203  1.000000 (1) 0.000000 (0) 
Residue: GL4 208  0.000407 (0) 0.346892 (1) 0.153830 (1) 0.343314 (1) 0.155558 (1) 
Residue: TYR 213  1.000000 (1) 0.000000 (0) 
Residue: TYR 226  1.000000 (1) 0.000000 (0) 
Residue: GL4 229  0.013092 (0) 0.450392 (1) 0.039039 (1) 0.459787 (1) 0.037690 (1) 
Residue: TYR 231  1.000000 (1) 0.000000 (0) 
Residue: HIP 235  0.999782 (2) 0.000193 (1) 0.000024 (1) 
Residue: HIP 240  0.999472 (2) 0.000448 (1) 0.000080 (1) 
Residue: GL4 243  0.192671 (0) 0.418555 (1) 0.045445 (1) 0.327503 (1) 0.015827 (1) 
Residue: TYR 246  1.000000 (1) 0.000000 (0) 
Residue: GL4 251  0.005063 (0) 0.330871 (1) 0.164897 (1) 0.331619 (1) 0.167550 (1) 
Residue: TYR 256  1.000000 (1) 0.000000 (0) 
