   Residue Number     State  0     State  1     State  2     State  3     State  4 
-----------------------------------------------------------------------------------
Residue: TYR 11   0.999740 (1) 0.000260 (0) 
Residue: GL4 14   0.998842 (0) 0.000134 (1) 0.000343 (1) 0.000123 (1) 0.000559 (1) 
Residue: TYR 16   0.998396 (1) 0.001604 (0) 
Residue: HIP 20   0.009697 (2) 0.988712 (1) 0.001592 (1) 
Residue: HIP 25   0.001229 (2) 0.902629 (1) 0.096142 (1) 
Residue: GL4 28   0.999918 (0) 0.000024 (1) 0.000025 (1) 0.000033 (1) 0.000000 (1) 
Residue: TYR 31   0.999985 (1) 0.000015 (0) 
Residue: GL4 36   0.999215 (0) 0.000347 (1) 0.000194 (1) 0.000194 (1) 0.000050 (1) 
Residue: TYR 41   0.999472 (1) 0.000528 (0) 
Residue: TYR 54   0.985342 (1) 0.014658 (0) 
Residue: GL4 57   0.999608 (0) 0.000058 (1) 0.000123 (1) 0.000049 (1) 0.000162 (1) 
Residue: TYR 59   0.988262 (1) 0.011738 (0) 
Residue: HIP 63   0.006095 (2) 0.975545 (1) 0.018360 (1) 
Residue: HIP 68   0.001602 (2) 0.924982 (1) 0.073416 (1) 
Residue: GL4 71   0.999859 (0) 0.000063 (1) 0.000002 (1) 0.000068 (1) 0.000008 (1) 
Residue: TYR 74   0.998606 (1) 0.001394 (0) 
Residue: GL4 79   0.999471 (0) 0.000040 (1) 0.000335 (1) 0.000039 (1) 0.000115 (1) 
Residue: TYR 84   0.965416 (1) 0.034584 (0) 
Residue: TYR 97   0.999920 (1) 0.000080 (0) 
Residue: GL4 100  0.996755 (0) 0.001071 (1) 0.000591 (1) 0.000732 (1) 0.000852 (1) 
Residue: TYR 102  0.999469 (1) 0.000531 (0) 
Residue: HIP 106  0.003805 (2) 0.931609 (1) 0.064586 (1) 
Residue: HIP 111  0.001098 (2) 0.865063 (1) 0.133839 (1) 
Residue: GL4 114  0.999860 (0) 0.000005 (1) 0.000010 (1) 0.000010 (1) 0.000115 (1) 
Residue: TYR 117  0.999955 (1) 0.000045 (0) 
Residue: GL4 122  0.999435 (0) 0.000100 (1) 0.000144 (1) 0.000108 (1) 0.000213 (1) 
Residue: TYR 127  0.999632 (1) 0.000368 (0) 
Residue: TYR 140  0.999957 (1) 0.000043 (0) 
Residue: GL4 143  0.998612 (0) 0.000353 (1) 0.000363 (1) 0.000360 (1) 0.000313 (1) 
Residue: TYR 145  0.999882 (1) 0.000118 (0) 
Residue: HIP 149  0.010829 (2) 0.884456 (1) 0.104715 (1) 
Residue: HIP 154  0.000823 (2) 0.874070 (1) 0.125108 (1) 
Residue: GL4 157  0.999189 (0) 0.000365 (1) 0.000061 (1) 0.000270 (1) 0.000115 (1) 
Residue: TYR 160  0.999978 (1) 0.000022 (0) 
Residue: GL4 165  0.998827 (0) 0.000508 (1) 0.000122 (1) 0.000333 (1) 0.000210 (1) 
Residue: TYR 170  0.999701 (1) 0.000299 (0) 
Residue: TYR 183  0.992571 (1) 0.007429 (0) 
Residue: GL4 186  0.999847 (0) 0.000045 (1) 0.000032 (1) 0.000047 (1) 0.000029 (1) 
Residue: TYR 188  0.994963 (1) 0.005037 (0) 
Residue: HIP 192  0.000293 (2) 0.629346 (1) 0.370361 (1) 
Residue: HIP 197  0.001341 (2) 0.884740 (1) 0.113919 (1) 
Residue: GL4 200  0.999695 (0) 0.000052 (1) 0.000112 (1) 0.000053 (1) 0.000088 (1) 
Residue: TYR 203  0.997567 (1) 0.002433 (0) 
Residue: GL4 208  0.999587 (0) 0.000035 (1) 0.000182 (1) 0.000025 (1) 0.000172 (1) 
Residue: TYR 213  0.993936 (1) 0.006064 (0) 
Residue: TYR 226  0.999791 (1) 0.000209 (0) 
Residue: GL4 229  0.999616 (0) 0.000153 (1) 0.000041 (1) 0.000156 (1) 0.000035 (1) 
Residue: TYR 231  0.998029 (1) 0.001971 (0) 
Residue: HIP 235  0.002013 (2) 0.949280 (1) 0.048707 (1) 
Residue: HIP 240  0.001222 (2) 0.887500 (1) 0.111278 (1) 
Residue: GL4 243  0.999939 (0) 0.000027 (1) 0.000003 (1) 0.000031 (1) 0.000000 (1) 
Residue: TYR 246  0.999933 (1) 0.000067 (0) 
Residue: GL4 251  0.998515 (0) 0.000177 (1) 0.000490 (1) 0.000208 (1) 0.000610 (1) 
Residue: TYR 256  0.999202 (1) 0.000798 (0) 
