   Residue Number     State  0     State  1     State  2     State  3     State  4 
-----------------------------------------------------------------------------------
Residue: TYR 11   0.999185 (1) 0.000815 (0) 
Residue: GL4 14   0.999597 (0) 0.000051 (1) 0.000115 (1) 0.000038 (1) 0.000200 (1) 
Residue: TYR 16   0.994849 (1) 0.005151 (0) 
Residue: HIP 20   0.002974 (2) 0.995393 (1) 0.001633 (1) 
Residue: HIP 25   0.000343 (2) 0.904070 (1) 0.095588 (1) 
Residue: GL4 28   0.999970 (0) 0.000004 (1) 0.000015 (1) 0.000011 (1) 0.000000 (1) 
Residue: TYR 31   0.999933 (1) 0.000067 (0) 
Residue: GL4 36   0.999716 (0) 0.000120 (1) 0.000081 (1) 0.000068 (1) 0.000015 (1) 
Residue: TYR 41   0.998348 (1) 0.001652 (0) 
Residue: TYR 54   0.955017 (1) 0.044983 (0) 
Residue: GL4 57   0.999882 (0) 0.000021 (1) 0.000015 (1) 0.000018 (1) 0.000065 (1) 
Residue: TYR 59   0.963663 (1) 0.036337 (0) 
Residue: HIP 63   0.002153 (2) 0.979369 (1) 0.018478 (1) 
Residue: HIP 68   0.000539 (2) 0.926552 (1) 0.072908 (1) 
Residue: GL4 71   0.999962 (0) 0.000016 (1) 0.000002 (1) 0.000019 (1) 0.000002 (1) 
Residue: TYR 74   0.995622 (1) 0.004378 (0) 
Residue: GL4 79   0.999825 (0) 0.000008 (1) 0.000100 (1) 0.000013 (1) 0.000055 (1) 
Residue: TYR 84   0.895263 (1) 0.104737 (0) 
Residue: TYR 97   0.999725 (1) 0.000275 (0) 
Residue: GL4 100  0.999027 (0) 0.000360 (1) 0.000146 (1) 0.000215 (1) 0.000253 (1) 
Residue: TYR 102  0.998262 (1) 0.001738 (0) 
Residue: HIP 106  0.001279 (2) 0.934165 (1) 0.064556 (1) 
Residue: HIP 111  0.000343 (2) 0.865742 (1) 0.133915 (1) 
Residue: GL4 114  0.999965 (0) 0.000005 (1) 0.000000 (1) 0.000005 (1) 0.000025 (1) 
Residue: TYR 117  0.999896 (1) 0.000104 (0) 
Residue: GL4 122  0.999824 (0) 0.000032 (1) 0.000030 (1) 0.000041 (1) 0.000073 (1) 
Residue: TYR 127  0.998873 (1) 0.001127 (0) 
Residue: TYR 140  0.999835 (1) 0.000165 (0) 
Residue: GL4 143  0.999592 (0) 0.000108 (1) 0.000130 (1) 0.000108 (1) 0.000063 (1) 
Residue: TYR 145  0.999637 (1) 0.000363 (0) 
Residue: HIP 149  0.003561 (2) 0.889827 (1) 0.106612 (1) 
Residue: HIP 154  0.000251 (2) 0.876945 (1) 0.122804 (1) 
Residue: GL4 157  0.999755 (0) 0.000100 (1) 0.000020 (1) 0.000085 (1) 0.000040 (1) 
Residue: TYR 160  0.999907 (1) 0.000093 (0) 
Residue: GL4 165  0.999627 (0) 0.000153 (1) 0.000050 (1) 0.000117 (1) 0.000053 (1) 
Residue: TYR 170  0.999117 (1) 0.000883 (0) 
Residue: TYR 183  0.976648 (1) 0.023352 (0) 
Residue: GL4 186  0.999933 (0) 0.000018 (1) 0.000014 (1) 0.000021 (1) 0.000013 (1) 
Residue: TYR 188  0.984152 (1) 0.015848 (0) 
Residue: HIP 192  0.000118 (2) 0.629492 (1) 0.370389 (1) 
Residue: HIP 197  0.000404 (2) 0.886838 (1) 0.112758 (1) 
Residue: GL4 200  0.999889 (0) 0.000018 (1) 0.000049 (1) 0.000030 (1) 0.000013 (1) 
Residue: TYR 203  0.992377 (1) 0.007623 (0) 
Residue: GL4 208  0.999842 (0) 0.000013 (1) 0.000078 (1) 0.000009 (1) 0.000058 (1) 
Residue: TYR 213  0.980837 (1) 0.019163 (0) 
Residue: TYR 226  0.999455 (1) 0.000545 (0) 
Residue: GL4 229  0.999891 (0) 0.000049 (1) 0.000000 (1) 0.000050 (1) 0.000010 (1) 
Residue: TYR 231  0.994029 (1) 0.005971 (0) 
Residue: HIP 235  0.000703 (2) 0.951072 (1) 0.048225 (1) 
Residue: HIP 240  0.000383 (2) 0.888853 (1) 0.110763 (1) 
Residue: GL4 243  0.999978 (0) 0.000012 (1) 0.000000 (1) 0.000010 (1) 0.000000 (1) 
Residue: TYR 246  0.999777 (1) 0.000223 (0) 
Residue: GL4 251  0.999537 (0) 0.000068 (1) 0.000141 (1) 0.000060 (1) 0.000194 (1) 
Residue: TYR 256  0.997570 (1) 0.002430 (0) 
