   Residue Number     State  0     State  1     State  2     State  3     State  4 
-----------------------------------------------------------------------------------
Residue: TYR 11   0.985033 (1) 0.014967 (0) 
Residue: GL4 14   0.999977 (0) 0.000001 (1) 0.000000 (1) 0.000022 (1) 0.000000 (1) 
Residue: TYR 16   0.959735 (1) 0.040265 (0) 
Residue: HIP 20   0.000249 (2) 0.998570 (1) 0.001181 (1) 
Residue: HIP 25   0.000038 (2) 0.909184 (1) 0.090778 (1) 
Residue: GL4 28   0.999995 (0) 0.000001 (1) 0.000000 (1) 0.000004 (1) 0.000000 (1) 
Residue: TYR 31   0.999455 (1) 0.000545 (0) 
Residue: GL4 36   0.999969 (0) 0.000000 (1) 0.000025 (1) 0.000001 (1) 0.000005 (1) 
Residue: TYR 41   0.984931 (1) 0.015069 (0) 
Residue: TYR 54   0.630256 (1) 0.369744 (0) 
Residue: GL4 57   0.999998 (0) 0.000002 (1) 0.000000 (1) 0.000000 (1) 0.000000 (1) 
Residue: TYR 59   0.733041 (1) 0.266959 (0) 
Residue: HIP 63   0.000308 (2) 0.981366 (1) 0.018326 (1) 
Residue: HIP 68   0.000048 (2) 0.930872 (1) 0.069080 (1) 
Residue: GL4 71   0.999998 (0) 0.000002 (1) 0.000000 (1) 0.000000 (1) 0.000000 (1) 
Residue: TYR 74   0.958692 (1) 0.041308 (0) 
Residue: GL4 79   1.000000 (0) 0.000000 (1) 0.000000 (1) 0.000000 (1) 0.000000 (1) 
Residue: TYR 84   0.433800 (1) 0.566200 (0) 
Residue: TYR 97   0.997302 (1) 0.002698 (0) 
Residue: GL4 100  0.999813 (0) 0.000068 (1) 0.000010 (1) 0.000038 (1) 0.000070 (1) 
Residue: TYR 102  0.986091 (1) 0.013909 (0) 
Residue: HIP 106  0.000127 (2) 0.938181 (1) 0.061693 (1) 
Residue: HIP 111  0.000050 (2) 0.863124 (1) 0.136826 (1) 
Residue: GL4 114  1.000000 (0) 0.000000 (1) 0.000000 (1) 0.000000 (1) 0.000000 (1) 
Residue: TYR 117  0.998900 (1) 0.001100 (0) 
Residue: GL4 122  0.999996 (0) 0.000004 (1) 0.000000 (1) 0.000000 (1) 0.000000 (1) 
Residue: TYR 127  0.990209 (1) 0.009791 (0) 
Residue: TYR 140  0.998088 (1) 0.001912 (0) 
Residue: GL4 143  0.999972 (0) 0.000007 (1) 0.000020 (1) 0.000002 (1) 0.000000 (1) 
Residue: TYR 145  0.996672 (1) 0.003328 (0) 
Residue: HIP 149  0.000388 (2) 0.893437 (1) 0.106176 (1) 
Residue: HIP 154  0.000031 (2) 0.878747 (1) 0.121223 (1) 
Residue: GL4 157  0.999975 (0) 0.000010 (1) 0.000010 (1) 0.000005 (1) 0.000000 (1) 
Residue: TYR 160  0.999116 (1) 0.000884 (0) 
Residue: GL4 165  0.999966 (0) 0.000011 (1) 0.000010 (1) 0.000004 (1) 0.000009 (1) 
Residue: TYR 170  0.993097 (1) 0.006903 (0) 
Residue: TYR 183  0.793861 (1) 0.206139 (0) 
Residue: GL4 186  0.999978 (0) 0.000005 (1) 0.000003 (1) 0.000003 (1) 0.000010 (1) 
Residue: TYR 188  0.859182 (1) 0.140818 (0) 
Residue: HIP 192  0.000008 (2) 0.616899 (1) 0.383093 (1) 
Residue: HIP 197  0.000038 (2) 0.894477 (1) 0.105484 (1) 
Residue: GL4 200  0.999999 (0) 0.000000 (1) 0.000001 (1) 0.000000 (1) 0.000000 (1) 
Residue: TYR 203  0.898686 (1) 0.101314 (0) 
Residue: GL4 208  0.999977 (0) 0.000002 (1) 0.000005 (1) 0.000000 (1) 0.000016 (1) 
Residue: TYR 213  0.829140 (1) 0.170860 (0) 
Residue: TYR 226  0.995315 (1) 0.004685 (0) 
Residue: GL4 229  0.999985 (0) 0.000009 (1) 0.000000 (1) 0.000006 (1) 0.000000 (1) 
Residue: TYR 231  0.950930 (1) 0.049070 (0) 
Residue: HIP 235  0.000099 (2) 0.954412 (1) 0.045488 (1) 
Residue: HIP 240  0.000045 (2) 0.891617 (1) 0.108338 (1) 
Residue: GL4 243  1.000000 (0) 0.000000 (1) 0.000000 (1) 0.000000 (1) 0.000000 (1) 
Residue: TYR 246  0.997249 (1) 0.002751 (0) 
Residue: GL4 251  0.999963 (0) 0.000004 (1) 0.000006 (1) 0.000006 (1) 0.000021 (1) 
Residue: TYR 256  0.982204 (1) 0.017796 (0) 
