   Residue Number     State  0     State  1     State  2     State  3     State  4 
-----------------------------------------------------------------------------------
Residue: TYR 11   0.996884 (1) 0.003116 (0) 
Residue: GL4 14   0.999879 (0) 0.000013 (1) 0.000020 (1) 0.000023 (1) 0.000065 (1) 
Residue: TYR 16   0.984927 (1) 0.015073 (0) 
Residue: HIP 20   0.000843 (2) 0.997649 (1) 0.001508 (1) 
Residue: HIP 25   0.000132 (2) 0.906418 (1) 0.093450 (1) 
Residue: GL4 28   0.999992 (0) 0.000003 (1) 0.000000 (1) 0.000005 (1) 0.000000 (1) 
Residue: TYR 31   0.999813 (1) 0.000187 (0) 
Residue: GL4 36   0.999926 (0) 0.000039 (1) 0.000025 (1) 0.000005 (1) 0.000005 (1) 
Residue: TYR 41   0.994894 (1) 0.005106 (0) 
Residue: TYR 54   0.862672 (1) 0.137328 (0) 
Residue: GL4 57   0.999962 (0) 0.000006 (1) 0.000005 (1) 0.000017 (1) 0.000010 (1) 
Residue: TYR 59   0.894200 (1) 0.105800 (0) 
Residue: HIP 63   0.000786 (2) 0.980938 (1) 0.018276 (1) 
Residue: HIP 68   0.000185 (2) 0.928158 (1) 0.071657 (1) 
Residue: GL4 71   0.999987 (0) 0.000004 (1) 0.000000 (1) 0.000008 (1) 0.000000 (1) 
Residue: TYR 74   0.986225 (1) 0.013775 (0) 
Residue: GL4 79   0.999937 (0) 0.000004 (1) 0.000051 (1) 0.000003 (1) 0.000005 (1) 
Residue: TYR 84   0.722541 (1) 0.277459 (0) 
Residue: TYR 97   0.999192 (1) 0.000808 (0) 
Residue: GL4 100  0.999662 (0) 0.000090 (1) 0.000025 (1) 0.000061 (1) 0.000163 (1) 
Residue: TYR 102  0.994839 (1) 0.005161 (0) 
Residue: HIP 106  0.000403 (2) 0.935697 (1) 0.063900 (1) 
Residue: HIP 111  0.000123 (2) 0.864332 (1) 0.135546 (1) 
Residue: GL4 114  0.999995 (0) 0.000000 (1) 0.000000 (1) 0.000000 (1) 0.000005 (1) 
Residue: TYR 117  0.999649 (1) 0.000351 (0) 
Residue: GL4 122  0.999953 (0) 0.000007 (1) 0.000005 (1) 0.000019 (1) 0.000016 (1) 
Residue: TYR 127  0.996577 (1) 0.003423 (0) 
Residue: TYR 140  0.999473 (1) 0.000527 (0) 
Residue: GL4 143  0.999855 (0) 0.000038 (1) 0.000050 (1) 0.000042 (1) 0.000015 (1) 
Residue: TYR 145  0.998843 (1) 0.001157 (0) 
Residue: HIP 149  0.001158 (2) 0.892251 (1) 0.106591 (1) 
Residue: HIP 154  0.000083 (2) 0.880444 (1) 0.119473 (1) 
Residue: GL4 157  0.999936 (0) 0.000030 (1) 0.000009 (1) 0.000025 (1) 0.000000 (1) 
Residue: TYR 160  0.999688 (1) 0.000312 (0) 
Residue: GL4 165  0.999831 (0) 0.000063 (1) 0.000030 (1) 0.000053 (1) 0.000023 (1) 
Residue: TYR 170  0.997475 (1) 0.002525 (0) 
Residue: TYR 183  0.928242 (1) 0.071758 (0) 
Residue: GL4 186  0.999961 (0) 0.000006 (1) 0.000015 (1) 0.000012 (1) 0.000007 (1) 
Residue: TYR 188  0.951600 (1) 0.048400 (0) 
Residue: HIP 192  0.000036 (2) 0.626804 (1) 0.373160 (1) 
Residue: HIP 197  0.000141 (2) 0.891960 (1) 0.107899 (1) 
Residue: GL4 200  0.999977 (0) 0.000011 (1) 0.000008 (1) 0.000003 (1) 0.000000 (1) 
Residue: TYR 203  0.973603 (1) 0.026397 (0) 
Residue: GL4 208  0.999938 (0) 0.000003 (1) 0.000020 (1) 0.000001 (1) 0.000038 (1) 
Residue: TYR 213  0.940980 (1) 0.059020 (0) 
Residue: TYR 226  0.998392 (1) 0.001608 (0) 
Residue: GL4 229  0.999966 (0) 0.000007 (1) 0.000000 (1) 0.000028 (1) 0.000000 (1) 
Residue: TYR 231  0.982194 (1) 0.017806 (0) 
Residue: HIP 235  0.000230 (2) 0.951875 (1) 0.047895 (1) 
Residue: HIP 240  0.000123 (2) 0.890420 (1) 0.109457 (1) 
Residue: GL4 243  0.999992 (0) 0.000008 (1) 0.000001 (1) 0.000000 (1) 0.000000 (1) 
Residue: TYR 246  0.999217 (1) 0.000783 (0) 
Residue: GL4 251  0.999844 (0) 0.000028 (1) 0.000045 (1) 0.000018 (1) 0.000066 (1) 
Residue: TYR 256  0.993318 (1) 0.006682 (0) 
