   Residue Number     State  0     State  1     State  2     State  3     State  4 
-----------------------------------------------------------------------------------
Residue: TYR 11   0.918979 (1) 0.081021 (0) 
Residue: GL4 14   0.999977 (0) 0.000000 (1) 0.000000 (1) 0.000023 (1) 0.000000 (1) 
Residue: TYR 16   0.908322 (1) 0.091678 (0) 
Residue: HIP 20   0.000099 (2) 0.998798 (1) 0.001103 (1) 
Residue: HIP 25   0.000011 (2) 0.913867 (1) 0.086122 (1) 
Residue: GL4 28   1.000000 (0) 0.000000 (1) 0.000000 (1) 0.000000 (1) 0.000000 (1) 
Residue: TYR 31   0.998474 (1) 0.001526 (0) 
Residue: GL4 36   1.000000 (0) 0.000000 (1) 0.000000 (1) 0.000000 (1) 0.000000 (1) 
Residue: TYR 41   0.952568 (1) 0.047432 (0) 
Residue: TYR 54   0.263490 (1) 0.736510 (0) 
Residue: GL4 57   0.999998 (0) 0.000002 (1) 0.000000 (1) 0.000000 (1) 0.000000 (1) 
Residue: TYR 59   0.489995 (1) 0.510005 (0) 
Residue: HIP 63   0.000117 (2) 0.981612 (1) 0.018272 (1) 
Residue: HIP 68   0.000027 (2) 0.931999 (1) 0.067974 (1) 
Residue: GL4 71   0.999993 (0) 0.000002 (1) 0.000000 (1) 0.000005 (1) 0.000000 (1) 
Residue: TYR 74   0.877105 (1) 0.122895 (0) 
Residue: GL4 79   1.000000 (0) 0.000000 (1) 0.000000 (1) 0.000000 (1) 0.000000 (1) 
Residue: TYR 84   0.165022 (1) 0.834978 (0) 
Residue: TYR 97   0.991011 (1) 0.008989 (0) 
Residue: GL4 100  0.999935 (0) 0.000033 (1) 0.000010 (1) 0.000007 (1) 0.000015 (1) 
Residue: TYR 102  0.968204 (1) 0.031796 (0) 
Residue: HIP 106  0.000039 (2) 0.939286 (1) 0.060675 (1) 
Residue: HIP 111  0.000012 (2) 0.867980 (1) 0.132008 (1) 
Residue: GL4 114  1.000000 (0) 0.000000 (1) 0.000000 (1) 0.000000 (1) 0.000000 (1) 
Residue: TYR 117  0.997062 (1) 0.002938 (0) 
Residue: GL4 122  1.000000 (0) 0.000000 (1) 0.000000 (1) 0.000000 (1) 0.000000 (1) 
Residue: TYR 127  0.976647 (1) 0.023353 (0) 
Residue: TYR 140  0.992587 (1) 0.007413 (0) 
Residue: GL4 143  0.999991 (0) 0.000007 (1) 0.000000 (1) 0.000003 (1) 0.000000 (1) 
Residue: TYR 145  0.992029 (1) 0.007971 (0) 
Residue: HIP 149  0.000149 (2) 0.899835 (1) 0.100016 (1) 
Residue: HIP 154  0.000004 (2) 0.862746 (1) 0.137250 (1) 
Residue: GL4 157  0.999990 (0) 0.000000 (1) 0.000010 (1) 0.000000 (1) 0.000000 (1) 
Residue: TYR 160  0.997682 (1) 0.002318 (0) 
Residue: GL4 165  0.999988 (0) 0.000001 (1) 0.000010 (1) 0.000001 (1) 0.000000 (1) 
Residue: TYR 170  0.980751 (1) 0.019249 (0) 
Residue: TYR 183  0.523655 (1) 0.476345 (0) 
Residue: GL4 186  1.000000 (0) 0.000000 (1) 0.000000 (1) 0.000000 (1) 0.000000 (1) 
Residue: TYR 188  0.673111 (1) 0.326889 (0) 
Residue: HIP 192  0.000007 (2) 0.611313 (1) 0.388680 (1) 
Residue: HIP 197  0.000017 (2) 0.886271 (1) 0.113713 (1) 
Residue: GL4 200  1.000000 (0) 0.000000 (1) 0.000000 (1) 0.000000 (1) 0.000000 (1) 
Residue: TYR 203  0.627938 (1) 0.372062 (0) 
Residue: GL4 208  1.000000 (0) 0.000000 (1) 0.000000 (1) 0.000000 (1) 0.000000 (1) 
Residue: TYR 213  0.571528 (1) 0.428472 (0) 
Residue: TYR 226  0.989062 (1) 0.010938 (0) 
Residue: GL4 229  1.000000 (0) 0.000000 (1) 0.000000 (1) 0.000000 (1) 0.000000 (1) 
Residue: TYR 231  0.886797 (1) 0.113203 (0) 
Residue: HIP 235  0.000029 (2) 0.955107 (1) 0.044864 (1) 
Residue: HIP 240  0.000009 (2) 0.901512 (1) 0.098478 (1) 
Residue: GL4 243  0.999987 (0) 0.000004 (1) 0.000009 (1) 0.000000 (1) 0.000000 (1) 
Residue: TYR 246  0.988227 (1) 0.011773 (0) 
Residue: GL4 251  0.999973 (0) 0.000003 (1) 0.000000 (1) 0.000004 (1) 0.000020 (1) 
Residue: TYR 256  0.957183 (1) 0.042817 (0) 
