   Residue Number     State  0     State  1     State  2     State  3     State  4 
-----------------------------------------------------------------------------------
Residue: TYR 11   0.716264 (1) 0.283736 (0) 
Residue: GL4 14   0.999998 (0) 0.000001 (1) 0.000000 (1) 0.000001 (1) 0.000000 (1) 
Residue: TYR 16   0.802024 (1) 0.197976 (0) 
Residue: HIP 20   0.000037 (2) 0.998837 (1) 0.001126 (1) 
Residue: HIP 25   0.000006 (2) 0.921425 (1) 0.078569 (1) 
Residue: GL4 28   1.000000 (0) 0.000000 (1) 0.000000 (1) 0.000000 (1) 0.000000 (1) 
Residue: TYR 31   0.995774 (1) 0.004226 (0) 
Residue: GL4 36   1.000000 (0) 0.000000 (1) 0.000000 (1) 0.000000 (1) 0.000000 (1) 
Residue: TYR 41   0.862081 (1) 0.137919 (0) 
Residue: TYR 54   0.069847 (1) 0.930153 (0) 
Residue: GL4 57   1.000000 (0) 0.000000 (1) 0.000000 (1) 0.000000 (1) 0.000000 (1) 
Residue: TYR 59   0.263281 (1) 0.736719 (0) 
Residue: HIP 63   0.000048 (2) 0.981494 (1) 0.018458 (1) 
Residue: HIP 68   0.000002 (2) 0.933520 (1) 0.066478 (1) 
Residue: GL4 71   1.000000 (0) 0.000000 (1) 0.000000 (1) 0.000000 (1) 0.000000 (1) 
Residue: TYR 74   0.672983 (1) 0.327017 (0) 
Residue: GL4 79   0.999999 (0) 0.000001 (1) 0.000000 (1) 0.000000 (1) 0.000000 (1) 
Residue: TYR 84   0.046511 (1) 0.953489 (0) 
Residue: TYR 97   0.965665 (1) 0.034335 (0) 
Residue: GL4 100  0.999987 (0) 0.000006 (1) 0.000000 (1) 0.000007 (1) 0.000000 (1) 
Residue: TYR 102  0.933336 (1) 0.066664 (0) 
Residue: HIP 106  0.000016 (2) 0.940542 (1) 0.059442 (1) 
Residue: HIP 111  0.000006 (2) 0.872152 (1) 0.127843 (1) 
Residue: GL4 114  1.000000 (0) 0.000000 (1) 0.000000 (1) 0.000000 (1) 0.000000 (1) 
Residue: TYR 117  0.991657 (1) 0.008343 (0) 
Residue: GL4 122  1.000000 (0) 0.000000 (1) 0.000000 (1) 0.000000 (1) 0.000000 (1) 
Residue: TYR 127  0.948316 (1) 0.051684 (0) 
Residue: TYR 140  0.970439 (1) 0.029561 (0) 
Residue: GL4 143  0.999994 (0) 0.000006 (1) 0.000000 (1) 0.000000 (1) 0.000000 (1) 
Residue: TYR 145  0.983516 (1) 0.016484 (0) 
Residue: HIP 149  0.000078 (2) 0.905267 (1) 0.094656 (1) 
Residue: HIP 154  0.000004 (2) 0.847386 (1) 0.152610 (1) 
Residue: GL4 157  1.000000 (0) 0.000000 (1) 0.000000 (1) 0.000000 (1) 0.000000 (1) 
Residue: TYR 160  0.994113 (1) 0.005887 (0) 
Residue: GL4 165  1.000000 (0) 0.000000 (1) 0.000000 (1) 0.000000 (1) 0.000000 (1) 
Residue: TYR 170  0.938477 (1) 0.061523 (0) 
Residue: TYR 183  0.246206 (1) 0.753794 (0) 
Residue: GL4 186  1.000000 (0) 0.000000 (1) 0.000000 (1) 0.000000 (1) 0.000000 (1) 
Residue: TYR 188  0.444338 (1) 0.555662 (0) 
Residue: HIP 192  0.000001 (2) 0.614629 (1) 0.385370 (1) 
Residue: HIP 197  0.000008 (2) 0.876827 (1) 0.123166 (1) 
Residue: GL4 200  1.000000 (0) 0.000000 (1) 0.000000 (1) 0.000000 (1) 0.000000 (1) 
Residue: TYR 203  0.260874 (1) 0.739126 (0) 
Residue: GL4 208  1.000000 (0) 0.000000 (1) 0.000000 (1) 0.000000 (1) 0.000000 (1) 
Residue: TYR 213  0.289324 (1) 0.710676 (0) 
Residue: TYR 226  0.977139 (1) 0.022861 (0) 
Residue: GL4 229  0.999992 (0) 0.000006 (1) 0.000000 (1) 0.000002 (1) 0.000000 (1) 
Residue: TYR 231  0.811488 (1) 0.188512 (0) 
Residue: HIP 235  0.000009 (2) 0.957834 (1) 0.042157 (1) 
Residue: HIP 240  0.000008 (2) 0.907022 (1) 0.092969 (1) 
Residue: GL4 243  1.000000 (0) 0.000000 (1) 0.000000 (1) 0.000000 (1) 0.000000 (1) 
Residue: TYR 246  0.956282 (1) 0.043718 (0) 
Residue: GL4 251  1.000000 (0) 0.000000 (1) 0.000000 (1) 0.000000 (1) 0.000000 (1) 
Residue: TYR 256  0.923681 (1) 0.076319 (0) 
