   Residue Number     State  0     State  1     State  2     State  3     State  4 
-----------------------------------------------------------------------------------
Residue: TYR 11   0.189019 (1) 0.810981 (0) 
Residue: GL4 14   1.000000 (0) 0.000000 (1) 0.000000 (1) 0.000000 (1) 0.000000 (1) 
Residue: TYR 16   0.328100 (1) 0.671900 (0) 
Residue: HIP 20   0.000008 (2) 0.998986 (1) 0.001006 (1) 
Residue: HIP 25   0.000000 (2) 0.907450 (1) 0.092550 (1) 
Residue: GL4 28   1.000000 (0) 0.000000 (1) 0.000000 (1) 0.000000 (1) 0.000000 (1) 
Residue: TYR 31   0.984887 (1) 0.015113 (0) 
Residue: GL4 36   1.000000 (0) 0.000000 (1) 0.000000 (1) 0.000000 (1) 0.000000 (1) 
Residue: TYR 41   0.426734 (1) 0.573266 (0) 
Residue: TYR 54   0.004415 (1) 0.995585 (0) 
Residue: GL4 57   1.000000 (0) 0.000000 (1) 0.000000 (1) 0.000000 (1) 0.000000 (1) 
Residue: TYR 59   0.049343 (1) 0.950657 (0) 
Residue: HIP 63   0.000008 (2) 0.981517 (1) 0.018474 (1) 
Residue: HIP 68   0.000000 (2) 0.939647 (1) 0.060353 (1) 
Residue: GL4 71   1.000000 (0) 0.000000 (1) 0.000000 (1) 0.000000 (1) 0.000000 (1) 
Residue: TYR 74   0.163112 (1) 0.836888 (0) 
Residue: GL4 79   1.000000 (0) 0.000000 (1) 0.000000 (1) 0.000000 (1) 0.000000 (1) 
Residue: TYR 84   0.005545 (1) 0.994455 (0) 
Residue: TYR 97   0.692287 (1) 0.307713 (0) 
Residue: GL4 100  1.000000 (0) 0.000000 (1) 0.000000 (1) 0.000000 (1) 0.000000 (1) 
Residue: TYR 102  0.779317 (1) 0.220683 (0) 
Residue: HIP 106  0.000001 (2) 0.934654 (1) 0.065345 (1) 
Residue: HIP 111  0.000001 (2) 0.887632 (1) 0.112368 (1) 
Residue: GL4 114  1.000000 (0) 0.000000 (1) 0.000000 (1) 0.000000 (1) 0.000000 (1) 
Residue: TYR 117  0.948241 (1) 0.051759 (0) 
Residue: GL4 122  1.000000 (0) 0.000000 (1) 0.000000 (1) 0.000000 (1) 0.000000 (1) 
Residue: TYR 127  0.677481 (1) 0.322519 (0) 
Residue: TYR 140  0.756135 (1) 0.243865 (0) 
Residue: GL4 143  1.000000 (0) 0.000000 (1) 0.000000 (1) 0.000000 (1) 0.000000 (1) 
Residue: TYR 145  0.956502 (1) 0.043498 (0) 
Residue: HIP 149  0.000013 (2) 0.902564 (1) 0.097423 (1) 
Residue: HIP 154  0.000001 (2) 0.897378 (1) 0.102621 (1) 
Residue: GL4 157  1.000000 (0) 0.000000 (1) 0.000000 (1) 0.000000 (1) 0.000000 (1) 
Residue: TYR 160  0.960685 (1) 0.039315 (0) 
Residue: GL4 165  1.000000 (0) 0.000000 (1) 0.000000 (1) 0.000000 (1) 0.000000 (1) 
Residue: TYR 170  0.816553 (1) 0.183447 (0) 
Residue: TYR 183  0.040111 (1) 0.959889 (0) 
Residue: GL4 186  0.999998 (0) 0.000000 (1) 0.000000 (1) 0.000002 (1) 0.000000 (1) 
Residue: TYR 188  0.143283 (1) 0.856717 (0) 
Residue: HIP 192  0.000000 (2) 0.596891 (1) 0.403109 (1) 
Residue: HIP 197  0.000001 (2) 0.897789 (1) 0.102210 (1) 
Residue: GL4 200  1.000000 (0) 0.000000 (1) 0.000000 (1) 0.000000 (1) 0.000000 (1) 
Residue: TYR 203  0.021868 (1) 0.978132 (0) 
Residue: GL4 208  1.000000 (0) 0.000000 (1) 0.000000 (1) 0.000000 (1) 0.000000 (1) 
Residue: TYR 213  0.054148 (1) 0.945852 (0) 
Residue: TYR 226  0.848745 (1) 0.151255 (0) 
Residue: GL4 229  0.999998 (0) 0.000002 (1) 0.000000 (1) 0.000000 (1) 0.000000 (1) 
Residue: TYR 231  0.657260 (1) 0.342740 (0) 
Residue: HIP 235  0.000007 (2) 0.953351 (1) 0.046643 (1) 
Residue: HIP 240  0.000000 (2) 0.932976 (1) 0.067024 (1) 
Residue: GL4 243  1.000000 (0) 0.000000 (1) 0.000000 (1) 0.000000 (1) 0.000000 (1) 
Residue: TYR 246  0.662559 (1) 0.337441 (0) 
Residue: GL4 251  1.000000 (0) 0.000000 (1) 0.000000 (1) 0.000000 (1) 0.000000 (1) 
Residue: TYR 256  0.807446 (1) 0.192554 (0) 
