   Residue Number     State  0     State  1     State  2     State  3     State  4 
-----------------------------------------------------------------------------------
Residue: TYR 11   0.413881 (1) 0.586119 (0) 
Residue: GL4 14   1.000000 (0) 0.000000 (1) 0.000000 (1) 0.000000 (1) 0.000000 (1) 
Residue: TYR 16   0.602727 (1) 0.397273 (0) 
Residue: HIP 20   0.000014 (2) 0.998822 (1) 0.001164 (1) 
Residue: HIP 25   0.000000 (2) 0.917976 (1) 0.082024 (1) 
Residue: GL4 28   1.000000 (0) 0.000000 (1) 0.000000 (1) 0.000000 (1) 0.000000 (1) 
Residue: TYR 31   0.990887 (1) 0.009113 (0) 
Residue: GL4 36   1.000000 (0) 0.000000 (1) 0.000000 (1) 0.000000 (1) 0.000000 (1) 
Residue: TYR 41   0.679504 (1) 0.320496 (0) 
Residue: TYR 54   0.017878 (1) 0.982122 (0) 
Residue: GL4 57   1.000000 (0) 0.000000 (1) 0.000000 (1) 0.000000 (1) 0.000000 (1) 
Residue: TYR 59   0.122424 (1) 0.877576 (0) 
Residue: HIP 63   0.000035 (2) 0.981279 (1) 0.018686 (1) 
Residue: HIP 68   0.000003 (2) 0.932870 (1) 0.067128 (1) 
Residue: GL4 71   1.000000 (0) 0.000000 (1) 0.000000 (1) 0.000000 (1) 0.000000 (1) 
Residue: TYR 74   0.375788 (1) 0.624212 (0) 
Residue: GL4 79   1.000000 (0) 0.000000 (1) 0.000000 (1) 0.000000 (1) 0.000000 (1) 
Residue: TYR 84   0.014966 (1) 0.985034 (0) 
Residue: TYR 97   0.891504 (1) 0.108496 (0) 
Residue: GL4 100  0.999995 (0) 0.000003 (1) 0.000000 (1) 0.000003 (1) 0.000000 (1) 
Residue: TYR 102  0.868249 (1) 0.131751 (0) 
Residue: HIP 106  0.000004 (2) 0.936991 (1) 0.063005 (1) 
Residue: HIP 111  0.000003 (2) 0.855059 (1) 0.144938 (1) 
Residue: GL4 114  1.000000 (0) 0.000000 (1) 0.000000 (1) 0.000000 (1) 0.000000 (1) 
Residue: TYR 117  0.978027 (1) 0.021973 (0) 
Residue: GL4 122  1.000000 (0) 0.000000 (1) 0.000000 (1) 0.000000 (1) 0.000000 (1) 
Residue: TYR 127  0.870024 (1) 0.129976 (0) 
Residue: TYR 140  0.902507 (1) 0.097493 (0) 
Residue: GL4 143  0.999999 (0) 0.000000 (1) 0.000000 (1) 0.000001 (1) 0.000000 (1) 
Residue: TYR 145  0.967787 (1) 0.032213 (0) 
Residue: HIP 149  0.000027 (2) 0.905767 (1) 0.094206 (1) 
Residue: HIP 154  0.000003 (2) 0.875852 (1) 0.124145 (1) 
Residue: GL4 157  1.000000 (0) 0.000000 (1) 0.000000 (1) 0.000000 (1) 0.000000 (1) 
Residue: TYR 160  0.983409 (1) 0.016591 (0) 
Residue: GL4 165  1.000000 (0) 0.000000 (1) 0.000000 (1) 0.000000 (1) 0.000000 (1) 
Residue: TYR 170  0.856586 (1) 0.143414 (0) 
Residue: TYR 183  0.098417 (1) 0.901583 (0) 
Residue: GL4 186  1.000000 (0) 0.000000 (1) 0.000000 (1) 0.000000 (1) 0.000000 (1) 
Residue: TYR 188  0.261966 (1) 0.738034 (0) 
Residue: HIP 192  0.000000 (2) 0.610841 (1) 0.389159 (1) 
Residue: HIP 197  0.000004 (2) 0.883673 (1) 0.116323 (1) 
Residue: GL4 200  1.000000 (0) 0.000000 (1) 0.000000 (1) 0.000000 (1) 0.000000 (1) 
Residue: TYR 203  0.074064 (1) 0.925936 (0) 
Residue: GL4 208  1.000000 (0) 0.000000 (1) 0.000000 (1) 0.000000 (1) 0.000000 (1) 
Residue: TYR 213  0.132046 (1) 0.867954 (0) 
Residue: TYR 226  0.946872 (1) 0.053128 (0) 
Residue: GL4 229  0.999996 (0) 0.000004 (1) 0.000000 (1) 0.000000 (1) 0.000000 (1) 
Residue: TYR 231  0.748098 (1) 0.251902 (0) 
Residue: HIP 235  0.000006 (2) 0.957535 (1) 0.042459 (1) 
Residue: HIP 240  0.000003 (2) 0.923324 (1) 0.076673 (1) 
Residue: GL4 243  1.000000 (0) 0.000000 (1) 0.000000 (1) 0.000000 (1) 0.000000 (1) 
Residue: TYR 246  0.864203 (1) 0.135797 (0) 
Residue: GL4 251  1.000000 (0) 0.000000 (1) 0.000000 (1) 0.000000 (1) 0.000000 (1) 
Residue: TYR 256  0.871455 (1) 0.128545 (0) 
