   Residue Number     State  0     State  1     State  2     State  3     State  4 
-----------------------------------------------------------------------------------
Residue: TYR 11   1.000000 (1) 0.000000 (0) 
Residue: GL4 14   0.047039 (0) 0.348084 (1) 0.130218 (1) 0.344914 (1) 0.129745 (1) 
Residue: TYR 16   1.000000 (1) 0.000000 (0) 
Residue: HIP 20   0.999702 (2) 0.000293 (1) 0.000005 (1) 
Residue: HIP 25   0.998916 (2) 0.000902 (1) 0.000183 (1) 
Residue: GL4 28   0.204733 (0) 0.216008 (1) 0.143746 (1) 0.296319 (1) 0.139195 (1) 
Residue: TYR 31   1.000000 (1) 0.000000 (0) 
Residue: GL4 36   0.188093 (0) 0.374397 (1) 0.028271 (1) 0.379704 (1) 0.029534 (1) 
Residue: TYR 41   1.000000 (1) 0.000000 (0) 
Residue: TYR 54   1.000000 (1) 0.000000 (0) 
Residue: GL4 57   0.004198 (0) 0.448540 (1) 0.052405 (1) 0.446635 (1) 0.048223 (1) 
Residue: TYR 59   1.000000 (1) 0.000000 (0) 
Residue: HIP 63   0.999945 (2) 0.000051 (1) 0.000004 (1) 
Residue: HIP 68   0.999720 (2) 0.000223 (1) 0.000058 (1) 
Residue: GL4 71   0.010841 (0) 0.403730 (1) 0.090168 (1) 0.400734 (1) 0.094528 (1) 
Residue: TYR 74   1.000000 (1) 0.000000 (0) 
Residue: GL4 79   0.005333 (0) 0.375764 (1) 0.127582 (1) 0.374249 (1) 0.117072 (1) 
Residue: TYR 84   1.000000 (1) 0.000000 (0) 
Residue: TYR 97   1.000000 (1) 0.000000 (0) 
Residue: GL4 100  0.049718 (0) 0.439869 (1) 0.037348 (1) 0.434750 (1) 0.038315 (1) 
Residue: TYR 102  1.000000 (1) 0.000000 (0) 
Residue: HIP 106  0.999641 (2) 0.000313 (1) 0.000046 (1) 
Residue: HIP 111  0.998030 (2) 0.001376 (1) 0.000594 (1) 
Residue: GL4 114  0.621054 (0) 0.155825 (1) 0.039948 (1) 0.132735 (1) 0.050438 (1) 
Residue: TYR 117  0.999999 (1) 0.000001 (0) 
Residue: GL4 122  0.064845 (0) 0.398489 (1) 0.076740 (1) 0.389689 (1) 0.070236 (1) 
Residue: TYR 127  1.000000 (1) 0.000000 (0) 
Residue: TYR 140  1.000000 (1) 0.000000 (0) 
Residue: GL4 143  0.178910 (0) 0.383731 (1) 0.030174 (1) 0.377836 (1) 0.029348 (1) 
Residue: TYR 145  1.000000 (1) 0.000000 (0) 
Residue: HIP 149  0.999212 (2) 0.000483 (1) 0.000304 (1) 
Residue: HIP 154  0.997051 (2) 0.002323 (1) 0.000627 (1) 
Residue: GL4 157  0.416711 (0) 0.242594 (1) 0.046569 (1) 0.244861 (1) 0.049265 (1) 
Residue: TYR 160  1.000000 (1) 0.000000 (0) 
Residue: GL4 165  0.043407 (0) 0.409467 (1) 0.033857 (1) 0.480740 (1) 0.032530 (1) 
Residue: TYR 170  1.000000 (1) 0.000000 (0) 
Residue: TYR 183  1.000000 (1) 0.000000 (0) 
Residue: GL4 186  0.005079 (0) 0.430986 (1) 0.061082 (1) 0.438445 (1) 0.064408 (1) 
Residue: TYR 188  1.000000 (1) 0.000000 (0) 
Residue: HIP 192  0.999768 (2) 0.000144 (1) 0.000088 (1) 
Residue: HIP 197  0.999864 (2) 0.000114 (1) 0.000022 (1) 
Residue: GL4 200  0.010870 (0) 0.187578 (1) 0.339484 (1) 0.170141 (1) 0.291927 (1) 
Residue: TYR 203  1.000000 (1) 0.000000 (0) 
Residue: GL4 208  0.001313 (0) 0.349104 (1) 0.152023 (1) 0.345444 (1) 0.152116 (1) 
Residue: TYR 213  1.000000 (1) 0.000000 (0) 
Residue: TYR 226  0.999999 (1) 0.000001 (0) 
Residue: GL4 229  0.029183 (0) 0.442168 (1) 0.038429 (1) 0.452306 (1) 0.037913 (1) 
Residue: TYR 231  1.000000 (1) 0.000000 (0) 
Residue: HIP 235  0.999357 (2) 0.000512 (1) 0.000132 (1) 
Residue: HIP 240  0.998449 (2) 0.001286 (1) 0.000265 (1) 
Residue: GL4 243  0.337589 (0) 0.337407 (1) 0.054140 (1) 0.249689 (1) 0.021175 (1) 
Residue: TYR 246  1.000000 (1) 0.000000 (0) 
Residue: GL4 251  0.014773 (0) 0.329101 (1) 0.162393 (1) 0.330919 (1) 0.162814 (1) 
Residue: TYR 256  1.000000 (1) 0.000000 (0) 
