   Residue Number     State  0     State  1     State  2     State  3     State  4 
-----------------------------------------------------------------------------------
Residue: TYR 11   1.000000 (1) 0.000000 (0) 
Residue: GL4 14   0.096687 (0) 0.283719 (1) 0.168243 (1) 0.280587 (1) 0.170764 (1) 
Residue: TYR 16   1.000000 (1) 0.000000 (0) 
Residue: HIP 20   0.998922 (2) 0.000996 (1) 0.000083 (1) 
Residue: HIP 25   0.996447 (2) 0.002915 (1) 0.000638 (1) 
Residue: GL4 28   0.308216 (0) 0.159794 (1) 0.157129 (1) 0.204229 (1) 0.170631 (1) 
Residue: TYR 31   1.000000 (1) 0.000000 (0) 
Residue: GL4 36   0.360852 (0) 0.285752 (1) 0.030710 (1) 0.289745 (1) 0.032941 (1) 
Residue: TYR 41   1.000000 (1) 0.000000 (0) 
Residue: TYR 54   1.000000 (1) 0.000000 (0) 
Residue: GL4 57   0.009688 (0) 0.427567 (1) 0.069853 (1) 0.427475 (1) 0.065418 (1) 
Residue: TYR 59   1.000000 (1) 0.000000 (0) 
Residue: HIP 63   0.999762 (2) 0.000225 (1) 0.000013 (1) 
Residue: HIP 68   0.999065 (2) 0.000736 (1) 0.000199 (1) 
Residue: GL4 71   0.020968 (0) 0.363282 (1) 0.122080 (1) 0.362487 (1) 0.131183 (1) 
Residue: TYR 74   0.999999 (1) 0.000001 (0) 
Residue: GL4 79   0.010993 (0) 0.304467 (1) 0.199083 (1) 0.301851 (1) 0.183605 (1) 
Residue: TYR 84   1.000000 (1) 0.000000 (0) 
Residue: TYR 97   1.000000 (1) 0.000000 (0) 
Residue: GL4 100  0.086037 (0) 0.411756 (1) 0.050438 (1) 0.403820 (1) 0.047949 (1) 
Residue: TYR 102  1.000000 (1) 0.000000 (0) 
Residue: HIP 106  0.998886 (2) 0.000985 (1) 0.000129 (1) 
Residue: HIP 111  0.994311 (2) 0.004175 (1) 0.001514 (1) 
Residue: GL4 114  0.565549 (0) 0.189332 (1) 0.033062 (1) 0.173755 (1) 0.038303 (1) 
Residue: TYR 117  1.000000 (1) 0.000000 (0) 
Residue: GL4 122  0.151093 (0) 0.364753 (1) 0.064383 (1) 0.358314 (1) 0.061456 (1) 
Residue: TYR 127  1.000000 (1) 0.000000 (0) 
Residue: TYR 140  1.000000 (1) 0.000000 (0) 
Residue: GL4 143  0.298449 (0) 0.316584 (1) 0.039813 (1) 0.308960 (1) 0.036193 (1) 
Residue: TYR 145  1.000000 (1) 0.000000 (0) 
Residue: HIP 149  0.997657 (2) 0.001477 (1) 0.000866 (1) 
Residue: HIP 154  0.991462 (2) 0.006546 (1) 0.001993 (1) 
Residue: GL4 157  0.490384 (0) 0.218174 (1) 0.034032 (1) 0.219584 (1) 0.037826 (1) 
Residue: TYR 160  1.000000 (1) 0.000000 (0) 
Residue: GL4 165  0.081111 (0) 0.372299 (1) 0.035393 (1) 0.477518 (1) 0.033679 (1) 
Residue: TYR 170  1.000000 (1) 0.000000 (0) 
Residue: TYR 183  1.000000 (1) 0.000000 (0) 
Residue: GL4 186  0.011308 (0) 0.425096 (1) 0.062221 (1) 0.437019 (1) 0.064356 (1) 
Residue: TYR 188  1.000000 (1) 0.000000 (0) 
Residue: HIP 192  0.999253 (2) 0.000466 (1) 0.000281 (1) 
Residue: HIP 197  0.999598 (2) 0.000347 (1) 0.000055 (1) 
Residue: GL4 200  0.019441 (0) 0.194310 (1) 0.317027 (1) 0.177784 (1) 0.291438 (1) 
Residue: TYR 203  1.000000 (1) 0.000000 (0) 
Residue: GL4 208  0.003780 (0) 0.344372 (1) 0.154558 (1) 0.340722 (1) 0.156568 (1) 
Residue: TYR 213  1.000000 (1) 0.000000 (0) 
Residue: TYR 226  1.000000 (1) 0.000000 (0) 
Residue: GL4 229  0.060258 (0) 0.425749 (1) 0.036269 (1) 0.440890 (1) 0.036833 (1) 
Residue: TYR 231  1.000000 (1) 0.000000 (0) 
Residue: HIP 235  0.998534 (2) 0.001102 (1) 0.000364 (1) 
Residue: HIP 240  0.995571 (2) 0.003615 (1) 0.000814 (1) 
Residue: GL4 243  0.472380 (0) 0.260288 (1) 0.063283 (1) 0.178098 (1) 0.025953 (1) 
Residue: TYR 246  0.999999 (1) 0.000001 (0) 
Residue: GL4 251  0.038168 (0) 0.310202 (1) 0.170671 (1) 0.311424 (1) 0.169536 (1) 
Residue: TYR 256  1.000000 (1) 0.000000 (0) 
