   Residue Number     State  0     State  1     State  2     State  3     State  4 
-----------------------------------------------------------------------------------
Residue: TYR 11   1.000000 (1) 0.000000 (0) 
Residue: GL4 14   0.265369 (0) 0.143263 (1) 0.226374 (1) 0.142442 (1) 0.222554 (1) 
Residue: TYR 16   1.000000 (1) 0.000000 (0) 
Residue: HIP 20   0.990467 (2) 0.008436 (1) 0.001098 (1) 
Residue: HIP 25   0.967527 (2) 0.026371 (1) 0.006103 (1) 
Residue: GL4 28   0.537773 (0) 0.092024 (1) 0.132429 (1) 0.112929 (1) 0.124844 (1) 
Residue: TYR 31   1.000000 (1) 0.000000 (0) 
Residue: GL4 36   0.708259 (0) 0.115551 (1) 0.027448 (1) 0.117230 (1) 0.031513 (1) 
Residue: TYR 41   1.000000 (1) 0.000000 (0) 
Residue: TYR 54   1.000000 (1) 0.000000 (0) 
Residue: GL4 57   0.043673 (0) 0.342374 (1) 0.133943 (1) 0.348827 (1) 0.131183 (1) 
Residue: TYR 59   1.000000 (1) 0.000000 (0) 
Residue: HIP 63   0.997764 (2) 0.002103 (1) 0.000133 (1) 
Residue: HIP 68   0.991672 (2) 0.006582 (1) 0.001746 (1) 
Residue: GL4 71   0.069101 (0) 0.275469 (1) 0.172812 (1) 0.279963 (1) 0.202655 (1) 
Residue: TYR 74   1.000000 (1) 0.000000 (0) 
Residue: GL4 79   0.032333 (0) 0.154423 (1) 0.339201 (1) 0.152276 (1) 0.321767 (1) 
Residue: TYR 84   1.000000 (1) 0.000000 (0) 
Residue: TYR 97   1.000000 (1) 0.000000 (0) 
Residue: GL4 100  0.174843 (0) 0.317195 (1) 0.099955 (1) 0.311534 (1) 0.096472 (1) 
Residue: TYR 102  1.000000 (1) 0.000000 (0) 
Residue: HIP 106  0.989747 (2) 0.009156 (1) 0.001097 (1) 
Residue: HIP 111  0.949327 (2) 0.036345 (1) 0.014328 (1) 
Residue: GL4 114  0.567950 (0) 0.177657 (1) 0.033253 (1) 0.189064 (1) 0.032076 (1) 
Residue: TYR 117  1.000000 (1) 0.000000 (0) 
Residue: GL4 122  0.448611 (0) 0.234173 (1) 0.047163 (1) 0.229376 (1) 0.040677 (1) 
Residue: TYR 127  1.000000 (1) 0.000000 (0) 
Residue: TYR 140  0.999999 (1) 0.000001 (0) 
Residue: GL4 143  0.487677 (0) 0.205058 (1) 0.051442 (1) 0.206204 (1) 0.049619 (1) 
Residue: TYR 145  1.000000 (1) 0.000000 (0) 
Residue: HIP 149  0.979601 (2) 0.013836 (1) 0.006563 (1) 
Residue: HIP 154  0.926102 (2) 0.053584 (1) 0.020314 (1) 
Residue: GL4 157  0.505452 (0) 0.226012 (1) 0.023778 (1) 0.217500 (1) 0.027258 (1) 
Residue: TYR 160  1.000000 (1) 0.000000 (0) 
Residue: GL4 165  0.110047 (0) 0.328060 (1) 0.035103 (1) 0.493120 (1) 0.033671 (1) 
Residue: TYR 170  1.000000 (1) 0.000000 (0) 
Residue: TYR 183  1.000000 (1) 0.000000 (0) 
Residue: GL4 186  0.049113 (0) 0.403920 (1) 0.069311 (1) 0.406455 (1) 0.071201 (1) 
Residue: TYR 188  1.000000 (1) 0.000000 (0) 
Residue: HIP 192  0.994190 (2) 0.003769 (1) 0.002041 (1) 
Residue: HIP 197  0.996415 (2) 0.002848 (1) 0.000738 (1) 
Residue: GL4 200  0.052520 (0) 0.168635 (1) 0.292392 (1) 0.166408 (1) 0.320044 (1) 
Residue: TYR 203  1.000000 (1) 0.000000 (0) 
Residue: GL4 208  0.024302 (0) 0.290476 (1) 0.197753 (1) 0.288215 (1) 0.199254 (1) 
Residue: TYR 213  1.000000 (1) 0.000000 (0) 
Residue: TYR 226  1.000000 (1) 0.000000 (0) 
Residue: GL4 229  0.212882 (0) 0.359082 (1) 0.032482 (1) 0.364175 (1) 0.031379 (1) 
Residue: TYR 231  1.000000 (1) 0.000000 (0) 
Residue: HIP 235  0.991762 (2) 0.007274 (1) 0.000963 (1) 
Residue: HIP 240  0.965203 (2) 0.027889 (1) 0.006908 (1) 
Residue: GL4 243  0.683869 (0) 0.143372 (1) 0.056478 (1) 0.094223 (1) 0.022058 (1) 
Residue: TYR 246  0.999999 (1) 0.000001 (0) 
Residue: GL4 251  0.144178 (0) 0.196664 (1) 0.243079 (1) 0.189215 (1) 0.226863 (1) 
Residue: TYR 256  1.000000 (1) 0.000000 (0) 
