   Residue Number     State  0     State  1     State  2     State  3     State  4 
-----------------------------------------------------------------------------------
Residue: TYR 11   1.000000 (1) 0.000000 (0) 
Residue: GL4 14   0.172028 (0) 0.207211 (1) 0.208001 (1) 0.205736 (1) 0.207024 (1) 
Residue: TYR 16   1.000000 (1) 0.000000 (0) 
Residue: HIP 20   0.996539 (2) 0.003017 (1) 0.000444 (1) 
Residue: HIP 25   0.989025 (2) 0.009105 (1) 0.001870 (1) 
Residue: GL4 28   0.415978 (0) 0.123450 (1) 0.151254 (1) 0.149119 (1) 0.160198 (1) 
Residue: TYR 31   1.000000 (1) 0.000000 (0) 
Residue: GL4 36   0.550501 (0) 0.193327 (1) 0.030712 (1) 0.191206 (1) 0.034254 (1) 
Residue: TYR 41   1.000000 (1) 0.000000 (0) 
Residue: TYR 54   0.999999 (1) 0.000001 (0) 
Residue: GL4 57   0.021274 (0) 0.390669 (1) 0.097958 (1) 0.394694 (1) 0.095406 (1) 
Residue: TYR 59   1.000000 (1) 0.000000 (0) 
Residue: HIP 63   0.999253 (2) 0.000693 (1) 0.000053 (1) 
Residue: HIP 68   0.997061 (2) 0.002239 (1) 0.000700 (1) 
Residue: GL4 71   0.038768 (0) 0.321371 (1) 0.147990 (1) 0.326014 (1) 0.165856 (1) 
Residue: TYR 74   1.000000 (1) 0.000000 (0) 
Residue: GL4 79   0.020052 (0) 0.224234 (1) 0.274589 (1) 0.222091 (1) 0.259034 (1) 
Residue: TYR 84   1.000000 (1) 0.000000 (0) 
Residue: TYR 97   1.000000 (1) 0.000000 (0) 
Residue: GL4 100  0.129116 (0) 0.371200 (1) 0.069259 (1) 0.364000 (1) 0.066424 (1) 
Residue: TYR 102  1.000000 (1) 0.000000 (0) 
Residue: HIP 106  0.996672 (2) 0.002965 (1) 0.000363 (1) 
Residue: HIP 111  0.982432 (2) 0.012794 (1) 0.004774 (1) 
Residue: GL4 114  0.550792 (0) 0.191276 (1) 0.031994 (1) 0.192147 (1) 0.033791 (1) 
Residue: TYR 117  1.000000 (1) 0.000000 (0) 
Residue: GL4 122  0.285665 (0) 0.306797 (1) 0.054495 (1) 0.301312 (1) 0.051731 (1) 
Residue: TYR 127  1.000000 (1) 0.000000 (0) 
Residue: TYR 140  1.000000 (1) 0.000000 (0) 
Residue: GL4 143  0.416714 (0) 0.248531 (1) 0.046807 (1) 0.242889 (1) 0.045059 (1) 
Residue: TYR 145  1.000000 (1) 0.000000 (0) 
Residue: HIP 149  0.993054 (2) 0.004552 (1) 0.002394 (1) 
Residue: HIP 154  0.974031 (2) 0.019295 (1) 0.006674 (1) 
Residue: GL4 157  0.515242 (0) 0.213814 (1) 0.026119 (1) 0.213379 (1) 0.031446 (1) 
Residue: TYR 160  1.000000 (1) 0.000000 (0) 
Residue: GL4 165  0.108758 (0) 0.339175 (1) 0.035728 (1) 0.481951 (1) 0.034388 (1) 
Residue: TYR 170  0.999999 (1) 0.000001 (0) 
Residue: TYR 183  1.000000 (1) 0.000000 (0) 
Residue: GL4 186  0.023459 (0) 0.417709 (1) 0.065801 (1) 0.426960 (1) 0.066072 (1) 
Residue: TYR 188  1.000000 (1) 0.000000 (0) 
Residue: HIP 192  0.998111 (2) 0.001203 (1) 0.000686 (1) 
Residue: HIP 197  0.998739 (2) 0.001038 (1) 0.000223 (1) 
Residue: GL4 200  0.033278 (0) 0.185686 (1) 0.301769 (1) 0.177703 (1) 0.301564 (1) 
Residue: TYR 203  1.000000 (1) 0.000000 (0) 
Residue: GL4 208  0.009904 (0) 0.325698 (1) 0.170376 (1) 0.320377 (1) 0.173645 (1) 
Residue: TYR 213  1.000000 (1) 0.000000 (0) 
Residue: TYR 226  1.000000 (1) 0.000000 (0) 
Residue: GL4 229  0.116544 (0) 0.403144 (1) 0.035198 (1) 0.411757 (1) 0.033358 (1) 
Residue: TYR 231  1.000000 (1) 0.000000 (0) 
Residue: HIP 235  0.996674 (2) 0.002888 (1) 0.000438 (1) 
Residue: HIP 240  0.987534 (2) 0.010002 (1) 0.002464 (1) 
Residue: GL4 243  0.585871 (0) 0.194042 (1) 0.066668 (1) 0.127719 (1) 0.025699 (1) 
Residue: TYR 246  1.000000 (1) 0.000000 (0) 
Residue: GL4 251  0.080108 (0) 0.263819 (1) 0.199773 (1) 0.263021 (1) 0.193279 (1) 
Residue: TYR 256  1.000000 (1) 0.000000 (0) 
