   Residue Number     State  0     State  1     State  2     State  3     State  4 
-----------------------------------------------------------------------------------
Residue: TYR 11   1.000000 (1) 0.000000 (0) 
Residue: GL4 14   0.445115 (0) 0.067955 (1) 0.204724 (1) 0.068888 (1) 0.213318 (1) 
Residue: TYR 16   1.000000 (1) 0.000000 (0) 
Residue: HIP 20   0.936291 (2) 0.059308 (1) 0.004401 (1) 
Residue: HIP 25   0.815410 (2) 0.147302 (1) 0.037288 (1) 
Residue: GL4 28   0.728686 (0) 0.052958 (1) 0.089586 (1) 0.061283 (1) 0.067488 (1) 
Residue: TYR 31   1.000000 (1) 0.000000 (0) 
Residue: GL4 36   0.860214 (0) 0.050403 (1) 0.020073 (1) 0.047453 (1) 0.021858 (1) 
Residue: TYR 41   1.000000 (1) 0.000000 (0) 
Residue: TYR 54   1.000000 (1) 0.000000 (0) 
Residue: GL4 57   0.156646 (0) 0.218406 (1) 0.203942 (1) 0.230244 (1) 0.190763 (1) 
Residue: TYR 59   1.000000 (1) 0.000000 (0) 
Residue: HIP 63   0.981234 (2) 0.017708 (1) 0.001058 (1) 
Residue: HIP 68   0.946413 (2) 0.042595 (1) 0.010992 (1) 
Residue: GL4 71   0.187554 (0) 0.201662 (1) 0.181629 (1) 0.202820 (1) 0.226334 (1) 
Residue: TYR 74   1.000000 (1) 0.000000 (0) 
Residue: GL4 79   0.073745 (0) 0.074793 (1) 0.389649 (1) 0.074788 (1) 0.387026 (1) 
Residue: TYR 84   0.999998 (1) 0.000002 (0) 
Residue: TYR 97   1.000000 (1) 0.000000 (0) 
Residue: GL4 100  0.276046 (0) 0.199008 (1) 0.184635 (1) 0.190098 (1) 0.150213 (1) 
Residue: TYR 102  1.000000 (1) 0.000000 (0) 
Residue: HIP 106  0.925187 (2) 0.066280 (1) 0.008533 (1) 
Residue: HIP 111  0.766143 (2) 0.167293 (1) 0.066563 (1) 
Residue: GL4 114  0.627280 (0) 0.139726 (1) 0.032444 (1) 0.164029 (1) 0.036521 (1) 
Residue: TYR 117  1.000000 (1) 0.000000 (0) 
Residue: GL4 122  0.649226 (0) 0.140793 (1) 0.040288 (1) 0.136465 (1) 0.033227 (1) 
Residue: TYR 127  1.000000 (1) 0.000000 (0) 
Residue: TYR 140  1.000000 (1) 0.000000 (0) 
Residue: GL4 143  0.543680 (0) 0.173365 (1) 0.056784 (1) 0.177726 (1) 0.048445 (1) 
Residue: TYR 145  1.000000 (1) 0.000000 (0) 
Residue: HIP 149  0.874656 (2) 0.091693 (1) 0.033652 (1) 
Residue: HIP 154  0.668110 (2) 0.237353 (1) 0.094538 (1) 
Residue: GL4 157  0.482080 (0) 0.244075 (1) 0.026494 (1) 0.219822 (1) 0.027528 (1) 
Residue: TYR 160  1.000000 (1) 0.000000 (0) 
Residue: GL4 165  0.120251 (0) 0.316253 (1) 0.033357 (1) 0.497228 (1) 0.032912 (1) 
Residue: TYR 170  1.000000 (1) 0.000000 (0) 
Residue: TYR 183  0.999999 (1) 0.000001 (0) 
Residue: GL4 186  0.168667 (0) 0.339262 (1) 0.075733 (1) 0.338448 (1) 0.077890 (1) 
Residue: TYR 188  1.000000 (1) 0.000000 (0) 
Residue: HIP 192  0.949214 (2) 0.030379 (1) 0.020407 (1) 
Residue: HIP 197  0.974512 (2) 0.020321 (1) 0.005168 (1) 
Residue: GL4 200  0.095414 (0) 0.133064 (1) 0.302919 (1) 0.145044 (1) 0.323559 (1) 
Residue: TYR 203  1.000000 (1) 0.000000 (0) 
Residue: GL4 208  0.118826 (0) 0.214157 (1) 0.229067 (1) 0.213987 (1) 0.223964 (1) 
Residue: TYR 213  1.000000 (1) 0.000000 (0) 
Residue: TYR 226  1.000000 (1) 0.000000 (0) 
Residue: GL4 229  0.461000 (0) 0.235425 (1) 0.034254 (1) 0.237159 (1) 0.032162 (1) 
Residue: TYR 231  1.000000 (1) 0.000000 (0) 
Residue: HIP 235  0.944067 (2) 0.050648 (1) 0.005284 (1) 
Residue: HIP 240  0.797276 (2) 0.160042 (1) 0.042683 (1) 
Residue: GL4 243  0.813035 (0) 0.087179 (1) 0.021045 (1) 0.066321 (1) 0.012420 (1) 
Residue: TYR 246  0.999998 (1) 0.000002 (0) 
Residue: GL4 251  0.270211 (0) 0.096260 (1) 0.275977 (1) 0.093328 (1) 0.264224 (1) 
Residue: TYR 256  1.000000 (1) 0.000000 (0) 
