   Residue Number     State  0     State  1     State  2     State  3     State  4 
-----------------------------------------------------------------------------------
Residue: TYR 11   1.000000 (1) 0.000000 (0) 
Residue: GL4 14   0.362538 (0) 0.097841 (1) 0.221688 (1) 0.096231 (1) 0.221703 (1) 
Residue: TYR 16   1.000000 (1) 0.000000 (0) 
Residue: HIP 20   0.974494 (2) 0.022995 (1) 0.002511 (1) 
Residue: HIP 25   0.914313 (2) 0.068629 (1) 0.017058 (1) 
Residue: GL4 28   0.649808 (0) 0.069011 (1) 0.107218 (1) 0.083823 (1) 0.090139 (1) 
Residue: TYR 31   1.000000 (1) 0.000000 (0) 
Residue: GL4 36   0.809295 (0) 0.071028 (1) 0.023274 (1) 0.069178 (1) 0.027225 (1) 
Residue: TYR 41   1.000000 (1) 0.000000 (0) 
Residue: TYR 54   1.000000 (1) 0.000000 (0) 
Residue: GL4 57   0.085241 (0) 0.282719 (1) 0.173776 (1) 0.290323 (1) 0.167942 (1) 
Residue: TYR 59   1.000000 (1) 0.000000 (0) 
Residue: HIP 63   0.993232 (2) 0.006382 (1) 0.000386 (1) 
Residue: HIP 68   0.977910 (2) 0.017486 (1) 0.004604 (1) 
Residue: GL4 71   0.115958 (0) 0.234839 (1) 0.188166 (1) 0.236249 (1) 0.224789 (1) 
Residue: TYR 74   1.000000 (1) 0.000000 (0) 
Residue: GL4 79   0.048473 (0) 0.104564 (1) 0.376929 (1) 0.105579 (1) 0.364454 (1) 
Residue: TYR 84   1.000000 (1) 0.000000 (0) 
Residue: TYR 97   1.000000 (1) 0.000000 (0) 
Residue: GL4 100  0.225723 (0) 0.254923 (1) 0.142788 (1) 0.245829 (1) 0.130737 (1) 
Residue: TYR 102  1.000000 (1) 0.000000 (0) 
Residue: HIP 106  0.970950 (2) 0.025917 (1) 0.003133 (1) 
Residue: HIP 111  0.874081 (2) 0.090687 (1) 0.035233 (1) 
Residue: GL4 114  0.592045 (0) 0.158659 (1) 0.033344 (1) 0.181584 (1) 0.034367 (1) 
Residue: TYR 117  1.000000 (1) 0.000000 (0) 
Residue: GL4 122  0.578800 (0) 0.174663 (1) 0.040553 (1) 0.172538 (1) 0.033445 (1) 
Residue: TYR 127  1.000000 (1) 0.000000 (0) 
Residue: TYR 140  1.000000 (1) 0.000000 (0) 
Residue: GL4 143  0.517439 (0) 0.188154 (1) 0.054748 (1) 0.189355 (1) 0.050303 (1) 
Residue: TYR 145  1.000000 (1) 0.000000 (0) 
Residue: HIP 149  0.946704 (2) 0.037748 (1) 0.015548 (1) 
Residue: HIP 154  0.818097 (2) 0.130872 (1) 0.051031 (1) 
Residue: GL4 157  0.490840 (0) 0.238564 (1) 0.023658 (1) 0.220900 (1) 0.026039 (1) 
Residue: TYR 160  1.000000 (1) 0.000000 (0) 
Residue: GL4 165  0.108082 (0) 0.327180 (1) 0.033157 (1) 0.500623 (1) 0.030958 (1) 
Residue: TYR 170  1.000000 (1) 0.000000 (0) 
Residue: TYR 183  1.000000 (1) 0.000000 (0) 
Residue: GL4 186  0.092253 (0) 0.378085 (1) 0.074272 (1) 0.380128 (1) 0.075262 (1) 
Residue: TYR 188  1.000000 (1) 0.000000 (0) 
Residue: HIP 192  0.982283 (2) 0.010910 (1) 0.006807 (1) 
Residue: HIP 197  0.990516 (2) 0.007538 (1) 0.001946 (1) 
Residue: GL4 200  0.075093 (0) 0.148415 (1) 0.293444 (1) 0.158135 (1) 0.324913 (1) 
Residue: TYR 203  1.000000 (1) 0.000000 (0) 
Residue: GL4 208  0.053687 (0) 0.254177 (1) 0.220174 (1) 0.253873 (1) 0.218090 (1) 
Residue: TYR 213  1.000000 (1) 0.000000 (0) 
Residue: TYR 226  1.000000 (1) 0.000000 (0) 
Residue: GL4 229  0.343033 (0) 0.294162 (1) 0.033110 (1) 0.297578 (1) 0.032118 (1) 
Residue: TYR 231  0.999999 (1) 0.000001 (0) 
Residue: HIP 235  0.978278 (2) 0.019665 (1) 0.002057 (1) 
Residue: HIP 240  0.908713 (2) 0.072805 (1) 0.018482 (1) 
Residue: GL4 243  0.763840 (0) 0.108724 (1) 0.036414 (1) 0.075102 (1) 0.015920 (1) 
Residue: TYR 246  1.000000 (1) 0.000000 (0) 
Residue: GL4 251  0.208759 (0) 0.132951 (1) 0.276706 (1) 0.126103 (1) 0.255480 (1) 
Residue: TYR 256  1.000000 (1) 0.000000 (0) 
