   Residue Number     State  0     State  1     State  2     State  3     State  4 
-----------------------------------------------------------------------------------
Residue: TYR 11   1.000000 (1) 0.000000 (0) 
Residue: GL4 14   0.515135 (0) 0.051505 (1) 0.194711 (1) 0.047188 (1) 0.191460 (1) 
Residue: TYR 16   0.999999 (1) 0.000001 (0) 
Residue: HIP 20   0.739029 (2) 0.247062 (1) 0.013909 (1) 
Residue: HIP 25   0.530968 (2) 0.378253 (1) 0.090779 (1) 
Residue: GL4 28   0.777011 (0) 0.030053 (1) 0.105791 (1) 0.032985 (1) 0.054159 (1) 
Residue: TYR 31   1.000000 (1) 0.000000 (0) 
Residue: GL4 36   0.851381 (0) 0.055103 (1) 0.026313 (1) 0.047009 (1) 0.020195 (1) 
Residue: TYR 41   1.000000 (1) 0.000000 (0) 
Residue: TYR 54   0.999999 (1) 0.000001 (0) 
Residue: GL4 57   0.421068 (0) 0.100440 (1) 0.186916 (1) 0.105035 (1) 0.186541 (1) 
Residue: TYR 59   0.999998 (1) 0.000002 (0) 
Residue: HIP 63   0.898684 (2) 0.095817 (1) 0.005499 (1) 
Residue: HIP 68   0.788006 (2) 0.171505 (1) 0.040488 (1) 
Residue: GL4 71   0.494426 (0) 0.137923 (1) 0.099621 (1) 0.138158 (1) 0.129871 (1) 
Residue: TYR 74   1.000000 (1) 0.000000 (0) 
Residue: GL4 79   0.200512 (0) 0.039340 (1) 0.348215 (1) 0.038996 (1) 0.372937 (1) 
Residue: TYR 84   0.999997 (1) 0.000003 (0) 
Residue: TYR 97   1.000000 (1) 0.000000 (0) 
Residue: GL4 100  0.347946 (0) 0.133996 (1) 0.222660 (1) 0.132763 (1) 0.162634 (1) 
Residue: TYR 102  1.000000 (1) 0.000000 (0) 
Residue: HIP 106  0.753545 (2) 0.217721 (1) 0.028734 (1) 
Residue: HIP 111  0.591030 (2) 0.290434 (1) 0.118536 (1) 
Residue: GL4 114  0.738331 (0) 0.081186 (1) 0.025537 (1) 0.122904 (1) 0.032042 (1) 
Residue: TYR 117  1.000000 (1) 0.000000 (0) 
Residue: GL4 122  0.726157 (0) 0.097858 (1) 0.047726 (1) 0.086288 (1) 0.041971 (1) 
Residue: TYR 127  1.000000 (1) 0.000000 (0) 
Residue: TYR 140  1.000000 (1) 0.000000 (0) 
Residue: GL4 143  0.690594 (0) 0.114447 (1) 0.040839 (1) 0.120226 (1) 0.033894 (1) 
Residue: TYR 145  1.000000 (1) 0.000000 (0) 
Residue: HIP 149  0.624798 (2) 0.278379 (1) 0.096823 (1) 
Residue: HIP 154  0.436223 (2) 0.402493 (1) 0.161284 (1) 
Residue: GL4 157  0.509243 (0) 0.225165 (1) 0.028463 (1) 0.212596 (1) 0.024533 (1) 
Residue: TYR 160  0.999999 (1) 0.000001 (0) 
Residue: GL4 165  0.237009 (0) 0.245259 (1) 0.044198 (1) 0.431897 (1) 0.041638 (1) 
Residue: TYR 170  1.000000 (1) 0.000000 (0) 
Residue: TYR 183  1.000000 (1) 0.000000 (0) 
Residue: GL4 186  0.450580 (0) 0.208016 (1) 0.063776 (1) 0.207429 (1) 0.070198 (1) 
Residue: TYR 188  0.999999 (1) 0.000001 (0) 
Residue: HIP 192  0.732375 (2) 0.158064 (1) 0.109561 (1) 
Residue: HIP 197  0.878394 (2) 0.098013 (1) 0.023593 (1) 
Residue: GL4 200  0.150558 (0) 0.101823 (1) 0.309344 (1) 0.109890 (1) 0.328385 (1) 
Residue: TYR 203  0.999999 (1) 0.000001 (0) 
Residue: GL4 208  0.420566 (0) 0.111761 (1) 0.180752 (1) 0.104668 (1) 0.182253 (1) 
Residue: TYR 213  0.999999 (1) 0.000001 (0) 
Residue: TYR 226  1.000000 (1) 0.000000 (0) 
Residue: GL4 229  0.614301 (0) 0.156757 (1) 0.026311 (1) 0.169160 (1) 0.033472 (1) 
Residue: TYR 231  0.999999 (1) 0.000001 (0) 
Residue: HIP 235  0.747188 (2) 0.232329 (1) 0.020483 (1) 
Residue: HIP 240  0.477260 (2) 0.411037 (1) 0.111703 (1) 
Residue: GL4 243  0.857429 (0) 0.063973 (1) 0.009764 (1) 0.062117 (1) 0.006718 (1) 
Residue: TYR 246  1.000000 (1) 0.000000 (0) 
Residue: GL4 251  0.376813 (0) 0.078322 (1) 0.234870 (1) 0.086821 (1) 0.223174 (1) 
Residue: TYR 256  1.000000 (1) 0.000000 (0) 
