   Residue Number     State  0     State  1     State  2     State  3     State  4 
-----------------------------------------------------------------------------------
Residue: TYR 11   1.000000 (1) 0.000000 (0) 
Residue: GL4 14   0.488981 (0) 0.054388 (1) 0.195433 (1) 0.053868 (1) 0.207329 (1) 
Residue: TYR 16   0.999999 (1) 0.000001 (0) 
Residue: HIP 20   0.857517 (2) 0.133623 (1) 0.008860 (1) 
Residue: HIP 25   0.674744 (2) 0.259227 (1) 0.066029 (1) 
Residue: GL4 28   0.765323 (0) 0.040444 (1) 0.089947 (1) 0.045962 (1) 0.058324 (1) 
Residue: TYR 31   1.000000 (1) 0.000000 (0) 
Residue: GL4 36   0.870062 (0) 0.047029 (1) 0.021060 (1) 0.041119 (1) 0.020729 (1) 
Residue: TYR 41   1.000000 (1) 0.000000 (0) 
Residue: TYR 54   1.000000 (1) 0.000000 (0) 
Residue: GL4 57   0.272062 (0) 0.157493 (1) 0.207631 (1) 0.163394 (1) 0.199419 (1) 
Residue: TYR 59   0.999999 (1) 0.000001 (0) 
Residue: HIP 63   0.952337 (2) 0.045012 (1) 0.002652 (1) 
Residue: HIP 68   0.885933 (2) 0.091934 (1) 0.022133 (1) 
Residue: GL4 71   0.310221 (0) 0.174552 (1) 0.151295 (1) 0.174396 (1) 0.189536 (1) 
Residue: TYR 74   1.000000 (1) 0.000000 (0) 
Residue: GL4 79   0.119323 (0) 0.054298 (1) 0.377786 (1) 0.054391 (1) 0.394203 (1) 
Residue: TYR 84   1.000000 (1) 0.000000 (0) 
Residue: TYR 97   1.000000 (1) 0.000000 (0) 
Residue: GL4 100  0.312079 (0) 0.158439 (1) 0.213154 (1) 0.154083 (1) 0.162243 (1) 
Residue: TYR 102  1.000000 (1) 0.000000 (0) 
Residue: HIP 106  0.844333 (2) 0.136824 (1) 0.018843 (1) 
Residue: HIP 111  0.669601 (2) 0.234544 (1) 0.095854 (1) 
Residue: GL4 114  0.679257 (0) 0.111742 (1) 0.028733 (1) 0.142125 (1) 0.038143 (1) 
Residue: TYR 117  1.000000 (1) 0.000000 (0) 
Residue: GL4 122  0.687746 (0) 0.120707 (1) 0.042319 (1) 0.110860 (1) 0.038368 (1) 
Residue: TYR 127  1.000000 (1) 0.000000 (0) 
Residue: TYR 140  1.000000 (1) 0.000000 (0) 
Residue: GL4 143  0.605753 (0) 0.147080 (1) 0.050612 (1) 0.152496 (1) 0.044059 (1) 
Residue: TYR 145  1.000000 (1) 0.000000 (0) 
Residue: HIP 149  0.755321 (2) 0.180853 (1) 0.063826 (1) 
Residue: HIP 154  0.537520 (2) 0.326822 (1) 0.135658 (1) 
Residue: GL4 157  0.485900 (0) 0.240773 (1) 0.028620 (1) 0.218269 (1) 0.026438 (1) 
Residue: TYR 160  1.000000 (1) 0.000000 (0) 
Residue: GL4 165  0.166834 (0) 0.281292 (1) 0.036705 (1) 0.479577 (1) 0.035592 (1) 
Residue: TYR 170  1.000000 (1) 0.000000 (0) 
Residue: TYR 183  0.999998 (1) 0.000002 (0) 
Residue: GL4 186  0.286634 (0) 0.282515 (1) 0.071854 (1) 0.282058 (1) 0.076939 (1) 
Residue: TYR 188  1.000000 (1) 0.000000 (0) 
Residue: HIP 192  0.872408 (2) 0.075268 (1) 0.052323 (1) 
Residue: HIP 197  0.943169 (2) 0.045427 (1) 0.011404 (1) 
Residue: GL4 200  0.118419 (0) 0.118211 (1) 0.313359 (1) 0.127833 (1) 0.322178 (1) 
Residue: TYR 203  0.999999 (1) 0.000001 (0) 
Residue: GL4 208  0.248399 (0) 0.165074 (1) 0.212766 (1) 0.164719 (1) 0.209041 (1) 
Residue: TYR 213  1.000000 (1) 0.000000 (0) 
Residue: TYR 226  1.000000 (1) 0.000000 (0) 
Residue: GL4 229  0.552002 (0) 0.187683 (1) 0.029831 (1) 0.197671 (1) 0.032813 (1) 
Residue: TYR 231  1.000000 (1) 0.000000 (0) 
Residue: HIP 235  0.871138 (2) 0.116932 (1) 0.011930 (1) 
Residue: HIP 240  0.635886 (2) 0.286804 (1) 0.077311 (1) 
Residue: GL4 243  0.837199 (0) 0.074717 (1) 0.013443 (1) 0.065368 (1) 0.009273 (1) 
Residue: TYR 246  1.000000 (1) 0.000000 (0) 
Residue: GL4 251  0.326445 (0) 0.083016 (1) 0.258275 (1) 0.086195 (1) 0.246069 (1) 
Residue: TYR 256  0.999999 (1) 0.000001 (0) 
