   Residue Number     State  0     State  1     State  2     State  3     State  4 
-----------------------------------------------------------------------------------
Residue: TYR 11   1.000000 (1) 0.000000 (0) 
Residue: GL4 14   0.617665 (0) 0.035483 (1) 0.164904 (1) 0.033725 (1) 0.148223 (1) 
Residue: TYR 16   1.000000 (1) 0.000000 (0) 
Residue: HIP 20   0.495951 (2) 0.497835 (1) 0.006213 (1) 
Residue: HIP 25   0.319516 (2) 0.570618 (1) 0.109866 (1) 
Residue: GL4 28   0.856680 (0) 0.013224 (1) 0.081037 (1) 0.017359 (1) 0.031700 (1) 
Residue: TYR 31   1.000000 (1) 0.000000 (0) 
Residue: GL4 36   0.811792 (0) 0.078678 (1) 0.026155 (1) 0.059423 (1) 0.023952 (1) 
Residue: TYR 41   0.999999 (1) 0.000001 (0) 
Residue: TYR 54   0.999996 (1) 0.000004 (0) 
Residue: GL4 57   0.757139 (0) 0.035448 (1) 0.082910 (1) 0.035071 (1) 0.089433 (1) 
Residue: TYR 59   0.999992 (1) 0.000008 (0) 
Residue: HIP 63   0.688021 (2) 0.297282 (1) 0.014698 (1) 
Residue: HIP 68   0.527748 (2) 0.397554 (1) 0.074698 (1) 
Residue: GL4 71   0.846127 (0) 0.055512 (1) 0.020573 (1) 0.055833 (1) 0.021957 (1) 
Residue: TYR 74   1.000000 (1) 0.000000 (0) 
Residue: GL4 79   0.547443 (0) 0.022108 (1) 0.187685 (1) 0.022522 (1) 0.220242 (1) 
Residue: TYR 84   0.999991 (1) 0.000009 (0) 
Residue: TYR 97   1.000000 (1) 0.000000 (0) 
Residue: GL4 100  0.431122 (0) 0.121962 (1) 0.179230 (1) 0.113898 (1) 0.153788 (1) 
Residue: TYR 102  1.000000 (1) 0.000000 (0) 
Residue: HIP 106  0.564745 (2) 0.386323 (1) 0.048932 (1) 
Residue: HIP 111  0.372869 (2) 0.483997 (1) 0.143133 (1) 
Residue: GL4 114  0.872540 (0) 0.044738 (1) 0.010656 (1) 0.057172 (1) 0.014894 (1) 
Residue: TYR 117  1.000000 (1) 0.000000 (0) 
Residue: GL4 122  0.797498 (0) 0.052481 (1) 0.049178 (1) 0.055898 (1) 0.044944 (1) 
Residue: TYR 127  1.000000 (1) 0.000000 (0) 
Residue: TYR 140  1.000000 (1) 0.000000 (0) 
Residue: GL4 143  0.801192 (0) 0.068184 (1) 0.031081 (1) 0.065725 (1) 0.033818 (1) 
Residue: TYR 145  1.000000 (1) 0.000000 (0) 
Residue: HIP 149  0.467846 (2) 0.396329 (1) 0.135825 (1) 
Residue: HIP 154  0.249424 (2) 0.572973 (1) 0.177603 (1) 
Residue: GL4 157  0.617616 (0) 0.133863 (1) 0.024948 (1) 0.205959 (1) 0.017614 (1) 
Residue: TYR 160  1.000000 (1) 0.000000 (0) 
Residue: GL4 165  0.451410 (0) 0.174378 (1) 0.053182 (1) 0.275496 (1) 0.045534 (1) 
Residue: TYR 170  1.000000 (1) 0.000000 (0) 
Residue: TYR 183  0.999997 (1) 0.000003 (0) 
Residue: GL4 186  0.798758 (0) 0.068327 (1) 0.030971 (1) 0.069614 (1) 0.032330 (1) 
Residue: TYR 188  0.999996 (1) 0.000004 (0) 
Residue: HIP 192  0.305610 (2) 0.447005 (1) 0.247384 (1) 
Residue: HIP 197  0.585997 (2) 0.343186 (1) 0.070817 (1) 
Residue: GL4 200  0.381686 (0) 0.064649 (1) 0.214912 (1) 0.061208 (1) 0.277544 (1) 
Residue: TYR 203  0.999999 (1) 0.000001 (0) 
Residue: GL4 208  0.728121 (0) 0.033438 (1) 0.109148 (1) 0.027448 (1) 0.101845 (1) 
Residue: TYR 213  0.999999 (1) 0.000001 (0) 
Residue: TYR 226  1.000000 (1) 0.000000 (0) 
Residue: GL4 229  0.775459 (0) 0.091962 (1) 0.014723 (1) 0.096765 (1) 0.021091 (1) 
Residue: TYR 231  0.999997 (1) 0.000003 (0) 
Residue: HIP 235  0.422453 (2) 0.529655 (1) 0.047892 (1) 
Residue: HIP 240  0.304661 (2) 0.551600 (1) 0.143739 (1) 
Residue: GL4 243  0.918071 (0) 0.036282 (1) 0.003205 (1) 0.040633 (1) 0.001809 (1) 
Residue: TYR 246  1.000000 (1) 0.000000 (0) 
Residue: GL4 251  0.471937 (0) 0.060518 (1) 0.215878 (1) 0.063308 (1) 0.188359 (1) 
Residue: TYR 256  1.000000 (1) 0.000000 (0) 
