   Residue Number     State  0     State  1     State  2     State  3     State  4 
-----------------------------------------------------------------------------------
Residue: TYR 11   1.000000 (1) 0.000000 (0) 
Residue: GL4 14   0.542604 (0) 0.046563 (1) 0.192990 (1) 0.041731 (1) 0.176113 (1) 
Residue: TYR 16   0.999999 (1) 0.000001 (0) 
Residue: HIP 20   0.606301 (2) 0.379603 (1) 0.014096 (1) 
Residue: HIP 25   0.407625 (2) 0.483751 (1) 0.108623 (1) 
Residue: GL4 28   0.797268 (0) 0.021025 (1) 0.106117 (1) 0.023427 (1) 0.052163 (1) 
Residue: TYR 31   1.000000 (1) 0.000000 (0) 
Residue: GL4 36   0.826265 (0) 0.067098 (1) 0.029237 (1) 0.053872 (1) 0.023528 (1) 
Residue: TYR 41   1.000000 (1) 0.000000 (0) 
Residue: TYR 54   0.999996 (1) 0.000004 (0) 
Residue: GL4 57   0.588665 (0) 0.059898 (1) 0.145017 (1) 0.061708 (1) 0.144713 (1) 
Residue: TYR 59   0.999997 (1) 0.000003 (0) 
Residue: HIP 63   0.807890 (2) 0.181977 (1) 0.010133 (1) 
Residue: HIP 68   0.664441 (2) 0.278313 (1) 0.057247 (1) 
Residue: GL4 71   0.698048 (0) 0.092926 (1) 0.050402 (1) 0.093053 (1) 0.065571 (1) 
Residue: TYR 74   0.999999 (1) 0.000001 (0) 
Residue: GL4 79   0.332309 (0) 0.030278 (1) 0.278134 (1) 0.029460 (1) 0.329819 (1) 
Residue: TYR 84   0.999997 (1) 0.000003 (0) 
Residue: TYR 97   1.000000 (1) 0.000000 (0) 
Residue: GL4 100  0.385443 (0) 0.128067 (1) 0.207434 (1) 0.120988 (1) 0.158068 (1) 
Residue: TYR 102  0.999999 (1) 0.000001 (0) 
Residue: HIP 106  0.664820 (2) 0.295394 (1) 0.039787 (1) 
Residue: HIP 111  0.496193 (2) 0.373866 (1) 0.129941 (1) 
Residue: GL4 114  0.797096 (0) 0.066895 (1) 0.019618 (1) 0.093189 (1) 0.023202 (1) 
Residue: TYR 117  1.000000 (1) 0.000000 (0) 
Residue: GL4 122  0.774678 (0) 0.073864 (1) 0.044545 (1) 0.066137 (1) 0.040776 (1) 
Residue: TYR 127  1.000000 (1) 0.000000 (0) 
Residue: TYR 140  1.000000 (1) 0.000000 (0) 
Residue: GL4 143  0.764290 (0) 0.085691 (1) 0.032478 (1) 0.086824 (1) 0.030718 (1) 
Residue: TYR 145  1.000000 (1) 0.000000 (0) 
Residue: HIP 149  0.525336 (2) 0.346694 (1) 0.127969 (1) 
Residue: HIP 154  0.341491 (2) 0.479524 (1) 0.178985 (1) 
Residue: GL4 157  0.543150 (0) 0.200210 (1) 0.024323 (1) 0.210372 (1) 0.021945 (1) 
Residue: TYR 160  1.000000 (1) 0.000000 (0) 
Residue: GL4 165  0.315652 (0) 0.219339 (1) 0.054859 (1) 0.365389 (1) 0.044761 (1) 
Residue: TYR 170  1.000000 (1) 0.000000 (0) 
Residue: TYR 183  0.999998 (1) 0.000002 (0) 
Residue: GL4 186  0.637531 (0) 0.128208 (1) 0.051807 (1) 0.129942 (1) 0.052513 (1) 
Residue: TYR 188  0.999999 (1) 0.000001 (0) 
Residue: HIP 192  0.534111 (2) 0.283606 (1) 0.182283 (1) 
Residue: HIP 197  0.757551 (2) 0.196567 (1) 0.045883 (1) 
Residue: GL4 200  0.219881 (0) 0.083027 (1) 0.295987 (1) 0.085296 (1) 0.315809 (1) 
Residue: TYR 203  0.999999 (1) 0.000001 (0) 
Residue: GL4 208  0.591459 (0) 0.065609 (1) 0.146584 (1) 0.054046 (1) 0.142302 (1) 
Residue: TYR 213  1.000000 (1) 0.000000 (0) 
Residue: TYR 226  1.000000 (1) 0.000000 (0) 
Residue: GL4 229  0.683958 (0) 0.128747 (1) 0.019863 (1) 0.137868 (1) 0.029564 (1) 
Residue: TYR 231  0.999999 (1) 0.000001 (0) 
Residue: HIP 235  0.585311 (2) 0.378515 (1) 0.036173 (1) 
Residue: HIP 240  0.372765 (2) 0.496664 (1) 0.130571 (1) 
Residue: GL4 243  0.888100 (0) 0.051239 (1) 0.006706 (1) 0.049941 (1) 0.004014 (1) 
Residue: TYR 246  1.000000 (1) 0.000000 (0) 
Residue: GL4 251  0.407945 (0) 0.076926 (1) 0.220354 (1) 0.087328 (1) 0.207448 (1) 
Residue: TYR 256  1.000000 (1) 0.000000 (0) 
