   Residue Number     State  0     State  1     State  2     State  3     State  4 
-----------------------------------------------------------------------------------
Residue: TYR 11   1.000000 (1) 0.000000 (0) 
Residue: GL4 14   0.843286 (0) 0.013948 (1) 0.063566 (1) 0.014932 (1) 0.064269 (1) 
Residue: TYR 16   0.999991 (1) 0.000009 (0) 
Residue: HIP 20   0.378669 (2) 0.619931 (1) 0.001400 (1) 
Residue: HIP 25   0.144388 (2) 0.754751 (1) 0.100861 (1) 
Residue: GL4 28   0.975109 (0) 0.003972 (1) 0.012064 (1) 0.005555 (1) 0.003300 (1) 
Residue: TYR 31   1.000000 (1) 0.000000 (0) 
Residue: GL4 36   0.889157 (0) 0.041947 (1) 0.015666 (1) 0.039607 (1) 0.013624 (1) 
Residue: TYR 41   1.000000 (1) 0.000000 (0) 
Residue: TYR 54   0.999947 (1) 0.000053 (0) 
Residue: GL4 57   0.956966 (0) 0.009209 (1) 0.011413 (1) 0.009245 (1) 0.013167 (1) 
Residue: TYR 59   0.999954 (1) 0.000046 (0) 
Residue: HIP 63   0.393684 (2) 0.584926 (1) 0.021390 (1) 
Residue: HIP 68   0.221059 (2) 0.693899 (1) 0.085042 (1) 
Residue: GL4 71   0.969435 (0) 0.013171 (1) 0.002309 (1) 0.013169 (1) 0.001916 (1) 
Residue: TYR 74   0.999995 (1) 0.000005 (0) 
Residue: GL4 79   0.893262 (0) 0.006016 (1) 0.049793 (1) 0.006130 (1) 0.044799 (1) 
Residue: TYR 84   0.999879 (1) 0.000121 (0) 
Residue: TYR 97   1.000000 (1) 0.000000 (0) 
Residue: GL4 100  0.655315 (0) 0.103194 (1) 0.078909 (1) 0.081174 (1) 0.081408 (1) 
Residue: TYR 102  0.999997 (1) 0.000003 (0) 
Residue: HIP 106  0.306998 (2) 0.625936 (1) 0.067067 (1) 
Residue: HIP 111  0.148677 (2) 0.692046 (1) 0.159277 (1) 
Residue: GL4 114  0.981375 (0) 0.005278 (1) 0.001469 (1) 0.007088 (1) 0.004789 (1) 
Residue: TYR 117  1.000000 (1) 0.000000 (0) 
Residue: GL4 122  0.898636 (0) 0.017224 (1) 0.035663 (1) 0.016957 (1) 0.031520 (1) 
Residue: TYR 127  0.999999 (1) 0.000001 (0) 
Residue: TYR 140  1.000000 (1) 0.000000 (0) 
Residue: GL4 143  0.837258 (0) 0.040218 (1) 0.041553 (1) 0.039363 (1) 0.041608 (1) 
Residue: TYR 145  0.999998 (1) 0.000002 (0) 
Residue: HIP 149  0.373355 (2) 0.523225 (1) 0.103419 (1) 
Residue: HIP 154  0.099848 (2) 0.762110 (1) 0.138043 (1) 
Residue: GL4 157  0.885332 (0) 0.034003 (1) 0.015104 (1) 0.055603 (1) 0.009958 (1) 
Residue: TYR 160  1.000000 (1) 0.000000 (0) 
Residue: GL4 165  0.788127 (0) 0.072738 (1) 0.028502 (1) 0.079920 (1) 0.030713 (1) 
Residue: TYR 170  1.000000 (1) 0.000000 (0) 
Residue: TYR 183  0.999965 (1) 0.000035 (0) 
Residue: GL4 186  0.955198 (0) 0.014318 (1) 0.007596 (1) 0.014399 (1) 0.008488 (1) 
Residue: TYR 188  0.999984 (1) 0.000016 (0) 
Residue: HIP 192  0.057138 (2) 0.610058 (1) 0.332804 (1) 
Residue: HIP 197  0.211741 (2) 0.680482 (1) 0.107777 (1) 
Residue: GL4 200  0.849892 (0) 0.016420 (1) 0.051259 (1) 0.015006 (1) 0.067423 (1) 
Residue: TYR 203  0.999992 (1) 0.000008 (0) 
Residue: GL4 208  0.919391 (0) 0.006367 (1) 0.035032 (1) 0.006909 (1) 0.032302 (1) 
Residue: TYR 213  0.999982 (1) 0.000018 (0) 
Residue: TYR 226  0.999999 (1) 0.000001 (0) 
Residue: GL4 229  0.921867 (0) 0.029452 (1) 0.008643 (1) 0.030809 (1) 0.009229 (1) 
Residue: TYR 231  0.999992 (1) 0.000008 (0) 
Residue: HIP 235  0.196958 (2) 0.744442 (1) 0.058599 (1) 
Residue: HIP 240  0.164543 (2) 0.713011 (1) 0.122445 (1) 
Residue: GL4 243  0.981291 (0) 0.006757 (1) 0.001928 (1) 0.009728 (1) 0.000296 (1) 
Residue: TYR 246  1.000000 (1) 0.000000 (0) 
Residue: GL4 251  0.744320 (0) 0.023644 (1) 0.096788 (1) 0.025088 (1) 0.110160 (1) 
Residue: TYR 256  0.999996 (1) 0.000004 (0) 
