   Residue Number     State  0     State  1     State  2     State  3     State  4 
-----------------------------------------------------------------------------------
Residue: TYR 11   1.000000 (1) 0.000000 (0) 
Residue: GL4 14   0.721838 (0) 0.024707 (1) 0.117710 (1) 0.022863 (1) 0.112883 (1) 
Residue: TYR 16   0.999997 (1) 0.000003 (0) 
Residue: HIP 20   0.442210 (2) 0.555152 (1) 0.002638 (1) 
Residue: HIP 25   0.234374 (2) 0.663314 (1) 0.102312 (1) 
Residue: GL4 28   0.921946 (0) 0.008187 (1) 0.047169 (1) 0.010531 (1) 0.012168 (1) 
Residue: TYR 31   1.000000 (1) 0.000000 (0) 
Residue: GL4 36   0.823351 (0) 0.068210 (1) 0.023274 (1) 0.062220 (1) 0.022945 (1) 
Residue: TYR 41   0.999999 (1) 0.000001 (0) 
Residue: TYR 54   0.999988 (1) 0.000012 (0) 
Residue: GL4 57   0.883897 (0) 0.018878 (1) 0.037613 (1) 0.020278 (1) 0.039334 (1) 
Residue: TYR 59   0.999982 (1) 0.000018 (0) 
Residue: HIP 63   0.542100 (2) 0.439107 (1) 0.018793 (1) 
Residue: HIP 68   0.377328 (2) 0.540869 (1) 0.081803 (1) 
Residue: GL4 71   0.927377 (0) 0.029271 (1) 0.007263 (1) 0.029084 (1) 0.007006 (1) 
Residue: TYR 74   0.999998 (1) 0.000002 (0) 
Residue: GL4 79   0.746394 (0) 0.012408 (1) 0.110224 (1) 0.012513 (1) 0.118461 (1) 
Residue: TYR 84   0.999968 (1) 0.000032 (0) 
Residue: TYR 97   1.000000 (1) 0.000000 (0) 
Residue: GL4 100  0.523843 (0) 0.119583 (1) 0.130624 (1) 0.102988 (1) 0.122961 (1) 
Residue: TYR 102  0.999998 (1) 0.000002 (0) 
Residue: HIP 106  0.449989 (2) 0.491991 (1) 0.058020 (1) 
Residue: HIP 111  0.249809 (2) 0.600668 (1) 0.149523 (1) 
Residue: GL4 114  0.937746 (0) 0.024283 (1) 0.004609 (1) 0.026348 (1) 0.007013 (1) 
Residue: TYR 117  1.000000 (1) 0.000000 (0) 
Residue: GL4 122  0.834117 (0) 0.032419 (1) 0.049684 (1) 0.036789 (1) 0.046991 (1) 
Residue: TYR 127  0.999999 (1) 0.000001 (0) 
Residue: TYR 140  1.000000 (1) 0.000000 (0) 
Residue: GL4 143  0.813219 (0) 0.050409 (1) 0.040760 (1) 0.049256 (1) 0.046356 (1) 
Residue: TYR 145  0.999998 (1) 0.000002 (0) 
Residue: HIP 149  0.415349 (2) 0.464676 (1) 0.119975 (1) 
Residue: HIP 154  0.165169 (2) 0.672856 (1) 0.161974 (1) 
Residue: GL4 157  0.740238 (0) 0.076395 (1) 0.024888 (1) 0.144002 (1) 0.014477 (1) 
Residue: TYR 160  1.000000 (1) 0.000000 (0) 
Residue: GL4 165  0.639127 (0) 0.114871 (1) 0.048583 (1) 0.156864 (1) 0.040555 (1) 
Residue: TYR 170  1.000000 (1) 0.000000 (0) 
Residue: TYR 183  0.999991 (1) 0.000009 (0) 
Residue: GL4 186  0.899690 (0) 0.032359 (1) 0.016904 (1) 0.033238 (1) 0.017809 (1) 
Residue: TYR 188  0.999993 (1) 0.000007 (0) 
Residue: HIP 192  0.141118 (2) 0.563770 (1) 0.295112 (1) 
Residue: HIP 197  0.388597 (2) 0.514670 (1) 0.096733 (1) 
Residue: GL4 200  0.632366 (0) 0.041370 (1) 0.122696 (1) 0.037732 (1) 0.165837 (1) 
Residue: TYR 203  0.999995 (1) 0.000005 (0) 
Residue: GL4 208  0.837224 (0) 0.014611 (1) 0.075548 (1) 0.014075 (1) 0.058542 (1) 
Residue: TYR 213  0.999994 (1) 0.000006 (0) 
Residue: TYR 226  1.000000 (1) 0.000000 (0) 
Residue: GL4 229  0.858812 (0) 0.056229 (1) 0.010223 (1) 0.059632 (1) 0.015105 (1) 
Residue: TYR 231  0.999996 (1) 0.000004 (0) 
Residue: HIP 235  0.298225 (2) 0.646006 (1) 0.055769 (1) 
Residue: HIP 240  0.246379 (2) 0.614686 (1) 0.138934 (1) 
Residue: GL4 243  0.949714 (0) 0.019796 (1) 0.001651 (1) 0.027913 (1) 0.000927 (1) 
Residue: TYR 246  1.000000 (1) 0.000000 (0) 
Residue: GL4 251  0.594220 (0) 0.045546 (1) 0.169533 (1) 0.043870 (1) 0.146831 (1) 
Residue: TYR 256  0.999999 (1) 0.000001 (0) 
