   Residue Number     State  0     State  1     State  2     State  3     State  4 
-----------------------------------------------------------------------------------
Residue: TYR 11   0.999989 (1) 0.000011 (0) 
Residue: GL4 14   0.970199 (0) 0.003007 (1) 0.009533 (1) 0.003327 (1) 0.013935 (1) 
Residue: TYR 16   0.999943 (1) 0.000057 (0) 
Residue: HIP 20   0.182225 (2) 0.816283 (1) 0.001492 (1) 
Residue: HIP 25   0.029947 (2) 0.871929 (1) 0.098124 (1) 
Residue: GL4 28   0.997467 (0) 0.000554 (1) 0.001001 (1) 0.000813 (1) 0.000166 (1) 
Residue: TYR 31   0.999999 (1) 0.000001 (0) 
Residue: GL4 36   0.979874 (0) 0.007755 (1) 0.004378 (1) 0.006415 (1) 0.001578 (1) 
Residue: TYR 41   0.999980 (1) 0.000020 (0) 
Residue: TYR 54   0.999543 (1) 0.000457 (0) 
Residue: GL4 57   0.990702 (0) 0.001409 (1) 0.003358 (1) 0.001501 (1) 0.003030 (1) 
Residue: TYR 59   0.999620 (1) 0.000380 (0) 
Residue: HIP 63   0.121030 (2) 0.858067 (1) 0.020903 (1) 
Residue: HIP 68   0.040968 (2) 0.880126 (1) 0.078906 (1) 
Residue: GL4 71   0.995734 (0) 0.001858 (1) 0.000204 (1) 0.001965 (1) 0.000238 (1) 
Residue: TYR 74   0.999953 (1) 0.000047 (0) 
Residue: GL4 79   0.984722 (0) 0.000808 (1) 0.008936 (1) 0.000823 (1) 0.004713 (1) 
Residue: TYR 84   0.998964 (1) 0.001036 (0) 
Residue: TYR 97   0.999995 (1) 0.000005 (0) 
Residue: GL4 100  0.918511 (0) 0.025490 (1) 0.014278 (1) 0.020904 (1) 0.020817 (1) 
Residue: TYR 102  0.999976 (1) 0.000024 (0) 
Residue: HIP 106  0.082795 (2) 0.849627 (1) 0.067578 (1) 
Residue: HIP 111  0.030515 (2) 0.833291 (1) 0.136194 (1) 
Residue: GL4 114  0.997249 (0) 0.000220 (1) 0.000122 (1) 0.000094 (1) 0.002315 (1) 
Residue: TYR 117  1.000000 (1) 0.000000 (0) 
Residue: GL4 122  0.982802 (0) 0.002895 (1) 0.005262 (1) 0.002886 (1) 0.006155 (1) 
Residue: TYR 127  0.999992 (1) 0.000008 (0) 
Residue: TYR 140  0.999999 (1) 0.000001 (0) 
Residue: GL4 143  0.961387 (0) 0.010389 (1) 0.010254 (1) 0.009838 (1) 0.008133 (1) 
Residue: TYR 145  0.999994 (1) 0.000006 (0) 
Residue: HIP 149  0.187192 (2) 0.723443 (1) 0.089365 (1) 
Residue: HIP 154  0.020495 (2) 0.851767 (1) 0.127738 (1) 
Residue: GL4 157  0.982187 (0) 0.006983 (1) 0.001766 (1) 0.007816 (1) 0.001248 (1) 
Residue: TYR 160  0.999998 (1) 0.000002 (0) 
Residue: GL4 165  0.967490 (0) 0.013378 (1) 0.004491 (1) 0.009183 (1) 0.005459 (1) 
Residue: TYR 170  0.999993 (1) 0.000007 (0) 
Residue: TYR 183  0.999752 (1) 0.000248 (0) 
Residue: GL4 186  0.993512 (0) 0.001994 (1) 0.001190 (1) 0.001984 (1) 0.001319 (1) 
Residue: TYR 188  0.999832 (1) 0.000168 (0) 
Residue: HIP 192  0.008152 (2) 0.633662 (1) 0.358186 (1) 
Residue: HIP 197  0.036360 (2) 0.849889 (1) 0.113751 (1) 
Residue: GL4 200  0.985922 (0) 0.001782 (1) 0.004992 (1) 0.002049 (1) 0.005256 (1) 
Residue: TYR 203  0.999946 (1) 0.000054 (0) 
Residue: GL4 208  0.986930 (0) 0.000844 (1) 0.005827 (1) 0.000968 (1) 0.005432 (1) 
Residue: TYR 213  0.999794 (1) 0.000206 (0) 
Residue: TYR 226  0.999994 (1) 0.000006 (0) 
Residue: GL4 229  0.988705 (0) 0.004668 (1) 0.000834 (1) 0.004854 (1) 0.000938 (1) 
Residue: TYR 231  0.999936 (1) 0.000064 (0) 
Residue: HIP 235  0.045924 (2) 0.900087 (1) 0.053988 (1) 
Residue: HIP 240  0.033931 (2) 0.851417 (1) 0.114652 (1) 
Residue: GL4 243  0.997395 (0) 0.001358 (1) 0.000195 (1) 0.000961 (1) 0.000092 (1) 
Residue: TYR 246  0.999997 (1) 0.000003 (0) 
Residue: GL4 251  0.956688 (0) 0.004600 (1) 0.013788 (1) 0.004328 (1) 0.020596 (1) 
Residue: TYR 256  0.999975 (1) 0.000025 (0) 
