   Residue Number     State  0     State  1     State  2     State  3     State  4 
-----------------------------------------------------------------------------------
Residue: TYR 11   0.999998 (1) 0.000002 (0) 
Residue: GL4 14   0.923917 (0) 0.007434 (1) 0.026575 (1) 0.007756 (1) 0.034318 (1) 
Residue: TYR 16   0.999983 (1) 0.000017 (0) 
Residue: HIP 20   0.294505 (2) 0.703991 (1) 0.001504 (1) 
Residue: HIP 25   0.071912 (2) 0.830178 (1) 0.097910 (1) 
Residue: GL4 28   0.990784 (0) 0.001765 (1) 0.004408 (1) 0.002208 (1) 0.000836 (1) 
Residue: TYR 31   1.000000 (1) 0.000000 (0) 
Residue: GL4 36   0.948852 (0) 0.017808 (1) 0.009832 (1) 0.017333 (1) 0.006175 (1) 
Residue: TYR 41   0.999993 (1) 0.000007 (0) 
Residue: TYR 54   0.999835 (1) 0.000165 (0) 
Residue: GL4 57   0.979953 (0) 0.003703 (1) 0.005455 (1) 0.003936 (1) 0.006953 (1) 
Residue: TYR 59   0.999875 (1) 0.000125 (0) 
Residue: HIP 63   0.240077 (2) 0.738131 (1) 0.021793 (1) 
Residue: HIP 68   0.103245 (2) 0.813471 (1) 0.083284 (1) 
Residue: GL4 71   0.987864 (0) 0.005310 (1) 0.000730 (1) 0.005348 (1) 0.000748 (1) 
Residue: TYR 74   0.999986 (1) 0.000014 (0) 
Residue: GL4 79   0.961224 (0) 0.002493 (1) 0.018343 (1) 0.002502 (1) 0.015438 (1) 
Residue: TYR 84   0.999662 (1) 0.000338 (0) 
Residue: TYR 97   0.999998 (1) 0.000002 (0) 
Residue: GL4 100  0.804934 (0) 0.060955 (1) 0.038147 (1) 0.048847 (1) 0.047118 (1) 
Residue: TYR 102  0.999992 (1) 0.000008 (0) 
Residue: HIP 106  0.172561 (2) 0.758577 (1) 0.068862 (1) 
Residue: HIP 111  0.073911 (2) 0.783539 (1) 0.142550 (1) 
Residue: GL4 114  0.993984 (0) 0.001048 (1) 0.000512 (1) 0.000923 (1) 0.003533 (1) 
Residue: TYR 117  0.999999 (1) 0.000001 (0) 
Residue: GL4 122  0.953005 (0) 0.007508 (1) 0.016017 (1) 0.007283 (1) 0.016188 (1) 
Residue: TYR 127  0.999998 (1) 0.000002 (0) 
Residue: TYR 140  0.999999 (1) 0.000001 (0) 
Residue: GL4 143  0.908256 (0) 0.024110 (1) 0.024550 (1) 0.022196 (1) 0.020888 (1) 
Residue: TYR 145  0.999997 (1) 0.000003 (0) 
Residue: HIP 149  0.300434 (2) 0.612509 (1) 0.087058 (1) 
Residue: HIP 154  0.049691 (2) 0.820839 (1) 0.129470 (1) 
Residue: GL4 157  0.954969 (0) 0.014188 (1) 0.005562 (1) 0.022295 (1) 0.002987 (1) 
Residue: TYR 160  0.999999 (1) 0.000001 (0) 
Residue: GL4 165  0.908292 (0) 0.034855 (1) 0.013938 (1) 0.027678 (1) 0.015237 (1) 
Residue: TYR 170  0.999995 (1) 0.000005 (0) 
Residue: TYR 183  0.999926 (1) 0.000074 (0) 
Residue: GL4 186  0.982801 (0) 0.005403 (1) 0.003412 (1) 0.005217 (1) 0.003168 (1) 
Residue: TYR 188  0.999947 (1) 0.000053 (0) 
Residue: HIP 192  0.022892 (2) 0.629453 (1) 0.347655 (1) 
Residue: HIP 197  0.095836 (2) 0.792343 (1) 0.111821 (1) 
Residue: GL4 200  0.952325 (0) 0.005572 (1) 0.017169 (1) 0.005786 (1) 0.019148 (1) 
Residue: TYR 203  0.999974 (1) 0.000026 (0) 
Residue: GL4 208  0.965385 (0) 0.002542 (1) 0.014400 (1) 0.002941 (1) 0.014733 (1) 
Residue: TYR 213  0.999931 (1) 0.000069 (0) 
Residue: TYR 226  0.999997 (1) 0.000003 (0) 
Residue: GL4 229  0.967994 (0) 0.012678 (1) 0.002848 (1) 0.013199 (1) 0.003282 (1) 
Residue: TYR 231  0.999973 (1) 0.000027 (0) 
Residue: HIP 235  0.106353 (2) 0.834513 (1) 0.059134 (1) 
Residue: HIP 240  0.082762 (2) 0.797231 (1) 0.120007 (1) 
Residue: GL4 243  0.992739 (0) 0.003184 (1) 0.000535 (1) 0.003350 (1) 0.000192 (1) 
Residue: TYR 246  0.999999 (1) 0.000001 (0) 
Residue: GL4 251  0.884989 (0) 0.011616 (1) 0.038517 (1) 0.011706 (1) 0.053173 (1) 
Residue: TYR 256  0.999990 (1) 0.000010 (0) 
