   Residue Number     State  0     State  1     State  2     State  3     State  4 
-----------------------------------------------------------------------------------
Residue: TYR 11   0.999978 (1) 0.000022 (0) 
Residue: GL4 14   0.988952 (0) 0.001114 (1) 0.003358 (1) 0.001287 (1) 0.005290 (1) 
Residue: TYR 16   0.999817 (1) 0.000183 (0) 
Residue: HIP 20   0.081840 (2) 0.916673 (1) 0.001487 (1) 
Residue: HIP 25   0.010790 (2) 0.892300 (1) 0.096910 (1) 
Residue: GL4 28   0.999244 (0) 0.000178 (1) 0.000285 (1) 0.000288 (1) 0.000005 (1) 
Residue: TYR 31   1.000000 (1) 0.000000 (0) 
Residue: GL4 36   0.992562 (0) 0.002954 (1) 0.001707 (1) 0.002340 (1) 0.000438 (1) 
Residue: TYR 41   0.999956 (1) 0.000044 (0) 
Residue: TYR 54   0.998582 (1) 0.001418 (0) 
Residue: GL4 57   0.996310 (0) 0.000525 (1) 0.001378 (1) 0.000524 (1) 0.001263 (1) 
Residue: TYR 59   0.998759 (1) 0.001241 (0) 
Residue: HIP 63   0.049978 (2) 0.930485 (1) 0.019538 (1) 
Residue: HIP 68   0.014352 (2) 0.909957 (1) 0.075692 (1) 
Residue: GL4 71   0.998594 (0) 0.000609 (1) 0.000065 (1) 0.000651 (1) 0.000081 (1) 
Residue: TYR 74   0.999861 (1) 0.000139 (0) 
Residue: GL4 79   0.994422 (0) 0.000263 (1) 0.003595 (1) 0.000258 (1) 0.001463 (1) 
Residue: TYR 84   0.996585 (1) 0.003415 (0) 
Residue: TYR 97   0.999992 (1) 0.000008 (0) 
Residue: GL4 100  0.970518 (0) 0.009800 (1) 0.005101 (1) 0.007632 (1) 0.006949 (1) 
Residue: TYR 102  0.999940 (1) 0.000060 (0) 
Residue: HIP 106  0.032772 (2) 0.901019 (1) 0.066209 (1) 
Residue: HIP 111  0.010817 (2) 0.853802 (1) 0.135381 (1) 
Residue: GL4 114  0.998800 (0) 0.000029 (1) 0.000065 (1) 0.000015 (1) 0.001091 (1) 
Residue: TYR 117  0.999997 (1) 0.000003 (0) 
Residue: GL4 122  0.994414 (0) 0.001031 (1) 0.001701 (1) 0.000854 (1) 0.002000 (1) 
Residue: TYR 127  0.999962 (1) 0.000038 (0) 
Residue: TYR 140  0.999988 (1) 0.000012 (0) 
Residue: GL4 143  0.986215 (0) 0.003561 (1) 0.003688 (1) 0.003572 (1) 0.002964 (1) 
Residue: TYR 145  0.999993 (1) 0.000007 (0) 
Residue: HIP 149  0.086367 (2) 0.816558 (1) 0.097075 (1) 
Residue: HIP 154  0.007111 (2) 0.866519 (1) 0.126370 (1) 
Residue: GL4 157  0.993207 (0) 0.002958 (1) 0.000608 (1) 0.002609 (1) 0.000618 (1) 
Residue: TYR 160  0.999997 (1) 0.000003 (0) 
Residue: GL4 165  0.989174 (0) 0.004416 (1) 0.001410 (1) 0.003112 (1) 0.001888 (1) 
Residue: TYR 170  0.999968 (1) 0.000032 (0) 
Residue: TYR 183  0.999255 (1) 0.000745 (0) 
Residue: GL4 186  0.997887 (0) 0.000678 (1) 0.000316 (1) 0.000610 (1) 0.000510 (1) 
Residue: TYR 188  0.999456 (1) 0.000544 (0) 
Residue: HIP 192  0.002771 (2) 0.632114 (1) 0.365115 (1) 
Residue: HIP 197  0.012438 (2) 0.872667 (1) 0.114895 (1) 
Residue: GL4 200  0.995926 (0) 0.000598 (1) 0.001236 (1) 0.000619 (1) 0.001622 (1) 
Residue: TYR 203  0.999770 (1) 0.000230 (0) 
Residue: GL4 208  0.995462 (0) 0.000265 (1) 0.002005 (1) 0.000310 (1) 0.001958 (1) 
Residue: TYR 213  0.999354 (1) 0.000646 (0) 
Residue: TYR 226  0.999983 (1) 0.000017 (0) 
Residue: GL4 229  0.996193 (0) 0.001590 (1) 0.000246 (1) 0.001633 (1) 0.000338 (1) 
Residue: TYR 231  0.999808 (1) 0.000192 (0) 
Residue: HIP 235  0.016955 (2) 0.932657 (1) 0.050388 (1) 
Residue: HIP 240  0.012057 (2) 0.875255 (1) 0.112688 (1) 
Residue: GL4 243  0.999088 (0) 0.000554 (1) 0.000052 (1) 0.000291 (1) 0.000015 (1) 
Residue: TYR 246  0.999992 (1) 0.000008 (0) 
Residue: GL4 251  0.985015 (0) 0.001512 (1) 0.005071 (1) 0.001445 (1) 0.006958 (1) 
Residue: TYR 256  0.999911 (1) 0.000089 (0) 
