   Residue Number     State  0     State  1     State  2     State  3     State  4 
-----------------------------------------------------------------------------------
Residue: TYR 11   0.999930 (1) 0.000070 (0) 
Residue: GL4 14   0.996181 (0) 0.000381 (1) 0.001182 (1) 0.000426 (1) 0.001831 (1) 
Residue: TYR 16   0.999443 (1) 0.000557 (0) 
Residue: HIP 20   0.029603 (2) 0.968863 (1) 0.001533 (1) 
Residue: HIP 25   0.003533 (2) 0.899941 (1) 0.096527 (1) 
Residue: GL4 28   0.999801 (0) 0.000057 (1) 0.000075 (1) 0.000068 (1) 0.000000 (1) 
Residue: TYR 31   0.999992 (1) 0.000008 (0) 
Residue: GL4 36   0.997516 (0) 0.001018 (1) 0.000546 (1) 0.000758 (1) 0.000163 (1) 
Residue: TYR 41   0.999837 (1) 0.000163 (0) 
Residue: TYR 54   0.995404 (1) 0.004596 (0) 
Residue: GL4 57   0.998699 (0) 0.000158 (1) 0.000468 (1) 0.000209 (1) 0.000465 (1) 
Residue: TYR 59   0.996227 (1) 0.003773 (0) 
Residue: HIP 63   0.018126 (2) 0.963203 (1) 0.018671 (1) 
Residue: HIP 68   0.004618 (2) 0.920916 (1) 0.074467 (1) 
Residue: GL4 71   0.999545 (0) 0.000188 (1) 0.000020 (1) 0.000218 (1) 0.000028 (1) 
Residue: TYR 74   0.999552 (1) 0.000448 (0) 
Residue: GL4 79   0.998278 (0) 0.000067 (1) 0.001053 (1) 0.000076 (1) 0.000527 (1) 
Residue: TYR 84   0.989053 (1) 0.010947 (0) 
Residue: TYR 97   0.999975 (1) 0.000025 (0) 
Residue: GL4 100  0.990022 (0) 0.003373 (1) 0.001664 (1) 0.002476 (1) 0.002464 (1) 
Residue: TYR 102  0.999819 (1) 0.000181 (0) 
Residue: HIP 106  0.011655 (2) 0.922891 (1) 0.065454 (1) 
Residue: HIP 111  0.003485 (2) 0.861960 (1) 0.134555 (1) 
Residue: GL4 114  0.999540 (0) 0.000015 (1) 0.000020 (1) 0.000016 (1) 0.000409 (1) 
Residue: TYR 117  0.999992 (1) 0.000008 (0) 
Residue: GL4 122  0.998181 (0) 0.000325 (1) 0.000543 (1) 0.000307 (1) 0.000644 (1) 
Residue: TYR 127  0.999892 (1) 0.000108 (0) 
Residue: TYR 140  0.999984 (1) 0.000016 (0) 
Residue: GL4 143  0.995607 (0) 0.001148 (1) 0.001113 (1) 0.001118 (1) 0.001013 (1) 
Residue: TYR 145  0.999962 (1) 0.000038 (0) 
Residue: HIP 149  0.031912 (2) 0.865323 (1) 0.102765 (1) 
Residue: HIP 154  0.002423 (2) 0.871860 (1) 0.125717 (1) 
Residue: GL4 157  0.997677 (0) 0.001026 (1) 0.000187 (1) 0.000877 (1) 0.000234 (1) 
Residue: TYR 160  0.999991 (1) 0.000009 (0) 
Residue: GL4 165  0.996573 (0) 0.001438 (1) 0.000430 (1) 0.000977 (1) 0.000583 (1) 
Residue: TYR 170  0.999899 (1) 0.000101 (0) 
Residue: TYR 183  0.997655 (1) 0.002345 (0) 
Residue: GL4 186  0.999314 (0) 0.000231 (1) 0.000118 (1) 0.000201 (1) 0.000136 (1) 
Residue: TYR 188  0.998301 (1) 0.001699 (0) 
Residue: HIP 192  0.000854 (2) 0.631082 (1) 0.368064 (1) 
Residue: HIP 197  0.004144 (2) 0.881085 (1) 0.114771 (1) 
Residue: GL4 200  0.998796 (0) 0.000158 (1) 0.000379 (1) 0.000193 (1) 0.000474 (1) 
Residue: TYR 203  0.999253 (1) 0.000747 (0) 
Residue: GL4 208  0.998562 (0) 0.000088 (1) 0.000675 (1) 0.000098 (1) 0.000577 (1) 
Residue: TYR 213  0.998142 (1) 0.001858 (0) 
Residue: TYR 226  0.999943 (1) 0.000057 (0) 
Residue: GL4 229  0.998822 (0) 0.000488 (1) 0.000108 (1) 0.000466 (1) 0.000116 (1) 
Residue: TYR 231  0.999396 (1) 0.000604 (0) 
Residue: HIP 235  0.005746 (2) 0.945352 (1) 0.048903 (1) 
Residue: HIP 240  0.003836 (2) 0.884866 (1) 0.111298 (1) 
Residue: GL4 243  0.999749 (0) 0.000138 (1) 0.000013 (1) 0.000099 (1) 0.000000 (1) 
Residue: TYR 246  0.999982 (1) 0.000018 (0) 
Residue: GL4 251  0.995065 (0) 0.000572 (1) 0.001644 (1) 0.000514 (1) 0.002205 (1) 
Residue: TYR 256  0.999738 (1) 0.000262 (0) 
