# 1    2
# pH   Residue
0.00 0.000 0.001 0.000 0.000 0.000 0.007 0.000 0.003 0.000 0.000 0.000 0.000 0.000 0.000 0.000 0.000 0.000 0.000 0.000 0.001 0.000 0.000 0.000 0.797 0.000 0.001 0.000 0.000 0.005 0.000 0.000 0.000 0.184 0.000 0.001 0.000 0.000 0.000 0.000 0.000 0.000 0.000 0.000 0.000 0.000 0.000 0.001 0.000 0.000 0.000 0.014 0.000 0.000 0.000  
0.50 0.000 0.003 0.000 0.000 0.000 0.018 0.000 0.009 0.000 0.000 0.000 0.000 0.000 0.000 0.001 0.000 0.000 0.000 0.000 0.003 0.000 0.000 0.000 0.793 0.000 0.002 0.000 0.000 0.013 0.000 0.000 0.000 0.200 0.000 0.002 0.000 0.000 0.000 0.000 0.000 0.000 0.001 0.000 0.000 0.000 0.000 0.002 0.000 0.000 0.000 0.033 0.000 0.001 0.000  
1.00 0.000 0.008 0.000 0.000 0.000 0.047 0.000 0.028 0.000 0.000 0.001 0.000 0.000 0.000 0.002 0.000 0.001 0.000 0.000 0.010 0.000 0.000 0.000 0.764 0.000 0.008 0.000 0.000 0.037 0.000 0.000 0.000 0.238 0.000 0.006 0.000 0.000 0.001 0.000 0.000 0.000 0.002 0.000 0.000 0.000 0.000 0.005 0.000 0.000 0.000 0.084 0.000 0.002 0.000  
1.50 0.000 0.020 0.000 0.000 0.000 0.110 0.000 0.078 0.000 0.000 0.002 0.000 0.000 0.000 0.005 0.000 0.002 0.000 0.000 0.024 0.000 0.000 0.001 0.700 0.000 0.024 0.000 0.000 0.090 0.000 0.000 0.001 0.316 0.000 0.018 0.000 0.000 0.002 0.000 0.000 0.000 0.006 0.000 0.000 0.000 0.000 0.013 0.000 0.000 0.001 0.193 0.000 0.005 0.000  
2.00 0.000 0.047 0.000 0.000 0.001 0.205 0.000 0.188 0.000 0.000 0.004 0.000 0.000 0.000 0.011 0.000 0.005 0.000 0.000 0.050 0.000 0.000 0.002 0.621 0.000 0.065 0.000 0.000 0.179 0.000 0.001 0.003 0.417 0.000 0.043 0.000 0.000 0.005 0.000 0.000 0.000 0.011 0.000 0.001 0.000 0.000 0.029 0.000 0.001 0.002 0.338 0.000 0.015 0.000  
2.50 0.000 0.097 0.000 0.001 0.004 0.308 0.000 0.361 0.000 0.000 0.010 0.000 0.000 0.001 0.021 0.000 0.011 0.000 0.000 0.086 0.000 0.001 0.006 0.566 0.000 0.151 0.000 0.000 0.298 0.000 0.002 0.009 0.490 0.000 0.081 0.000 0.000 0.011 0.000 0.001 0.000 0.019 0.000 0.004 0.000 0.000 0.060 0.000 0.001 0.004 0.472 0.000 0.038 0.000  
3.00 0.000 0.172 0.000 0.003 0.011 0.416 0.000 0.551 0.000 0.000 0.021 0.000 0.001 0.003 0.039 0.000 0.020 0.000 0.000 0.129 0.000 0.003 0.018 0.551 0.000 0.286 0.000 0.000 0.417 0.000 0.007 0.026 0.515 0.000 0.109 0.000 0.000 0.023 0.000 0.002 0.001 0.033 0.000 0.010 0.000 0.000 0.117 0.000 0.003 0.012 0.586 0.000 0.080 0.000  
3.50 0.000 0.265 0.000 0.010 0.032 0.538 0.000 0.708 0.000 0.000 0.044 0.000 0.002 0.008 0.069 0.000 0.032 0.000 0.000 0.175 0.000 0.010 0.051 0.568 0.000 0.449 0.000 0.000 0.488 0.000 0.020 0.074 0.505 0.000 0.110 0.000 0.000 0.049 0.000 0.006 0.004 0.053 0.000 0.024 0.000 0.000 0.213 0.000 0.008 0.035 0.684 0.000 0.144 0.000  
4.00 0.000 0.363 0.000 0.026 0.086 0.650 0.000 0.809 0.000 0.000 0.085 0.000 0.007 0.022 0.116 0.000 0.048 0.000 0.000 0.226 0.000 0.029 0.126 0.592 0.000 0.579 0.000 0.000 0.517 0.000 0.053 0.182 0.491 0.000 0.108 0.000 0.000 0.092 0.000 0.018 0.009 0.075 0.000 0.054 0.000 0.000 0.343 0.000 0.022 0.091 0.764 0.000 0.209 0.000  
4.50 0.000 0.445 0.000 0.064 0.185 0.729 0.000 0.860 0.000 0.000 0.157 0.000 0.019 0.054 0.188 0.000 0.074 0.000 0.000 0.276 0.000 0.075 0.234 0.627 0.000 0.649 0.000 0.000 0.544 0.000 0.125 0.332 0.482 0.000 0.120 0.000 0.000 0.169 0.000 0.051 0.025 0.095 0.000 0.119 0.000 0.000 0.461 0.000 0.056 0.203 0.813 0.000 0.270 0.000  
5.00 0.000 0.489 0.000 0.142 0.325 0.765 0.000 0.870 0.000 0.000 0.272 0.000 0.048 0.114 0.310 0.000 0.119 0.000 0.000 0.312 0.000 0.156 0.330 0.679 0.000 0.688 0.000 0.000 0.606 0.000 0.245 0.462 0.486 0.000 0.167 0.000 0.000 0.287 0.000 0.128 0.057 0.118 0.000 0.248 0.000 0.000 0.552 0.000 0.129 0.364 0.837 0.000 0.326 0.000  
5.50 0.000 0.515 0.000 0.261 0.469 0.777 0.000 0.851 0.000 0.000 0.421 0.000 0.101 0.212 0.494 0.000 0.201 0.000 0.000 0.348 0.000 0.246 0.409 0.738 0.000 0.726 0.000 0.000 0.691 0.000 0.375 0.564 0.509 0.000 0.237 0.000 0.000 0.451 0.000 0.268 0.122 0.151 0.000 0.421 0.000 0.000 0.614 0.000 0.253 0.523 0.857 0.000 0.377 0.000  
6.00 0.000 0.543 0.000 0.394 0.592 0.797 0.000 0.826 0.000 0.000 0.589 0.000 0.192 0.336 0.698 0.000 0.332 0.000 0.000 0.385 0.000 0.335 0.504 0.797 0.000 0.775 0.000 0.000 0.764 0.000 0.475 0.659 0.543 0.000 0.316 0.000 0.000 0.638 0.000 0.466 0.242 0.220 0.000 0.591 0.000 0.000 0.684 0.000 0.415 0.627 0.888 0.000 0.408 0.000  
6.50 0.000 0.618 0.000 0.504 0.680 0.857 0.000 0.812 0.000 0.000 0.757 0.000 0.312 0.472 0.846 0.000 0.547 0.000 0.000 0.431 0.000 0.435 0.627 0.873 0.000 0.797 0.000 0.000 0.801 0.000 0.532 0.751 0.618 0.000 0.451 0.000 0.000 0.799 0.000 0.694 0.414 0.382 0.000 0.728 0.000 0.000 0.775 0.000 0.578 0.695 0.918 0.000 0.472 0.000  
7.00 0.000 0.722 0.000 0.558 0.766 0.922 0.000 0.823 0.000 0.000 0.884 0.000 0.458 0.623 0.927 0.000 0.746 0.000 0.000 0.524 0.000 0.550 0.750 0.938 0.000 0.834 0.000 0.000 0.813 0.000 0.585 0.835 0.740 0.000 0.639 0.000 0.000 0.900 0.000 0.859 0.611 0.632 0.000 0.837 0.000 0.000 0.859 0.000 0.702 0.754 0.950 0.000 0.594 0.000  
7.50 0.000 0.843 0.000 0.621 0.856 0.975 0.000 0.889 0.000 0.000 0.957 0.000 0.606 0.779 0.969 0.000 0.893 0.000 0.000 0.655 0.000 0.693 0.851 0.981 0.000 0.899 0.000 0.000 0.837 0.000 0.627 0.900 0.885 0.000 0.788 0.000 0.000 0.955 0.000 0.943 0.788 0.850 0.000 0.919 0.000 0.000 0.922 0.000 0.803 0.835 0.981 0.000 0.744 0.000  
8.00 0.000 0.924 0.000 0.705 0.928 0.991 0.000 0.949 0.000 0.000 0.980 0.000 0.760 0.897 0.988 0.000 0.961 0.000 0.000 0.805 0.000 0.827 0.926 0.994 0.000 0.953 0.000 0.000 0.908 0.000 0.700 0.950 0.955 0.000 0.908 0.000 0.000 0.983 0.000 0.977 0.904 0.952 0.000 0.965 0.000 0.000 0.968 0.000 0.894 0.917 0.993 0.000 0.885 0.000  
8.50 0.000 0.970 0.000 0.818 0.970 0.997 0.000 0.980 0.000 0.000 0.991 0.000 0.879 0.959 0.996 0.000 0.985 0.001 0.000 0.919 0.000 0.917 0.969 0.997 0.000 0.983 0.000 0.000 0.961 0.000 0.813 0.980 0.982 0.000 0.967 0.000 0.000 0.994 0.000 0.992 0.964 0.986 0.000 0.987 0.000 0.000 0.989 0.000 0.954 0.966 0.997 0.000 0.957 0.000  
9.00 0.000 0.989 0.000 0.918 0.989 0.999 0.000 0.993 0.000 0.001 0.996 0.001 0.950 0.986 0.999 0.000 0.994 0.003 0.000 0.971 0.000 0.967 0.989 0.999 0.000 0.994 0.000 0.000 0.986 0.000 0.914 0.993 0.993 0.000 0.989 0.000 0.001 0.998 0.001 0.997 0.988 0.996 0.000 0.995 0.001 0.000 0.996 0.000 0.983 0.988 0.999 0.000 0.985 0.000  
9.50 0.000 0.996 0.001 0.970 0.996 1.000 0.000 0.998 0.000 0.005 0.999 0.004 0.982 0.995 1.000 0.000 0.998 0.011 0.000 0.990 0.000 0.988 0.997 1.000 0.000 0.998 0.000 0.000 0.996 0.000 0.968 0.998 0.998 0.000 0.997 0.000 0.002 0.999 0.002 0.999 0.996 0.999 0.001 0.999 0.002 0.000 0.999 0.001 0.994 0.996 1.000 0.000 0.995 0.000  
10.00 0.000 0.999 0.002 0.990 0.999 1.000 0.000 0.999 0.001 0.015 1.000 0.012 0.994 0.998 1.000 0.001 0.999 0.035 0.000 0.997 0.001 0.996 0.999 1.000 0.000 0.999 0.000 0.000 0.999 0.000 0.989 0.999 0.999 0.000 0.999 0.000 0.007 1.000 0.005 1.000 0.999 1.000 0.002 1.000 0.006 0.000 1.000 0.002 0.998 0.999 1.000 0.000 0.999 0.001  
10.50 0.001 1.000 0.005 0.997 1.000 1.000 0.000 1.000 0.002 0.045 1.000 0.036 0.998 0.999 1.000 0.004 1.000 0.105 0.000 0.999 0.002 0.999 1.000 1.000 0.000 1.000 0.001 0.000 1.000 0.000 0.996 1.000 1.000 0.000 1.000 0.001 0.023 1.000 0.016 1.000 1.000 1.000 0.008 1.000 0.019 0.001 1.000 0.006 0.999 1.000 1.000 0.000 1.000 0.002  
11.00 0.003 1.000 0.015 0.999 1.000 1.000 0.000 1.000 0.005 0.137 1.000 0.106 0.999 1.000 1.000 0.014 1.000 0.277 0.001 1.000 0.005 1.000 1.000 1.000 0.000 1.000 0.003 0.001 1.000 0.001 0.999 1.000 1.000 0.000 1.000 0.003 0.072 1.000 0.048 1.000 1.000 1.000 0.026 1.000 0.059 0.002 1.000 0.018 1.000 1.000 1.000 0.001 1.000 0.007  
11.50 0.015 1.000 0.040 1.000 1.000 1.000 0.001 1.000 0.015 0.370 1.000 0.267 1.000 1.000 1.000 0.041 1.000 0.566 0.003 1.000 0.014 1.000 1.000 1.000 0.001 1.000 0.010 0.002 1.000 0.003 1.000 1.000 1.000 0.001 1.000 0.007 0.206 1.000 0.141 1.000 1.000 1.000 0.101 1.000 0.171 0.005 1.000 0.049 1.000 1.000 1.000 0.003 1.000 0.018  
12.00 0.081 1.000 0.092 1.000 1.000 1.000 0.002 1.000 0.047 0.737 1.000 0.510 1.000 1.000 1.000 0.123 1.000 0.835 0.009 1.000 0.032 1.000 1.000 1.000 0.003 1.000 0.023 0.007 1.000 0.008 1.000 1.000 1.000 0.002 1.000 0.019 0.476 1.000 0.327 1.000 1.000 1.000 0.372 1.000 0.428 0.011 1.000 0.113 1.000 1.000 1.000 0.012 1.000 0.043  
12.50 0.284 1.000 0.198 1.000 1.000 1.000 0.004 1.000 0.138 0.930 1.000 0.737 1.000 1.000 1.000 0.327 1.000 0.953 0.034 1.000 0.067 1.000 1.000 1.000 0.008 1.000 0.052 0.030 1.000 0.016 1.000 1.000 1.000 0.006 1.000 0.062 0.754 1.000 0.556 1.000 1.000 1.000 0.739 1.000 0.711 0.023 1.000 0.189 1.000 1.000 1.000 0.044 1.000 0.076  
13.00 0.586 1.000 0.397 1.000 1.000 1.000 0.009 1.000 0.320 0.982 1.000 0.878 1.000 1.000 1.000 0.624 1.000 0.985 0.108 1.000 0.132 1.000 1.000 1.000 0.022 1.000 0.130 0.097 1.000 0.032 1.000 1.000 1.000 0.017 1.000 0.143 0.902 1.000 0.738 1.000 1.000 1.000 0.926 1.000 0.868 0.053 1.000 0.252 1.000 1.000 1.000 0.136 1.000 0.129  
13.50 0.811 1.000 0.672 1.000 1.000 1.000 0.015 1.000 0.573 0.996 1.000 0.951 1.000 1.000 1.000 0.837 1.000 0.994 0.308 1.000 0.221 1.000 1.000 1.000 0.052 1.000 0.323 0.244 1.000 0.043 1.000 1.000 1.000 0.039 1.000 0.183 0.960 1.000 0.857 1.000 1.000 1.000 0.978 1.000 0.946 0.151 1.000 0.343 1.000 1.000 1.000 0.337 1.000 0.193  
