
Initial FFT Block Distribution Based on Workload Estimate:

  FFT blocks assigned to   12 tasks

First FFT Block Distribution Based on Actual Workload:

  FFT blocks assigned to   24 tasks

Image Distribution at run step     316:

  Count of images assigned to each task:
          940     1267      393     1280     1106      413     1201      363
         1306     1282      368      970     1233      380     1353      438
         1335     1273      410     1358     1331      345     1319      372
         1375     1355      356     1351     1383      355     1416      371
         1393     1474      436     1448     1469      422     1562      535
         1607     1353      464     1564     1428      404     1253      364
         1367     1344      374     1231     1255      380     1298      357
         1307     1077      320     1301     1285      286     1288      327

Atom Distribution No.     4 at run step    2857:

  Count of atoms assigned to each task:
          936     1266      393     1290     1113      402     1203      351
         1287     1284      378      975     1215      375     1323      423
         1302     1257      417     1323     1314      348     1281      378
         1389     1341      384     1341     1374      366     1386      393
         1407     1491      435     1482     1494      435     1572      531
         1617     1356      471     1557     1452      423     1281      372
         1359     1374      384     1236     1254      363     1302      360
         1296     1074      330     1287     1278      288     1290      312

Atom Distribution No.     5 at run step    5683:

  Count of atoms assigned to each task:
         1191     1272      423     1275     1230      399     1059      405
         1287     1287      357     1056     1053      429     1320      450
         1257     1212      459     1296     1293      405     1290      405
         1332     1317      447     1350     1362      438     1422      438
         1407     1431      474     1428     1458      510     1515      609
         1503     1362      549     1530     1401      438     1248      414
         1356     1317      423     1212     1266      342     1296      369
         1005     1209      360     1272     1284      345     1110      312

Atom Distribution No.     6 at run step    8498:

  Count of atoms assigned to each task:
         1224     1281      363     1284     1116      378     1230      411
         1281     1305      420     1083     1095      396     1317      444
         1284     1248      438     1311     1320      366     1338      378
         1365     1317      408     1371     1368      408     1428      408
         1398     1473      450     1461     1491      471     1554      570
         1461     1392      525     1563     1371      393     1275      405
         1362     1353      378     1062     1278      339     1296      345
         1278     1065      318     1290     1287      297     1107      279

Atom Distribution No.     7 at run step   11306:

  Count of atoms assigned to each task:
         1191     1293      387     1275     1095      396     1203      399
         1272     1272      408     1071     1083      417     1293      459
         1278     1251      450     1323     1311      396     1332      441
         1344     1314      423     1341     1362      426     1410      429
         1380     1461      483     1443     1419      510     1548      600
         1470     1338      528     1509     1374      441     1260      417
         1350     1326      432     1224     1266      342     1284      348
         1116     1065      351     1284     1290      348     1119      300

Atom Distribution No.     8 at run step   14086:

  Count of atoms assigned to each task:
         1203     1266      435     1278     1107      405     1206      366
         1281     1284      429     1092     1062      381     1308      441
         1317     1257      408     1281     1332      408     1311      435
         1365     1368      462     1314     1419      402     1383      417
         1392     1422      492     1449     1455      504     1575      525
         1413     1542      552     1455     1296      435     1323      408
         1311     1302      399     1227     1287      336     1275      330
         1116     1062      363     1284     1275      327     1113      303

Atom Distribution No.     9 at run step   16847:

  Count of atoms assigned to each task:
         1083     1290      372     1290     1281      372     1077      342
         1287     1296      372     1107     1098      336     1302      366
         1329     1269      402     1284     1350      372     1332      375
         1398     1398      408     1323     1413      378     1431      384
         1434     1485      435     1455     1503      480     1581      495
         1353     1533      492     1485     1344      396     1320      384
         1359     1359      417     1242     1317      300     1314      342
         1167     1236      351     1332     1314      258     1137      234

Atom Distribution No.    10 at run step   19641:

  Count of atoms assigned to each task:
         1065     1260      372     1266     1104      387     1212      387
         1266     1290      366     1092     1086      348     1293      390
         1338     1272      408     1287     1320      393     1323      405
         1341     1368      426     1314     1371      420     1431      414
         1425     1428      480     1425     1515      498     1629      516
         1374     1485      549     1467     1332      420     1323      411
         1335     1332      420     1230     1296      330     1299      369
         1167     1230      354     1305     1296      321     1137      258

Atom Distribution No.    11 at run step   22430:

  Count of atoms assigned to each task:
         1059     1290      381     1284     1266      399     1041      369
         1284     1287      378     1236     1074      369     1143      381
         1317     1263      435     1269     1305      408     1338      423
         1338     1353      417     1341     1383      420     1407      405
         1452     1464      501     1395     1485      504     1641      531
         1365     1464      564     1452     1326      429     1311      393
         1338     1314      420     1233     1299      327     1290      336
         1149     1260      369     1299     1302      300     1128      267

Atom Distribution No.    12 at run step   25224:

  Count of atoms assigned to each task:
         1077     1272      381     1287     1272      387     1053      357
         1278     1305      369     1080     1083      375     1314      384
         1317     1269      435     1296     1323      390     1326      411
         1371     1341      423     1314     1419      405     1425      405
         1473     1443      486     1380     1440      453     1653      486
         1374     1413      540     1422     1377      435     1296      420
         1356     1344      432     1224     1293      315     1323      354
         1140     1248      369     1314     1326      309     1128      261

Atom Distribution No.    13 at run step   28011:

  Count of atoms assigned to each task:
         1200     1284      390     1281     1089      372     1194      405
         1278     1314      414     1068     1077      402     1311      414
         1311     1254      441     1314     1335      420     1308      417
         1371     1362      441     1311     1404      384     1386      402
         1479     1440      486     1374     1467      501     1578      495
         1359     1434      531     1437     1317      432     1293      423
         1329     1323      435     1221     1284      321     1329      375
         1137     1080      372     1293     1317      348     1110      297

Atom Distribution No.    14 at run step   30818:

  Count of atoms assigned to each task:
         1206     1290      393     1290     1086      375     1227      438
         1287     1296      444     1089     1101      393     1317      429
         1317     1263      447     1320     1323      417     1314      411
         1371     1383      423     1314     1380      387     1383      408
         1437     1455      468     1389     1437      471     1557      522
         1350     1431      507     1425     1317      417     1296      405
         1335     1305      435     1221     1314      330     1311      366
         1149     1071      351     1311     1317      327     1122      300

Atom Distribution No.    15 at run step   33648:

  Count of atoms assigned to each task:
         1062     1296      429     1290     1092      378     1218      444
         1296     1293      399     1074     1116      402     1296      420
         1308     1242      432     1311     1329      411     1290      396
         1392     1365      423     1296     1401      420     1389      381
         1419     1449      516     1380     1428      495     1584      504
         1383     1395      504     1389     1332      456     1299      426
         1320     1332      447     1221     1281      324     1308      366
         1149     1236      384     1305     1308      348     1110      282

Atom Distribution No.    16 at run step   36472:

  Count of atoms assigned to each task:
         1209     1272      399     1278     1095      408     1224      432
         1281     1302      435     1080     1098      408     1302      468
         1305     1269      456     1317     1335      423     1293      411
         1347     1356      429     1329     1371      396     1386      414
         1410     1485      513     1359     1452      456     1539      519
         1344     1383      495     1392     1296      474     1299      432
         1341     1317      423     1251     1284      336     1320      366
         1137     1068      375     1299     1290      345     1122      321

Atom Distribution No.    17 at run step   39262:

  Count of atoms assigned to each task:
         1212     1287      405     1281     1089      399     1227      456
         1278     1317      441     1098     1119      414     1317      456
         1290     1278      450     1323     1305      399     1299      420
         1377     1350      447     1308     1419      435     1368      396
         1431     1449      531     1374     1443      513     1548      498
         1344     1365      510     1380     1293      459     1278      429
         1326     1332      426     1218     1281      324     1305      357
         1125     1074      357     1305     1293      345     1107      291

Atom Distribution No.    18 at run step   42082:

  Count of atoms assigned to each task:
         1200     1311      402     1281     1098      396     1227      450
         1302     1302      453     1104     1122      414     1314      465
         1299     1281      456     1323     1323      417     1311      405
         1362     1350      426     1299     1395      411     1374      390
         1374     1461      534     1350     1428      492     1566      510
         1350     1350      480     1368     1326      468     1293      435
         1329     1341      429     1224     1281      345     1308      357
         1146     1065      357     1302     1290      342     1113      294

Atom Distribution No.    19 at run step   44889:

  Count of atoms assigned to each task:
         1047     1284      408     1287     1110      405     1221      414
         1284     1329      408     1077     1101      432     1320      450
         1302     1299      468     1335     1296      429     1308      411
         1374     1320      429     1272     1386      435     1371      372
         1350     1491      504     1368     1359      450     1551      531
         1353     1329      477     1410     1344      459     1290      432
         1353     1347      447     1248     1257      372     1317      393
         1161     1215      399     1302     1314      354     1113      297

Atom Distribution No.    20 at run step   47696:

  Count of atoms assigned to each task:
         1065     1299      429     1296     1101      432     1215      441
         1299     1293      405     1077     1101      411     1329      471
         1290     1275      447     1332     1320      408     1302      387
         1347     1356      450     1281     1392      417     1398      378
         1338     1476      534     1356     1332      465     1563      513
         1380     1344      468     1374     1359      462     1284      426
         1338     1347      441     1254     1251      360     1326      402
         1284     1062      390     1305     1311      354     1119      309

Atom Distribution No.    21 at run step   50488:

  Count of atoms assigned to each task:
         1065     1299      429     1290     1095      426     1224      426
         1308     1293      408     1077     1101      420     1335      471
         1293     1284      471     1332     1311      420     1302      408
         1365     1326      426     1275     1389      420     1356      387
         1332     1470      540     1371     1317      471     1563      546
         1362     1329      486     1386     1329      468     1305      438
         1323     1338      447     1260     1269      366     1299      396
         1152     1236      399     1305     1314      327     1110      285

Atom Distribution No.    22 at run step   53298:

  Count of atoms assigned to each task:
         1062     1293      411     1287     1086      408     1221      438
         1293     1287      402     1074     1122      423     1320      459
         1281     1275      459     1323     1305      417     1287      405
         1353     1356      435     1266     1371      435     1380      399
         1311     1467      537     1368     1317      450     1488      543
         1377     1326      468     1356     1353      471     1305      429
         1317     1368      459     1290     1236      366     1326      414
         1341     1095      387     1293     1332      405     1125      318

Atom Distribution No.    23 at run step   56102:

  Count of atoms assigned to each task:
         1200     1338      390     1308     1101      387     1257      396
         1302     1314      450     1119     1137      405     1329      447
         1296     1311      441     1317     1326      393     1323      402
         1383     1350      420     1299     1386      384     1365      378
         1338     1497      528     1338     1326      435     1485      483
         1368     1326      465     1371     1320      462     1305      459
         1377     1344      441     1266     1272      369     1338      384
         1320     1086      345     1161     1338      357     1119      294

Atom Distribution No.    24 at run step   58920:

  Count of atoms assigned to each task:
         1068     1305      438     1320     1101      414     1239      420
         1305     1290      465     1116     1122      420     1320      456
         1299     1287      450     1317     1299      417     1302      420
         1356     1326      447     1281     1368      432     1368      384
         1305     1440      543     1344     1317      444     1473      507
         1362     1326      474     1347     1329      471     1299      456
         1332     1338      465     1275     1257      360     1329      417
         1176     1251      381     1296     1335      336     1137      297

Atom Distribution No.    25 at run step   61701:

  Count of atoms assigned to each task:
         1077     1311      420     1299     1104      396     1260      405
         1314     1296      480     1113     1140      423     1335      465
         1302     1317      471     1335     1302      414     1317      408
         1389     1314      441     1281     1374      429     1332      381
         1290     1425      510     1317     1311      441     1419      513
         1353     1332      474     1326     1329      462     1311      450
         1335     1347      453     1308     1260      369     1335      414
         1338     1107      393     1320     1323      330     1128      303

Atom Distribution No.    26 at run step   64497:

  Count of atoms assigned to each task:
         1194     1320      426     1281     1089      417     1251      429
         1293     1305      465     1110     1146      429     1335      459
         1287     1320      486     1332     1305      417     1320      432
         1377     1335      438     1281     1389      405     1335      393
         1323     1410      513     1308     1320      444     1380      510
         1332     1314      468     1332     1323      471     1290      456
         1338     1344      468     1293     1245      402     1320      414
         1338     1110      384     1140     1311      390     1140      339

Atom Distribution No.    27 at run step   67309:

  Count of atoms assigned to each task:
         1059     1293      438     1296     1098      414     1245      450
         1308     1284      471     1125     1137      441     1308      474
         1293     1308      504     1329     1299      453     1332      444
         1350     1311      432     1281     1359      435     1323      399
         1287     1386      513     1317     1305      444     1368      501
         1368     1329      480     1314     1332      483     1305      468
         1311     1353      471     1308     1221      396     1320      429
         1341     1089      396     1290     1308      384     1128      333

Atom Distribution No.    28 at run step   70115:

  Count of atoms assigned to each task:
         1068     1302      432     1314     1095      411     1248      435
         1299     1299      471     1116     1134      435     1323      474
         1305     1305      489     1329     1293      435     1335      429
         1359     1323      435     1266     1335      429     1350      402
         1299     1338      513     1326     1332      444     1356      510
         1344     1353      486     1323     1326      471     1332      456
         1347     1353      447     1287     1257      396     1326      411
         1338     1092      378     1293     1323      375     1143      321

Atom Distribution No.    29 at run step   72929:

  Count of atoms assigned to each task:
         1200     1293      444     1299     1113      432     1239      435
         1305     1296      465     1125     1149      468     1317      462
         1305     1326      468     1335     1305      450     1317      441
         1362     1332      408     1266     1332      390     1323      363
         1314     1353      516     1311     1329      438     1353      507
         1323     1344      462     1326     1320      456     1329      465
         1347     1362      441     1290     1254      459     1341      441
         1335     1089      378     1152     1329      375     1131      336

Atom Distribution No.    30 at run step   75733:

  Count of atoms assigned to each task:
         1068     1299      438     1281     1095      426     1245      453
         1293     1287      498     1113     1113      465     1329      489
         1293     1287      489     1320     1311      453     1323      444
         1338     1329      426     1296     1314      387     1332      399
         1323     1332      489     1323     1317      447     1344      525
         1347     1338      477     1326     1326      498     1305      465
         1320     1344      444     1287     1260      408     1326      432
         1335     1104      402     1308     1323      393     1137      333

Atom Distribution No.    31 at run step   78562:

  Count of atoms assigned to each task:
         1080     1302      420     1302     1104      417     1251      417
         1314     1290      474     1122     1140      423     1320      450
         1317     1317      462     1320     1338      429     1347      420
         1350     1362      411     1296     1329      393     1350      360
         1311     1332      480     1338     1326      429     1347      492
         1341     1347      465     1350     1335      462     1323      465
         1338     1338      432     1305     1272      408     1341      426
         1332     1110      396     1317     1320      405     1140      321

Atom Distribution No.    32 at run step   81379:

  Count of atoms assigned to each task:
         1074     1293      465     1305     1098      426     1245      432
         1302     1299      489     1116     1137      426     1317      471
         1299     1320      483     1335     1314      441     1311      429
         1359     1317      396     1278     1338      393     1332      366
         1308     1353      495     1320     1332      444     1359      498
         1344     1332      468     1323     1335      489     1308      453
         1326     1341      444     1296     1269      429     1314      432
         1341     1110      417     1335     1329      363     1137      321

Atom Distribution No.    33 at run step   84179:

  Count of atoms assigned to each task:
         1215     1308      477     1284     1095      435     1248      447
         1296     1281      459     1122     1146      441     1317      474
         1287     1338      474     1332     1302      435     1329      417
         1362     1326      432     1278     1326      405     1353      372
         1317     1356      492     1323     1329      450     1365      507
         1335     1314      477     1356     1338      480     1305      453
         1356     1353      438     1275     1248      426     1353      429
         1329     1107      363     1146     1335      366     1116      321

Atom Distribution No.    34 at run step   86979:

  Count of atoms assigned to each task:
         1068     1305      423     1293     1098      411     1272      441
         1323     1293      477     1137     1152      441     1308      477
         1296     1320      477     1302     1311      459     1338      429
         1332     1335      438     1293     1323      411     1341      396
         1311     1347      489     1326     1329      438     1353      486
         1329     1326      453     1329     1323      471     1302      459
         1326     1335      450     1293     1260      384     1350      438
         1356     1125      399     1323     1341      351     1137      312

Atom Distribution No.    35 at run step   89806:

  Count of atoms assigned to each task:
         1077     1299      423     1326     1098      399     1266      417
         1323     1302      456     1149     1161      420     1350      447
         1314     1323      450     1350     1314      423     1338      414
         1368     1344      390     1296     1365      387     1353      345
         1308     1395      489     1323     1335      435     1380      471
         1338     1347      444     1344     1335      453     1317      447
         1347     1359      432     1305     1257      414     1341      420
         1365     1095      390     1317     1362      336     1110      273

Atom Distribution No.    36 at run step   92623:

  Count of atoms assigned to each task:
         1062     1275      447     1296     1092      417     1233      444
         1305     1290      477     1113     1140      447     1317      474
         1287     1317      477     1323     1317      459     1332      432
         1338     1320      450     1275     1326      411     1341      375
         1299     1350      501     1344     1323      456     1347      513
         1350     1347      468     1320     1311      483     1335      471
         1332     1329      456     1323     1245      432     1320      444
         1341     1089      411     1314     1317      354     1122      315

Atom Distribution No.    37 at run step   95456:

  Count of atoms assigned to each task:
         1227     1311      447     1302     1110      432     1266      423
         1305     1284      480     1158     1149      459     1305      459
         1320     1335      468     1320     1314      432     1341      417
         1347     1341      420     1296     1329      387     1347      363
         1323     1356      492     1323     1317      438     1353      501
         1329     1323      459     1317     1305      483     1314      462
         1326     1332      426     1311     1245      426     1335      423
         1341     1116      375     1149     1326      375     1152      324

Atom Distribution No.    38 at run step   98259:

  Count of atoms assigned to each task:
         1056     1290      468     1302     1092      432     1251      468
         1299     1011      429     1263     1287      450     1332      483
         1293     1311      510     1314     1290      468     1317      465
         1320     1323      432     1272     1323      408     1344      402
         1281     1344      489     1326     1326      456     1338      513
         1335     1329      483     1311     1338      474     1296      489
         1305     1338      468     1296     1242      393     1305      435
         1341     1113      399     1278     1308      429     1149      339

Atom Distribution No.    39 at run step  101104:

  Count of atoms assigned to each task:
         1062     1296      444     1311     1101      417     1251      429
         1314     1290      471     1011     1302      441     1344      450
         1302     1329      462     1329     1311      435     1332      420
         1359     1329      417     1287     1347      390     1347      393
         1308     1365      489     1344     1323      426     1359      507
         1347     1338      486     1329     1341      477     1308      453
         1332     1353      450     1287     1239      417     1299      426
         1326     1089      396     1305     1323      360     1137      309

Atom Distribution No.    40 at run step  103881:

  Count of atoms assigned to each task:
         1068     1314      471     1293     1104      414     1230      456
         1278     1290      471     1131     1131      420     1323      468
         1299     1317      474     1332     1308      450     1314      429
         1359     1332      435     1278     1356      411     1356      399
         1317     1341      492     1332     1326      432     1341      507
         1341     1341      462     1326     1311      459     1323      465
         1341     1347      432     1299     1266      420     1332      429
         1338     1092      402     1320     1329      357     1125      315

Atom Distribution No.    41 at run step  106708:

  Count of atoms assigned to each task:
         1218     1332      477     1299     1104      438     1266      438
         1308     1281      462     1149     1155      441     1317      462
         1290     1338      468     1305     1290      435     1335      438
         1332     1329      426     1287     1326      378     1323      354
         1302     1341      480     1302     1338      438     1344      498
         1344     1350      468     1323     1335      465     1338      477
         1344     1368      438     1293     1242      435     1338      432
         1335     1101      381     1155     1320      390     1128      327

Atom Distribution No.    42 at run step  109554:

  Count of atoms assigned to each task:
         1218     1320      465     1305     1095      438     1248      429
         1320     1005      426     1272     1293      441     1335      465
         1308     1353      477     1329     1290      423     1356      441
         1362     1317      405     1299     1350      390     1332      378
         1317     1368      489     1317     1332      462     1374      486
         1320     1329      483     1335     1302      471     1308      465
         1332     1332      432     1296     1230      441     1326      423
         1350     1089      372     1143     1329      381     1140      312

Atom Distribution No.    43 at run step  112343:

  Count of atoms assigned to each task:
         1215     1329      447     1302     1101      420     1266      408
         1317     1305      468     1011     1344      435     1338      450
         1317     1356      453     1338     1302      423     1353      459
         1350     1326      408     1308     1344      369     1332      363
         1326     1365      486     1317     1332      429     1371      459
         1335     1344      468     1338     1329      429     1326      444
         1332     1338      399     1311     1251      432     1332      405
         1365     1098      351     1155     1341      351     1149      306

Atom Distribution No.    44 at run step  115167:

  Count of atoms assigned to each task:
         1062     1281      429     1308     1119      411     1236      435
         1317     1026      414     1263     1293      432     1338      471
         1305     1326      489     1329     1311      441     1326      444
         1344     1335      429     1296     1338      411     1329      384
         1308     1356      489     1308     1329      435     1323      510
         1353     1359      471     1314     1338      465     1320      486
         1326     1353      483     1317     1245      393     1338      438
         1341     1104      384     1308     1323      339     1140      303

Atom Distribution No.    45 at run step  117974:

  Count of atoms assigned to each task:
         1200     1305      453     1296     1101      432     1257      420
         1311     1293      456     1014     1281      444     1329      456
         1302     1323      492     1329     1329      453     1329      423
         1332     1317      435     1284     1329      390     1323      369
         1308     1374      486     1308     1329      438     1350      507
         1326     1338      483     1326     1329      498     1296      471
         1335     1350      471     1290     1236      420     1341      417
         1347     1092      402     1146     1314      390     1119      327

Atom Distribution No.    46 at run step  120788:

  Count of atoms assigned to each task:
         1068     1317      444     1299     1110      414     1242      453
         1305      981      429     1242     1290      429     1335      474
         1305     1296      489     1308     1326      435     1311      456
         1335     1335      426     1281     1341      393     1320      429
         1311     1365      495     1311     1341      444     1365      501
         1332     1356      495     1311     1326      474     1311      474
         1323     1347      468     1287     1260      384     1326      429
         1344     1101      393     1314     1338      360     1143      324

Atom Distribution No.    47 at run step  123628:

  Count of atoms assigned to each task:
         1221     1317      450     1278     1089      441     1254      441
         1305     1281      459     1143     1149      432     1341      468
         1317     1335      477     1323     1311      438     1329      444
         1338     1326      429     1317     1326      423     1323      387
         1308     1350      498     1308     1320      462     1356      474
         1320     1347      459     1323     1305      480     1308      459
         1335     1371      438     1281     1245      435     1335      429
         1338     1101      384     1143     1326      372     1131      318

Atom Distribution No.    48 at run step  126405:

  Count of atoms assigned to each task:
         1224     1320      459     1305     1101      429     1248      429
         1320      996      417     1284     1317      420     1356      462
         1329     1344      483     1344     1305      429     1341      441
         1344     1335      411     1305     1335      387     1362      384
         1311     1362      471     1341     1317      444     1359      474
         1350     1338      483     1338     1323      468     1314      471
         1353     1338      423     1269     1284      423     1329      411
         1323     1101      336     1152     1338      342     1134      285

Atom Distribution No.    49 at run step  129188:

  Count of atoms assigned to each task:
         1086     1290      435     1317     1101      396     1251      411
         1305     1305      486     1002     1302      432     1359      456
         1326     1326      489     1338     1332      426     1326      429
         1344     1332      417     1299     1344      411     1332      372
         1320     1365      471     1323     1335      420     1353      489
         1350     1347      471     1344     1353      441     1323      453
         1338     1359      444     1293     1245      399     1332      408
         1338     1098      357     1317     1332      342     1131      303

Atom Distribution No.    50 at run step  132034:

  Count of atoms assigned to each task:
         1071     1287      447     1311     1110      423     1242      432
         1299     1296      486     1134     1149      444     1341      483
         1308     1320      486     1338     1308      435     1344      435
         1353     1317      441     1293     1353      414     1314      387
         1302     1371      495     1302     1314      447     1338      495
         1341     1335      462     1326     1341      456     1305      468
         1332     1347      432     1278     1263      402     1314      423
         1326     1101      396     1305     1323      372     1140      318

Atom Distribution No.    51 at run step  134842:

  Count of atoms assigned to each task:
         1215     1302      435     1287     1095      435     1260      441
         1305     1284      468     1137     1149      435     1335      483
         1317     1335      480     1326     1311      453     1338      438
         1344     1332      450     1281     1332      393     1356      411
         1308     1353      462     1320     1329      441     1356      492
         1350     1338      489     1323     1338      441     1308      459
         1335     1347      435     1293     1230      426     1341      441
         1332     1086      348     1149     1326      369     1131      312

Atom Distribution No.    52 at run step  137652:

  Count of atoms assigned to each task:
         1215     1314      456     1299     1086      462     1263      465
         1296      966      456     1272     1299      447     1326      492
         1329     1299      483     1320     1299      456     1311      453
         1341     1317      426     1278     1320      408     1323      396
         1311     1347      507     1311     1311      465     1341      510
         1338     1302      495     1305     1311      489     1287      486
         1350     1347      495     1290     1251      420     1323      438
         1332     1089      381     1134     1314      378     1119      321

Atom Distribution No.    53 at run step  140477:

  Count of atoms assigned to each task:
         1200     1293      459     1287     1074      447     1254      423
         1299     1281      486     1023     1290      456     1332      471
         1323     1335      489     1317     1320      465     1320      450
         1332     1326      423     1281     1320      384     1323      375
         1296     1350      501     1311     1320      471     1368      498
         1329     1329      486     1314     1308      468     1302      480
         1338     1344      462     1290     1242      426     1332      420
         1161     1092      399     1305     1311      396     1122      342

Atom Distribution No.    54 at run step  143297:

  Count of atoms assigned to each task:
         1074     1314      465     1299     1080      414     1257      426
         1302     1299      486     1128     1149      438     1344      474
         1320     1323      489     1314     1335      450     1326      450
         1338     1326      423     1293     1344      420     1329      399
         1326     1365      501     1314     1341      450     1350      483
         1332     1332      471     1311     1320      456     1305      462
         1332     1338      426     1281     1251      387     1317      417
         1323     1089      402     1293     1320      408     1137      303

Atom Distribution No.    55 at run step  146095:

  Count of atoms assigned to each task:
         1074     1314      438     1305     1086      411     1251      459
         1311     1287      492     1128     1179      432     1335      477
         1344     1341      480     1317     1323      462     1341      441
         1344     1338      438     1290     1326      399     1329      405
         1305     1356      450     1311     1305      441     1347      510
         1314     1335      459     1320     1323      465     1299      465
         1341     1350      432     1284     1254      408     1332      438
         1326     1095      408     1317     1332      345     1125      282

Atom Distribution No.    56 at run step  148911:

  Count of atoms assigned to each task:
         1239     1329      447     1308     1089      423     1296      429
         1329     1299      477     1149     1152      444     1338      450
         1323     1341      450     1329     1308      450     1338      429
         1347     1320      414     1302     1320      369     1341      366
         1314     1365      486     1323     1323      432     1368      492
         1347     1326      462     1338     1326      435     1308      453
         1347     1356      435     1296     1248      420     1341      423
         1335     1098      351     1149     1332      357     1137      303

Atom Distribution No.    57 at run step  151729:

  Count of atoms assigned to each task:
         1215     1320      456     1311     1083      453     1251      438
         1308      987      414     1281     1305      441     1335      459
         1314     1335      480     1323     1299      456     1341      441
         1368     1320      444     1290     1344      402     1323      399
         1314     1368      501     1323     1332      450     1353      486
         1350     1332      471     1317     1326      441     1317      456
         1338     1344      438     1305     1248      423     1320      411
         1335     1095      363     1152     1311      378     1134      303

Atom Distribution No.    58 at run step  154519:

  Count of atoms assigned to each task:
         1242     1311      432     1278     1095      438     1275      417
         1305     1308      462     1020     1305      399     1338      456
         1329     1329      456     1329     1305      432     1344      420
         1350     1323      432     1326     1338      372     1356      378
         1341     1356      435     1347     1350      423     1374      480
         1377     1356      459     1326     1329      429     1314      456
         1368     1359      444     1287     1254      384     1359      444
         1173     1095      354     1311     1314      345     1134      294

Atom Distribution No.    59 at run step  157314:

  Count of atoms assigned to each task:
         1068     1299      468     1296     1095      429     1233      465
         1305      990      435     1236     1281      471     1338      495
         1302     1302      516     1323     1302      435     1329      468
         1338     1305      444     1269     1326      426     1326      411
         1281     1341      504     1332     1329      459     1335      504
         1353     1332      507     1302     1323      507     1329      504
         1311     1323      486     1299     1236      390     1323      408
         1320     1095      399     1308     1326      360     1098      321

Atom Distribution No.    60 at run step  160120:

  Count of atoms assigned to each task:
         1203     1305      471     1302     1101      435     1257      435
         1320     1269      495     1137     1143      471     1338      480
         1314     1314      492     1323     1284      444     1329      450
         1338     1305      429     1284     1320      402     1317      393
         1305     1359      501     1293     1302      438     1356      513
         1317     1323      495     1305     1341      495     1305      486
         1344     1353      456     1290     1266      411     1320      423
         1323     1098      375     1137     1308      375     1140      318

Atom Distribution No.    61 at run step  162942:

  Count of atoms assigned to each task:
         1086     1302      462     1302     1095      432     1248      456
         1335      990      411     1266     1287      456     1350      441
         1317     1311      495     1329     1317      447     1323      432
         1341     1320      423     1305     1341      399     1338      384
         1296     1353      495     1332     1314      432     1347      495
         1374     1329      474     1314     1341      465     1308      492
         1323     1341      474     1290     1257      372     1323      426
         1326     1107      405     1296     1335      348     1122      324

Atom Distribution No.    62 at run step  165720:

  Count of atoms assigned to each task:
         1071     1299      459     1314     1113      417     1254      438
         1314     1287      471      993     1299      453     1347      459
         1323     1338      498     1335     1296      444     1323      447
         1320     1320      441     1296     1317      414     1332      399
         1308     1332      504     1323     1311      453     1347      504
         1362     1329      462     1320     1335      450     1305      462
         1338     1332      429     1281     1257      411     1308      420
         1341     1101      399     1308     1311      345     1137      315

Atom Distribution No.    63 at run step  168515:

  Count of atoms assigned to each task:
         1062     1272      474     1308     1116      426     1236      438
         1296     1296      504     1125     1134      468     1347      483
         1320     1323      495     1332     1305      441     1317      474
         1326     1299      450     1278     1317      426     1320      402
         1302     1344      519     1323     1311      477     1335      519
         1344     1338      462     1323     1317      477     1308      453
         1329     1323      441     1290     1236      414     1311      417
         1326     1101      396     1281     1320      366     1131      327

Atom Distribution No.    64 at run step  171334:

  Count of atoms assigned to each task:
         1074     1302      465     1287     1101      441     1263      438
         1278     1287      501     1131     1152      459     1317      477
         1293     1326      510     1299     1287      435     1329      453
         1335     1302      444     1266     1323      411     1326      387
         1287     1335      504     1326     1302      447     1356      513
         1338     1347      477     1314     1326      483     1314      468
         1314     1338      438     1293     1260      420     1323      444
         1332     1101      408     1305     1335      369     1131      324

Atom Distribution No.    65 at run step  174145:

  Count of atoms assigned to each task:
         1068     1302      453     1314     1107      408     1263      444
         1308     1305      489     1140     1152      441     1332      468
         1314     1332      495     1338     1290      420     1335      432
         1356     1311      423     1290     1338      405     1347      381
         1302     1347      513     1329     1323      429     1347      480
         1341     1335      468     1329     1329      456     1305      468
         1323     1338      444     1284     1266      390     1329      429
         1329     1110      408     1305     1326      360     1128      300

Atom Distribution No.    66 at run step  176926:

  Count of atoms assigned to each task:
         1080     1299      447     1287     1116      423     1257      441
         1299     1299      498     1131     1140      462     1326      489
         1329     1329      489     1320     1317      444     1323      441
         1338     1299      414     1299     1332      396     1305      381
         1311     1353      504     1329     1320      441     1329      495
         1353     1335      486     1332     1335      462     1302      459
         1341     1362      453     1278     1266      405     1320      426
         1326     1095      405     1305     1320      345     1116      312

Atom Distribution No.    67 at run step  179721:

  Count of atoms assigned to each task:
         1059     1278      459     1296     1107      414     1233      438
         1293     1290      495     1119     1122      462     1341      495
         1314     1323      504     1314     1311      453     1335      477
         1329     1317      447     1302     1332      408     1329      396
         1305     1335      498     1338     1317      459     1353      510
         1347     1326      489     1311     1326      498     1305      474
         1329     1338      450     1287     1242      399     1308      411
         1335     1089      402     1302     1317      348     1119      312

Atom Distribution No.    68 at run step  182496:

  Count of atoms assigned to each task:
         1077     1296      447     1287     1101      426     1269      432
         1290     1284      501     1122     1143      456     1335      459
         1311     1326      498     1332     1299      420     1335      453
         1368     1320      420     1287     1350      384     1326      381
         1299     1350      486     1314     1317      438     1344      501
         1338     1317      486     1326     1338      465     1314      483
         1344     1362      471     1287     1248      381     1362      429
         1341     1086      399     1302     1338      348     1131      291

Atom Distribution No.    69 at run step  185302:

  Count of atoms assigned to each task:
         1209     1305      468     1290     1098      432     1257      435
         1305     1287      501     1155     1137      450     1341      498
         1317     1332      492     1314     1305      453     1338      444
         1341     1335      399     1281     1326      402     1335      399
         1278     1338      504     1320     1305      447     1344      513
         1338     1320      471     1320     1302      468     1320      480
         1329     1335      459     1299     1251      450     1341      444
         1326     1092      348     1134     1329      348     1116      321

Atom Distribution No.    70 at run step  188096:

  Count of atoms assigned to each task:
         1191     1314      486     1281     1068      465     1239      468
         1308      984      438     1251     1284      468     1338      480
         1290     1305      513     1317     1287      447     1320      477
         1356     1314      441     1290     1335      417     1326      405
         1281     1341      516     1320     1299      450     1353      507
         1323     1311      498     1311     1299      501     1305      492
         1332     1338      504     1281     1227      402     1314      423
         1164     1095      402     1272     1314      408     1131      354

Atom Distribution No.    71 at run step  190882:

  Count of atoms assigned to each task:
         1059     1272      462     1299     1089      423     1221      456
         1287     1302      501     1107     1125      462     1344      495
         1308     1299      510     1320     1314      453     1317      435
         1341     1329      447     1296     1332      414     1359      393
         1296     1341      495     1323     1332      444     1353      492
         1335     1332      489     1329     1311      495     1311      483
         1341     1341      465     1269     1233      411     1314      429
         1320     1089      405     1308     1314      360     1125      315

Atom Distribution No.    72 at run step  193698:

  Count of atoms assigned to each task:
         1068     1290      468     1296     1089      432     1248      447
         1302     1302      492     1113     1119      459     1344      486
         1308     1317      489     1317     1299      453     1317      444
         1329     1323      435     1296     1323      402     1347      375
         1293     1350      513     1320     1326      453     1353      513
         1341     1335      486     1335     1332      504     1308      480
         1329     1341      459     1278     1230      423     1314      432
         1311     1071      396     1305     1320      363     1107      321

Atom Distribution No.    73 at run step  196531:

  Count of atoms assigned to each task:
         1068     1311      453     1293     1104      423     1254      435
         1296     1287      483     1122     1152      453     1344      465
         1311     1317      507     1323     1311      453     1338      453
         1338     1332      420     1332     1329      393     1356      381
         1314     1359      465     1311     1323      417     1356      501
         1329     1323      468     1317     1335      462     1317      459
         1317     1341      447     1302     1239      390     1326      408
         1347     1101      405     1293     1332      387     1131      312

Atom Distribution No.    74 at run step  199320:

  Count of atoms assigned to each task:
         1056     1296      483     1299     1089      429     1248      459
         1302     1272      486     1134     1134      459     1326      483
         1311     1317      513     1329     1302      459     1347      468
         1338     1326      429     1299     1302      393     1347      378
         1275     1332      495     1308     1314      444     1350      507
         1338     1332      474     1332     1308      468     1308      483
         1326     1329      441     1293     1260      411     1317      435
         1314     1098      417     1308     1320      366     1137      318

Major Routine Parallel Profiling - NonSetup CPU Seconds:

           D                                                              
           a                                                              
           t                                                              
           a                              D                               
           D         N                    i                               
           i         o                    h                               
           s         n             A      e      S      R      O         T
   T       t         B      B      n      d      h      u      t         o
   a       r         o      o      g      r      a      n      h         t
   s       i         n      n      l      a      k      M      e         a
   k       b         d      d      e      l      e      D      r         l
------------------------------------------------------------------------------
   0   471.9    1028.8    0.6    9.6   39.6    6.3   69.2   20.9    1646.9
   1   456.9    1091.1    0.1    0.1    0.1    8.2   77.9   21.1    1655.4
   2   588.9     974.5    0.1    0.1    0.1    2.9   36.2   21.3    1624.1
   3   437.5    1100.9    0.1    0.1    0.1    8.2   81.4   21.1    1649.2
   4   489.1     997.4    0.9   14.4   61.1    5.8   65.3   21.1    1655.1
   5   566.6     989.1    0.1    0.1    0.1    2.8   45.2   21.9    1625.8
   6   411.3    1105.4    0.1    0.9    3.6    7.8   94.5   21.7    1645.4
   7   581.7     976.7    0.1    0.1    0.1    2.8   37.5   21.1    1620.0
   8   414.5    1111.9    0.1    0.1    0.1    8.2   94.2   21.4    1650.4
   9   435.6    1074.9    0.3    4.2   17.8    7.5   79.6   21.2    1641.0
  10   531.9     996.1    0.1    0.1    0.1    3.0   54.2   21.7    1607.1
  11   481.3     998.8    0.9   14.4   61.9    5.8   64.8   20.7    1648.6
  12   470.6    1021.5    0.7   11.9   48.7    6.5   69.8   21.1    1650.9
  13   568.3     981.8    0.1    0.1    0.1    2.8   52.2   21.3    1626.7
  14   420.1    1106.9    0.1    0.3    1.0    8.4   87.5   21.3    1645.5
  15   557.5     991.6    0.1    0.1    0.1    3.1   46.5   21.5    1620.4
  16   432.7    1097.9    0.1    0.1    0.1    8.4   80.1   21.1    1640.4
  17   445.8    1093.9    0.1    0.1    0.1    8.3   78.2   21.1    1647.5
  18   544.6     993.9    0.1    0.1    0.1    3.1   56.3   21.6    1619.7
  19   416.3    1105.9    0.1    0.1    0.1    8.4   87.6   20.9    1639.4
  20   424.1    1104.2    0.1    0.1    0.1    8.3   83.2   21.0    1641.1
  21   567.2     983.9    0.1    0.1    0.1    2.8   44.0   21.8    1619.9
  22   428.1    1104.5    0.1    0.1    0.1    8.4   82.0   21.4    1644.7
  23   556.7     987.3    0.1    0.1    0.1    2.9   54.1   21.1    1622.4
  24   432.9    1095.8    0.1    0.1    0.1    8.5   81.1   20.8    1639.3
  25   439.4    1094.8    0.1    0.1    0.1    8.5   80.8   21.0    1644.7
  26   577.9     977.9    0.1    0.1    0.1    2.8   36.4   21.2    1616.5
  27   430.9    1098.6    0.1    0.1    0.1    8.2   81.6   20.9    1640.5
  28   438.3    1095.5    0.1    0.1    0.1    8.6   81.8   20.6    1645.0
  29   588.8     970.1    0.1    0.1    0.1    2.7   36.1   21.2    1619.1
  30   431.6    1097.1    0.1    0.1    0.1    8.6   81.6   20.8    1639.9
  31   563.5     977.7    0.1    0.1    0.1    2.6   53.1   21.0    1618.2
  32   427.6    1100.0    0.1    0.1    0.1    8.5   82.2   20.8    1639.4
  33   430.0    1098.1    0.1    0.1    0.1    8.9   83.3   21.1    1641.6
  34   567.6     986.4    0.1    0.1    0.1    3.3   39.7   21.4    1618.7
  35   421.8    1098.8    0.1    0.1    0.1    8.5   83.0   21.0    1633.3
  36   427.9    1099.9    0.1    0.1    0.1    8.5   82.5   21.2    1640.2
  37   583.2     979.8    0.1    0.1    0.1    3.0   38.9   21.4    1626.6
  38   430.9    1097.2    0.1    0.1    0.1    8.9   83.8   21.0    1641.8
  39   548.2     995.4    0.1    0.1    0.1    3.3   47.1   21.1    1615.2
  40   418.0    1101.1    0.1    0.1    0.1    8.6   82.9   21.1    1631.9
  41   437.2    1096.5    0.1    0.1    0.1    8.6   80.6   21.0    1644.1
  42   561.8     995.9    0.1    0.1    0.1    3.2   44.5   21.7    1627.3
  43   424.7    1100.9    0.1    0.1    0.1    8.6   83.4   20.9    1638.7
  44   437.0    1093.7    0.1    0.1    0.1    8.4   81.1   21.0    1641.3
  45   576.5     984.4    0.1    0.1    0.1    3.1   38.9   21.1    1624.2
  46   428.0    1104.1    0.1    0.1    0.1    8.3   81.9   21.1    1643.6
  47   574.1     980.4    0.1    0.1    0.1    3.0   38.2   20.8    1616.7
  48   429.5    1098.7    0.1    0.1    0.1    8.5   81.6   21.0    1639.5
  49   426.9    1102.4    0.1    0.1    0.1    8.5   82.0   20.9    1640.9
  50   583.4     979.5    0.1    0.1    0.1    3.0   37.4   20.9    1624.4
  51   430.5    1096.3    0.1    0.3    1.0    8.1   77.8   20.6    1634.6
  52   424.7    1094.7    0.1    0.1    0.1    7.9   78.0   20.9    1626.5
  53   596.5     966.6    0.1    0.1    0.1    2.7   33.7   20.7    1620.4
  54   430.1    1102.9    0.1    0.1    0.1    8.4   83.2   20.8    1645.6
  55   582.5     978.9    0.1    0.1    0.1    2.8   36.6   20.5    1621.5
  56   441.6    1071.6    0.3    4.1   18.0    7.7   75.4   20.5    1639.3
  57   482.3    1006.0    0.8   13.5   56.8    5.9   66.3   20.9    1652.5
  58   595.5     973.9    0.1    0.1    0.1    2.6   35.5   21.0    1628.7
  59   435.0    1075.8    0.3    3.5   15.3    7.8   77.9   20.4    1635.9
  60   430.0    1104.5    0.1    0.1    0.1    8.4   82.0   20.6    1645.7
  61   611.7     964.9    0.1    0.1    0.1    2.4   33.5   21.1    1633.8
  62   487.9     995.2    0.9   15.3   64.2    5.9   65.7   20.7    1655.8
  63   617.2     954.8    0.1    0.1    0.1    2.2   31.1   20.5    1626.0
------------------------------------------------------------------------------
 avg   489.1    1045.4    0.2    1.5    6.1    6.1   65.7   21.1    1635.1
         0.0
 min   411.3     954.8    0.1    0.1    0.1    2.2   31.1   20.4    1607.1
         0.0
 max   617.2    1111.9    0.9   15.3   64.2    8.9   94.5   21.9    1655.8
         0.0
 std    69.2      56.8    0.2    3.9   16.5    2.6   19.6    0.3      11.9
         0.0
------------------------------------------------------------------------------

PME NonBond Parallel Profiling - NonSetup CPU Seconds:

                     D                           
           P         i         R                 
           a         r         e      L          
           i         e         c      o          
           r         c         i      a         T
   T       l         t         p      d         o
   a       i         F         F      B         t
   s       s         r         r      a         a
   k       t         c         c      l         l
-------------------------------------------------
   0   191.2     836.8       0.0    0.6    1028.6
   1   204.1     885.8       0.0    1.0    1090.9
   2   105.0     321.6     546.8    0.9     974.3
   3   211.1     888.8       0.0    0.7    1100.7
   4   186.4     810.0       0.0    0.7     997.2
   5   116.5     336.6     535.0    0.7     988.9
   6   221.8     882.6       0.0    0.8    1105.2
   7   106.1     323.8     545.9    0.6     976.4
   8   222.7     888.2       0.0    0.7    1111.7
   9   204.7     869.0       0.0    0.9    1074.6
  10   123.5     344.3     527.3    0.8     995.8
  11   186.1     811.5       0.0    1.0     998.6
  12   194.0     826.6       0.0    0.7    1021.3
  13   113.3     314.1     553.1    1.1     981.6
  14   217.2     888.8       0.0    0.8    1106.7
  15   118.4     344.9     527.5    0.7     991.4
  16   209.6     887.2       0.0    0.9    1097.7
  17   206.1     886.7       0.0    1.0    1093.7
  18   121.9     345.0     526.1    0.7     993.7
  19   215.0     890.1       0.0    0.7    1105.7
  20   214.2     889.0       0.0    0.7    1103.9
  21   117.4     315.3     550.3    0.7     983.7
  22   213.4     890.3       0.0    0.6    1104.3
  23   117.7     318.3     550.4    0.7     987.1
  24   207.3     887.1       0.0    1.1    1095.5
  25   206.9     886.6       0.0    1.1    1094.6
  26   107.1     321.5     548.2    0.8     977.7
  27   209.0     888.7       0.0    0.8    1098.4
  28   207.2     886.8       0.0    1.2    1095.3
  29   101.3     298.4     569.4    0.8     969.9
  30   207.7     887.9       0.0    1.2    1096.9
  31   112.3     289.6     574.6    0.9     977.4
  32   209.0     890.1       0.0    0.8    1099.8
  33   208.4     888.5       0.0    0.9    1097.8
  34   114.2     351.3     519.9    0.8     986.2
  35   208.5     889.3       0.0    0.8    1098.6
  36   208.4     890.5       0.0    0.8    1099.7
  37   107.3     330.7     540.9    0.8     979.6
  38   207.0     888.8       0.0    1.2    1097.0
  39   122.0     352.8     519.4    0.9     995.1
  40   211.3     888.7       0.0    0.8    1100.8
  41   206.2     889.0       0.0    1.1    1096.2
  42   124.1     344.6     525.9    0.9     995.6
  43   209.6     890.2       0.0    0.9    1100.7
  44   205.5     887.0       0.0    1.0    1093.5
  45   110.7     341.9     530.6    1.0     984.1
  46   211.6     891.3       0.0    1.0    1103.9
  47   107.9     338.3     533.0    1.0     980.1
  48   210.0     887.5       0.0    0.9    1098.5
  49   212.8     888.1       0.0    1.2    1102.2
  50   111.1     323.1     544.0    1.1     979.3
  51   208.4     886.6       0.0    1.1    1096.1
  52   207.2     886.2       0.0    1.1    1094.5
  53    97.9     296.5     570.6    1.3     966.4
  54   211.5     890.0       0.0    1.3    1102.7
  55   106.1     310.2     561.3    1.1     978.6
  56   200.0     869.9       0.0    1.5    1071.4
  57   188.4     816.1       0.0    1.2    1005.7
  58   102.5     309.0     560.9    1.2     973.6
  59   205.6     868.8       0.0    1.1    1075.5
  60   215.0     888.1       0.0    1.2    1104.3
  61    98.3     267.9     597.4    1.1     964.6
  62   184.4     809.1       0.0    1.5     995.0
  63    91.2     248.7     613.6    1.1     954.6
-------------------------------------------------
 avg   170.6     667.8     205.8    0.9    1045.2
-------------------------------------------------
