   Residue Number     State  0     State  1     State  2     State  3     State  4 
-----------------------------------------------------------------------------------
Residue: TYR 11   1.000000 (1) 0.000000 (0) 
Residue: GL4 14   0.000036 (0) 0.400895 (1) 0.098897 (1) 0.399389 (1) 0.100783 (1) 
Residue: TYR 16   0.999999 (1) 0.000001 (0) 
Residue: HIP 20   0.999995 (2) 0.000005 (1) 0.000000 (1) 
Residue: HIP 25   0.999999 (2) 0.000001 (1) 0.000000 (1) 
Residue: GL4 28   0.000048 (0) 0.444244 (1) 0.064673 (1) 0.420855 (1) 0.070180 (1) 
Residue: TYR 31   0.999999 (1) 0.000001 (0) 
Residue: GL4 36   0.000047 (0) 0.427486 (1) 0.065948 (1) 0.450111 (1) 0.056408 (1) 
Residue: TYR 41   1.000000 (1) 0.000000 (0) 
Residue: TYR 54   1.000000 (1) 0.000000 (0) 
Residue: GL4 57   0.000063 (0) 0.461471 (1) 0.038658 (1) 0.460725 (1) 0.039083 (1) 
Residue: TYR 59   1.000000 (1) 0.000000 (0) 
Residue: HIP 63   0.999997 (2) 0.000003 (1) 0.000000 (1) 
Residue: HIP 68   0.999998 (2) 0.000002 (1) 0.000000 (1) 
Residue: GL4 71   0.000071 (0) 0.482687 (1) 0.015301 (1) 0.487693 (1) 0.014248 (1) 
Residue: TYR 74   1.000000 (1) 0.000000 (0) 
Residue: GL4 79   0.000261 (0) 0.477680 (1) 0.021049 (1) 0.480290 (1) 0.020719 (1) 
Residue: TYR 84   1.000000 (1) 0.000000 (0) 
