   Residue Number     State  0     State  1     State  2     State  3     State  4 
-----------------------------------------------------------------------------------
Residue: TYR 11   1.000000 (1) 0.000000 (0) 
Residue: GL4 14   0.000011 (0) 0.399908 (1) 0.098909 (1) 0.400220 (1) 0.100953 (1) 
Residue: TYR 16   1.000000 (1) 0.000000 (0) 
Residue: HIP 20   1.000000 (2) 0.000000 (1) 0.000000 (1) 
Residue: HIP 25   1.000000 (2) 0.000000 (1) 0.000000 (1) 
Residue: GL4 28   0.000004 (0) 0.444054 (1) 0.064726 (1) 0.420910 (1) 0.070306 (1) 
Residue: TYR 31   1.000000 (1) 0.000000 (0) 
Residue: GL4 36   0.000009 (0) 0.428067 (1) 0.065792 (1) 0.449532 (1) 0.056600 (1) 
Residue: TYR 41   1.000000 (1) 0.000000 (0) 
Residue: TYR 54   1.000000 (1) 0.000000 (0) 
Residue: GL4 57   0.000015 (0) 0.461558 (1) 0.038722 (1) 0.460496 (1) 0.039209 (1) 
Residue: TYR 59   1.000000 (1) 0.000000 (0) 
Residue: HIP 63   1.000000 (2) 0.000000 (1) 0.000000 (1) 
Residue: HIP 68   1.000000 (2) 0.000000 (1) 0.000000 (1) 
Residue: GL4 71   0.000021 (0) 0.483734 (1) 0.015159 (1) 0.486720 (1) 0.014367 (1) 
Residue: TYR 74   1.000000 (1) 0.000000 (0) 
Residue: GL4 79   0.000090 (0) 0.478292 (1) 0.020964 (1) 0.479785 (1) 0.020868 (1) 
Residue: TYR 84   1.000000 (1) 0.000000 (0) 
