   Residue Number     State  0     State  1     State  2     State  3     State  4 
-----------------------------------------------------------------------------------
Residue: TYR 11   1.000000 (1) 0.000000 (0) 
Residue: GL4 14   0.000403 (0) 0.398874 (1) 0.099621 (1) 0.400185 (1) 0.100917 (1) 
Residue: TYR 16   1.000000 (1) 0.000000 (0) 
Residue: HIP 20   0.999972 (2) 0.000023 (1) 0.000005 (1) 
Residue: HIP 25   0.999979 (2) 0.000019 (1) 0.000002 (1) 
Residue: GL4 28   0.000217 (0) 0.444200 (1) 0.064707 (1) 0.420667 (1) 0.070209 (1) 
Residue: TYR 31   1.000000 (1) 0.000000 (0) 
Residue: GL4 36   0.000444 (0) 0.427283 (1) 0.066355 (1) 0.449530 (1) 0.056388 (1) 
Residue: TYR 41   1.000000 (1) 0.000000 (0) 
Residue: TYR 54   1.000000 (1) 0.000000 (0) 
Residue: GL4 57   0.000453 (0) 0.460935 (1) 0.038823 (1) 0.460620 (1) 0.039169 (1) 
Residue: TYR 59   1.000000 (1) 0.000000 (0) 
Residue: HIP 63   0.999986 (2) 0.000014 (1) 0.000000 (1) 
Residue: HIP 68   0.999978 (2) 0.000016 (1) 0.000006 (1) 
Residue: GL4 71   0.000680 (0) 0.482300 (1) 0.015118 (1) 0.487688 (1) 0.014213 (1) 
Residue: TYR 74   1.000000 (1) 0.000000 (0) 
Residue: GL4 79   0.002278 (0) 0.476547 (1) 0.021297 (1) 0.479008 (1) 0.020871 (1) 
Residue: TYR 84   1.000000 (1) 0.000000 (0) 
