   Residue Number     State  0     State  1     State  2     State  3     State  4 
-----------------------------------------------------------------------------------
Residue: TYR 11   1.000000 (1) 0.000000 (0) 
Residue: GL4 14   0.000127 (0) 0.400445 (1) 0.099122 (1) 0.399555 (1) 0.100751 (1) 
Residue: TYR 16   1.000000 (1) 0.000000 (0) 
Residue: HIP 20   0.999994 (2) 0.000004 (1) 0.000002 (1) 
Residue: HIP 25   0.999992 (2) 0.000006 (1) 0.000003 (1) 
Residue: GL4 28   0.000074 (0) 0.443969 (1) 0.064624 (1) 0.421148 (1) 0.070185 (1) 
Residue: TYR 31   1.000000 (1) 0.000000 (0) 
Residue: GL4 36   0.000163 (0) 0.427407 (1) 0.065994 (1) 0.450186 (1) 0.056249 (1) 
Residue: TYR 41   1.000000 (1) 0.000000 (0) 
Residue: TYR 54   1.000000 (1) 0.000000 (0) 
Residue: GL4 57   0.000160 (0) 0.461062 (1) 0.038810 (1) 0.460919 (1) 0.039049 (1) 
Residue: TYR 59   1.000000 (1) 0.000000 (0) 
Residue: HIP 63   0.999993 (2) 0.000007 (1) 0.000000 (1) 
Residue: HIP 68   0.999992 (2) 0.000003 (1) 0.000005 (1) 
Residue: GL4 71   0.000228 (0) 0.482850 (1) 0.015025 (1) 0.487653 (1) 0.014244 (1) 
Residue: TYR 74   1.000000 (1) 0.000000 (0) 
Residue: GL4 79   0.000774 (0) 0.477797 (1) 0.020954 (1) 0.479933 (1) 0.020542 (1) 
Residue: TYR 84   1.000000 (1) 0.000000 (0) 
