   Residue Number     State  0     State  1     State  2     State  3     State  4 
-----------------------------------------------------------------------------------
Residue: TYR 11   0.937595 (1) 0.062405 (0) 
Residue: GL4 14   0.999905 (0) 0.000020 (1) 0.000014 (1) 0.000013 (1) 0.000048 (1) 
Residue: TYR 16   0.951299 (1) 0.048701 (0) 
Residue: HIP 20   0.000118 (2) 0.810107 (1) 0.189774 (1) 
Residue: HIP 25   0.000299 (2) 0.888217 (1) 0.111483 (1) 
Residue: GL4 28   0.999828 (0) 0.000064 (1) 0.000024 (1) 0.000069 (1) 0.000014 (1) 
Residue: TYR 31   0.942352 (1) 0.057648 (0) 
Residue: GL4 36   0.999875 (0) 0.000046 (1) 0.000010 (1) 0.000028 (1) 0.000041 (1) 
Residue: TYR 41   0.950936 (1) 0.049064 (0) 
Residue: TYR 54   0.887582 (1) 0.112418 (0) 
Residue: GL4 57   0.999931 (0) 0.000010 (1) 0.000015 (1) 0.000019 (1) 0.000025 (1) 
Residue: TYR 59   0.899607 (1) 0.100393 (0) 
Residue: HIP 63   0.000405 (2) 0.960713 (1) 0.038882 (1) 
Residue: HIP 68   0.000412 (2) 0.924618 (1) 0.074970 (1) 
Residue: GL4 71   0.999952 (0) 0.000031 (1) 0.000015 (1) 0.000002 (1) 0.000000 (1) 
Residue: TYR 74   0.963272 (1) 0.036728 (0) 
Residue: GL4 79   0.999949 (0) 0.000020 (1) 0.000006 (1) 0.000008 (1) 0.000018 (1) 
Residue: TYR 84   0.909069 (1) 0.090931 (0) 
