   Residue Number     State  0     State  1     State  2     State  3     State  4 
-----------------------------------------------------------------------------------
Residue: TYR 11   0.980321 (1) 0.019679 (0) 
Residue: GL4 14   0.999747 (0) 0.000068 (1) 0.000068 (1) 0.000050 (1) 0.000067 (1) 
Residue: TYR 16   0.983902 (1) 0.016098 (0) 
Residue: HIP 20   0.000363 (2) 0.810949 (1) 0.188688 (1) 
Residue: HIP 25   0.000841 (2) 0.886914 (1) 0.112245 (1) 
Residue: GL4 28   0.999497 (0) 0.000185 (1) 0.000061 (1) 0.000205 (1) 0.000053 (1) 
Residue: TYR 31   0.981110 (1) 0.018890 (0) 
Residue: GL4 36   0.999606 (0) 0.000137 (1) 0.000039 (1) 0.000131 (1) 0.000088 (1) 
Residue: TYR 41   0.984168 (1) 0.015832 (0) 
Residue: TYR 54   0.963065 (1) 0.036935 (0) 
Residue: GL4 57   0.999801 (0) 0.000029 (1) 0.000032 (1) 0.000048 (1) 0.000090 (1) 
Residue: TYR 59   0.965026 (1) 0.034974 (0) 
Residue: HIP 63   0.001364 (2) 0.959501 (1) 0.039135 (1) 
Residue: HIP 68   0.001306 (2) 0.923035 (1) 0.075659 (1) 
Residue: GL4 71   0.999827 (0) 0.000078 (1) 0.000025 (1) 0.000070 (1) 0.000000 (1) 
Residue: TYR 74   0.987946 (1) 0.012054 (0) 
Residue: GL4 79   0.999912 (0) 0.000025 (1) 0.000015 (1) 0.000023 (1) 0.000024 (1) 
Residue: TYR 84   0.970443 (1) 0.029557 (0) 
