   Residue Number     State  0     State  1     State  2     State  3     State  4 
-----------------------------------------------------------------------------------
Residue: TYR 11   0.811180 (1) 0.188820 (0) 
Residue: GL4 14   0.999966 (0) 0.000008 (1) 0.000001 (1) 0.000010 (1) 0.000016 (1) 
Residue: TYR 16   0.866702 (1) 0.133298 (0) 
Residue: HIP 20   0.000036 (2) 0.812144 (1) 0.187820 (1) 
Residue: HIP 25   0.000061 (2) 0.892666 (1) 0.107273 (1) 
Residue: GL4 28   0.999952 (0) 0.000016 (1) 0.000010 (1) 0.000021 (1) 0.000002 (1) 
Residue: TYR 31   0.839179 (1) 0.160821 (0) 
Residue: GL4 36   0.999960 (0) 0.000004 (1) 0.000000 (1) 0.000006 (1) 0.000030 (1) 
Residue: TYR 41   0.851753 (1) 0.148247 (0) 
Residue: TYR 54   0.688084 (1) 0.311916 (0) 
Residue: GL4 57   0.999975 (0) 0.000003 (1) 0.000000 (1) 0.000008 (1) 0.000015 (1) 
Residue: TYR 59   0.750589 (1) 0.249411 (0) 
Residue: HIP 63   0.000153 (2) 0.961856 (1) 0.037992 (1) 
Residue: HIP 68   0.000166 (2) 0.925478 (1) 0.074356 (1) 
Residue: GL4 71   0.999986 (0) 0.000009 (1) 0.000005 (1) 0.000000 (1) 0.000000 (1) 
Residue: TYR 74   0.893621 (1) 0.106379 (0) 
Residue: GL4 79   0.999973 (0) 0.000005 (1) 0.000000 (1) 0.000005 (1) 0.000017 (1) 
Residue: TYR 84   0.744480 (1) 0.255520 (0) 
