   Residue Number     State  0     State  1     State  2     State  3     State  4 
-----------------------------------------------------------------------------------
Residue: TYR 11   0.512401 (1) 0.487599 (0) 
Residue: GL4 14   0.999995 (0) 0.000000 (1) 0.000000 (1) 0.000000 (1) 0.000005 (1) 
Residue: TYR 16   0.697084 (1) 0.302916 (0) 
Residue: HIP 20   0.000009 (2) 0.814023 (1) 0.185968 (1) 
Residue: HIP 25   0.000024 (2) 0.894783 (1) 0.105193 (1) 
Residue: GL4 28   0.999992 (0) 0.000002 (1) 0.000000 (1) 0.000006 (1) 0.000000 (1) 
Residue: TYR 31   0.629700 (1) 0.370300 (0) 
Residue: GL4 36   1.000000 (0) 0.000000 (1) 0.000000 (1) 0.000000 (1) 0.000000 (1) 
Residue: TYR 41   0.609029 (1) 0.390971 (0) 
Residue: TYR 54   0.337118 (1) 0.662882 (0) 
Residue: GL4 57   0.999987 (0) 0.000002 (1) 0.000000 (1) 0.000002 (1) 0.000010 (1) 
Residue: TYR 59   0.539117 (1) 0.460883 (0) 
Residue: HIP 63   0.000048 (2) 0.963839 (1) 0.036113 (1) 
Residue: HIP 68   0.000054 (2) 0.929065 (1) 0.070881 (1) 
Residue: GL4 71   0.999992 (0) 0.000002 (1) 0.000000 (1) 0.000007 (1) 0.000000 (1) 
Residue: TYR 74   0.729961 (1) 0.270039 (0) 
Residue: GL4 79   0.999997 (0) 0.000000 (1) 0.000000 (1) 0.000003 (1) 0.000000 (1) 
Residue: TYR 84   0.431022 (1) 0.568978 (0) 
