   Residue Number     State  0     State  1     State  2     State  3     State  4 
-----------------------------------------------------------------------------------
Residue: TYR 11   0.198497 (1) 0.801503 (0) 
Residue: GL4 14   0.999999 (0) 0.000001 (1) 0.000000 (1) 0.000000 (1) 0.000000 (1) 
Residue: TYR 16   0.432798 (1) 0.567202 (0) 
Residue: HIP 20   0.000009 (2) 0.821029 (1) 0.178962 (1) 
Residue: HIP 25   0.000006 (2) 0.899234 (1) 0.100760 (1) 
Residue: GL4 28   0.999997 (0) 0.000000 (1) 0.000000 (1) 0.000003 (1) 0.000000 (1) 
Residue: TYR 31   0.370939 (1) 0.629061 (0) 
Residue: GL4 36   1.000000 (0) 0.000000 (1) 0.000000 (1) 0.000000 (1) 0.000000 (1) 
Residue: TYR 41   0.293823 (1) 0.706177 (0) 
Residue: TYR 54   0.094378 (1) 0.905622 (0) 
Residue: GL4 57   0.999995 (0) 0.000000 (1) 0.000000 (1) 0.000000 (1) 0.000005 (1) 
Residue: TYR 59   0.329401 (1) 0.670599 (0) 
Residue: HIP 63   0.000023 (2) 0.965982 (1) 0.033994 (1) 
Residue: HIP 68   0.000013 (2) 0.931992 (1) 0.067996 (1) 
Residue: GL4 71   0.999997 (0) 0.000000 (1) 0.000000 (1) 0.000003 (1) 0.000000 (1) 
Residue: TYR 74   0.461735 (1) 0.538265 (0) 
Residue: GL4 79   1.000000 (0) 0.000000 (1) 0.000000 (1) 0.000000 (1) 0.000000 (1) 
Residue: TYR 84   0.165143 (1) 0.834857 (0) 
