   Residue Number     State  0     State  1     State  2     State  3     State  4 
-----------------------------------------------------------------------------------
Residue: TYR 11   0.065790 (1) 0.934210 (0) 
Residue: GL4 14   1.000000 (0) 0.000000 (1) 0.000000 (1) 0.000000 (1) 0.000000 (1) 
Residue: TYR 16   0.200269 (1) 0.799731 (0) 
Residue: HIP 20   0.000003 (2) 0.822654 (1) 0.177343 (1) 
Residue: HIP 25   0.000005 (2) 0.900605 (1) 0.099390 (1) 
Residue: GL4 28   0.999997 (0) 0.000002 (1) 0.000000 (1) 0.000001 (1) 0.000000 (1) 
Residue: TYR 31   0.173385 (1) 0.826615 (0) 
Residue: GL4 36   0.999999 (0) 0.000001 (1) 0.000000 (1) 0.000000 (1) 0.000000 (1) 
Residue: TYR 41   0.110228 (1) 0.889772 (0) 
Residue: TYR 54   0.026234 (1) 0.973766 (0) 
Residue: GL4 57   1.000000 (0) 0.000000 (1) 0.000000 (1) 0.000000 (1) 0.000000 (1) 
Residue: TYR 59   0.158473 (1) 0.841527 (0) 
Residue: HIP 63   0.000008 (2) 0.964597 (1) 0.035395 (1) 
Residue: HIP 68   0.000011 (2) 0.932442 (1) 0.067548 (1) 
Residue: GL4 71   1.000000 (0) 0.000000 (1) 0.000000 (1) 0.000000 (1) 0.000000 (1) 
Residue: TYR 74   0.220172 (1) 0.779828 (0) 
Residue: GL4 79   1.000000 (0) 0.000000 (1) 0.000000 (1) 0.000000 (1) 0.000000 (1) 
Residue: TYR 84   0.057253 (1) 0.942747 (0) 
