   Residue Number     State  0     State  1     State  2     State  3     State  4 
-----------------------------------------------------------------------------------
Residue: TYR 11   0.021099 (1) 0.978901 (0) 
Residue: GL4 14   1.000000 (0) 0.000000 (1) 0.000000 (1) 0.000000 (1) 0.000000 (1) 
Residue: TYR 16   0.072458 (1) 0.927542 (0) 
Residue: HIP 20   0.000001 (2) 0.824202 (1) 0.175797 (1) 
Residue: HIP 25   0.000001 (2) 0.899417 (1) 0.100582 (1) 
Residue: GL4 28   1.000000 (0) 0.000000 (1) 0.000000 (1) 0.000000 (1) 0.000000 (1) 
Residue: TYR 31   0.066571 (1) 0.933429 (0) 
Residue: GL4 36   1.000000 (0) 0.000000 (1) 0.000000 (1) 0.000000 (1) 0.000000 (1) 
Residue: TYR 41   0.037189 (1) 0.962811 (0) 
Residue: TYR 54   0.007789 (1) 0.992211 (0) 
Residue: GL4 57   1.000000 (0) 0.000000 (1) 0.000000 (1) 0.000000 (1) 0.000000 (1) 
Residue: TYR 59   0.060666 (1) 0.939334 (0) 
Residue: HIP 63   0.000000 (2) 0.963501 (1) 0.036499 (1) 
Residue: HIP 68   0.000004 (2) 0.932469 (1) 0.067527 (1) 
Residue: GL4 71   1.000000 (0) 0.000000 (1) 0.000000 (1) 0.000000 (1) 0.000000 (1) 
Residue: TYR 74   0.084001 (1) 0.915999 (0) 
Residue: GL4 79   1.000000 (0) 0.000000 (1) 0.000000 (1) 0.000000 (1) 0.000000 (1) 
Residue: TYR 84   0.018794 (1) 0.981206 (0) 
