   Residue Number     State  0     State  1     State  2     State  3     State  4 
-----------------------------------------------------------------------------------
Residue: TYR 11   0.006734 (1) 0.993266 (0) 
Residue: GL4 14   1.000000 (0) 0.000000 (1) 0.000000 (1) 0.000000 (1) 0.000000 (1) 
Residue: TYR 16   0.023356 (1) 0.976644 (0) 
Residue: HIP 20   0.000000 (2) 0.824755 (1) 0.175245 (1) 
Residue: HIP 25   0.000000 (2) 0.898764 (1) 0.101236 (1) 
Residue: GL4 28   0.999997 (0) 0.000003 (1) 0.000000 (1) 0.000000 (1) 0.000000 (1) 
Residue: TYR 31   0.022627 (1) 0.977373 (0) 
Residue: GL4 36   1.000000 (0) 0.000000 (1) 0.000000 (1) 0.000000 (1) 0.000000 (1) 
Residue: TYR 41   0.012055 (1) 0.987945 (0) 
Residue: TYR 54   0.002463 (1) 0.997537 (0) 
Residue: GL4 57   0.999997 (0) 0.000003 (1) 0.000000 (1) 0.000000 (1) 0.000000 (1) 
Residue: TYR 59   0.020293 (1) 0.979707 (0) 
Residue: HIP 63   0.000001 (2) 0.962514 (1) 0.037485 (1) 
Residue: HIP 68   0.000000 (2) 0.932605 (1) 0.067395 (1) 
Residue: GL4 71   1.000000 (0) 0.000000 (1) 0.000000 (1) 0.000000 (1) 0.000000 (1) 
Residue: TYR 74   0.027903 (1) 0.972097 (0) 
Residue: GL4 79   1.000000 (0) 0.000000 (1) 0.000000 (1) 0.000000 (1) 0.000000 (1) 
Residue: TYR 84   0.006079 (1) 0.993921 (0) 
