   Residue Number     State  0     State  1     State  2     State  3     State  4 
-----------------------------------------------------------------------------------
Residue: TYR 11   1.000000 (1) 0.000000 (0) 
Residue: GL4 14   0.001123 (0) 0.399282 (1) 0.099395 (1) 0.399250 (1) 0.100949 (1) 
Residue: TYR 16   1.000000 (1) 0.000000 (0) 
Residue: HIP 20   0.999878 (2) 0.000099 (1) 0.000023 (1) 
Residue: HIP 25   0.999909 (2) 0.000079 (1) 0.000012 (1) 
Residue: GL4 28   0.000542 (0) 0.444020 (1) 0.064720 (1) 0.420375 (1) 0.070344 (1) 
Residue: TYR 31   0.999999 (1) 0.000001 (0) 
Residue: GL4 36   0.001565 (0) 0.426595 (1) 0.066440 (1) 0.448809 (1) 0.056591 (1) 
Residue: TYR 41   1.000000 (1) 0.000000 (0) 
Residue: TYR 54   1.000000 (1) 0.000000 (0) 
Residue: GL4 57   0.001468 (0) 0.460597 (1) 0.038855 (1) 0.459952 (1) 0.039128 (1) 
Residue: TYR 59   1.000000 (1) 0.000000 (0) 
Residue: HIP 63   0.999968 (2) 0.000031 (1) 0.000001 (1) 
Residue: HIP 68   0.999931 (2) 0.000058 (1) 0.000012 (1) 
Residue: GL4 71   0.001995 (0) 0.481983 (1) 0.015118 (1) 0.486610 (1) 0.014293 (1) 
Residue: TYR 74   1.000000 (1) 0.000000 (0) 
Residue: GL4 79   0.007223 (0) 0.473960 (1) 0.021516 (1) 0.476480 (1) 0.020821 (1) 
Residue: TYR 84   1.000000 (1) 0.000000 (0) 
