   Residue Number     State  0     State  1     State  2     State  3     State  4 
-----------------------------------------------------------------------------------
Residue: TYR 11   1.000000 (1) 0.000000 (0) 
Residue: GL4 14   0.003382 (0) 0.397059 (1) 0.099741 (1) 0.398439 (1) 0.101380 (1) 
Residue: TYR 16   1.000000 (1) 0.000000 (0) 
Residue: HIP 20   0.999706 (2) 0.000248 (1) 0.000046 (1) 
Residue: HIP 25   0.999701 (2) 0.000273 (1) 0.000027 (1) 
Residue: GL4 28   0.001774 (0) 0.443036 (1) 0.064468 (1) 0.420517 (1) 0.070204 (1) 
Residue: TYR 31   1.000000 (1) 0.000000 (0) 
Residue: GL4 36   0.004433 (0) 0.423746 (1) 0.067837 (1) 0.446220 (1) 0.057763 (1) 
Residue: TYR 41   1.000000 (1) 0.000000 (0) 
Residue: TYR 54   1.000000 (1) 0.000000 (0) 
Residue: GL4 57   0.004602 (0) 0.458372 (1) 0.038973 (1) 0.458474 (1) 0.039579 (1) 
Residue: TYR 59   1.000000 (1) 0.000000 (0) 
Residue: HIP 63   0.999886 (2) 0.000110 (1) 0.000004 (1) 
Residue: HIP 68   0.999755 (2) 0.000203 (1) 0.000042 (1) 
Residue: GL4 71   0.005906 (0) 0.480038 (1) 0.015393 (1) 0.483850 (1) 0.014813 (1) 
Residue: TYR 74   1.000000 (1) 0.000000 (0) 
Residue: GL4 79   0.022165 (0) 0.466034 (1) 0.021525 (1) 0.469320 (1) 0.020956 (1) 
Residue: TYR 84   1.000000 (1) 0.000000 (0) 
