   Residue Number     State  0     State  1     State  2     State  3     State  4 
-----------------------------------------------------------------------------------
Residue: TYR 11   1.000000 (1) 0.000000 (0) 
Residue: GL4 14   0.009828 (0) 0.391554 (1) 0.101747 (1) 0.393359 (1) 0.103512 (1) 
Residue: TYR 16   1.000000 (1) 0.000000 (0) 
Residue: HIP 20   0.999032 (2) 0.000808 (1) 0.000161 (1) 
Residue: HIP 25   0.999122 (2) 0.000778 (1) 0.000100 (1) 
Residue: GL4 28   0.005303 (0) 0.441268 (1) 0.064380 (1) 0.418740 (1) 0.070308 (1) 
Residue: TYR 31   0.999999 (1) 0.000001 (0) 
Residue: GL4 36   0.012980 (0) 0.415640 (1) 0.070840 (1) 0.438598 (1) 0.061943 (1) 
Residue: TYR 41   1.000000 (1) 0.000000 (0) 
Residue: TYR 54   1.000000 (1) 0.000000 (0) 
Residue: GL4 57   0.013829 (0) 0.454559 (1) 0.039858 (1) 0.451380 (1) 0.040373 (1) 
Residue: TYR 59   1.000000 (1) 0.000000 (0) 
Residue: HIP 63   0.999717 (2) 0.000263 (1) 0.000020 (1) 
Residue: HIP 68   0.999325 (2) 0.000578 (1) 0.000098 (1) 
Residue: GL4 71   0.017906 (0) 0.474630 (1) 0.015823 (1) 0.476691 (1) 0.014950 (1) 
Residue: TYR 74   1.000000 (1) 0.000000 (0) 
Residue: GL4 79   0.063724 (0) 0.444743 (1) 0.022227 (1) 0.447636 (1) 0.021670 (1) 
Residue: TYR 84   1.000000 (1) 0.000000 (0) 
