   Residue Number     State  0     State  1     State  2     State  3     State  4 
-----------------------------------------------------------------------------------
Residue: TYR 11   1.000000 (1) 0.000000 (0) 
Residue: GL4 14   0.029117 (0) 0.378691 (1) 0.106673 (1) 0.378189 (1) 0.107330 (1) 
Residue: TYR 16   1.000000 (1) 0.000000 (0) 
Residue: HIP 20   0.996757 (2) 0.002736 (1) 0.000508 (1) 
Residue: HIP 25   0.997172 (2) 0.002501 (1) 0.000328 (1) 
Residue: GL4 28   0.015467 (0) 0.437239 (1) 0.063498 (1) 0.413272 (1) 0.070525 (1) 
Residue: TYR 31   1.000000 (1) 0.000000 (0) 
Residue: GL4 36   0.034948 (0) 0.392521 (1) 0.080464 (1) 0.417955 (1) 0.074112 (1) 
Residue: TYR 41   1.000000 (1) 0.000000 (0) 
Residue: TYR 54   1.000000 (1) 0.000000 (0) 
Residue: GL4 57   0.040960 (0) 0.437641 (1) 0.042620 (1) 0.436403 (1) 0.042376 (1) 
Residue: TYR 59   1.000000 (1) 0.000000 (0) 
Residue: HIP 63   0.999071 (2) 0.000899 (1) 0.000030 (1) 
Residue: HIP 68   0.997857 (2) 0.001851 (1) 0.000292 (1) 
Residue: GL4 71   0.050892 (0) 0.456990 (1) 0.017022 (1) 0.459351 (1) 0.015746 (1) 
Residue: TYR 74   1.000000 (1) 0.000000 (0) 
Residue: GL4 79   0.170695 (0) 0.389560 (1) 0.024401 (1) 0.391951 (1) 0.023393 (1) 
Residue: TYR 84   1.000000 (1) 0.000000 (0) 
