   Residue Number     State  0     State  1     State  2     State  3     State  4 
-----------------------------------------------------------------------------------
Residue: TYR 11   1.000000 (1) 0.000000 (0) 
Residue: GL4 14   0.077227 (0) 0.344583 (1) 0.116498 (1) 0.343364 (1) 0.118328 (1) 
Residue: TYR 16   1.000000 (1) 0.000000 (0) 
Residue: HIP 20   0.989957 (2) 0.008297 (1) 0.001746 (1) 
Residue: HIP 25   0.991982 (2) 0.007083 (1) 0.000935 (1) 
Residue: GL4 28   0.039932 (0) 0.425527 (1) 0.062686 (1) 0.401393 (1) 0.070463 (1) 
Residue: TYR 31   1.000000 (1) 0.000000 (0) 
Residue: GL4 36   0.074121 (0) 0.353886 (1) 0.095348 (1) 0.381994 (1) 0.094651 (1) 
Residue: TYR 41   1.000000 (1) 0.000000 (0) 
Residue: TYR 54   1.000000 (1) 0.000000 (0) 
Residue: GL4 57   0.107144 (0) 0.398159 (1) 0.048340 (1) 0.398169 (1) 0.048188 (1) 
Residue: TYR 59   0.999999 (1) 0.000001 (0) 
Residue: HIP 63   0.997194 (2) 0.002675 (1) 0.000131 (1) 
Residue: HIP 68   0.993742 (2) 0.005405 (1) 0.000853 (1) 
Residue: GL4 71   0.129855 (0) 0.415318 (1) 0.020444 (1) 0.416639 (1) 0.017744 (1) 
Residue: TYR 74   1.000000 (1) 0.000000 (0) 
Residue: GL4 79   0.366860 (0) 0.288279 (1) 0.028342 (1) 0.290128 (1) 0.026391 (1) 
Residue: TYR 84   1.000000 (1) 0.000000 (0) 
