   Residue Number     State  0     State  1     State  2     State  3     State  4 
-----------------------------------------------------------------------------------
Residue: TYR 11   1.000000 (1) 0.000000 (0) 
Residue: GL4 14   0.165635 (0) 0.280306 (1) 0.136337 (1) 0.282054 (1) 0.135668 (1) 
Residue: TYR 16   0.999999 (1) 0.000001 (0) 
Residue: HIP 20   0.969832 (2) 0.024535 (1) 0.005633 (1) 
Residue: HIP 25   0.976406 (2) 0.020597 (1) 0.002998 (1) 
Residue: GL4 28   0.085236 (0) 0.404040 (1) 0.058364 (1) 0.382679 (1) 0.069680 (1) 
Residue: TYR 31   1.000000 (1) 0.000000 (0) 
Residue: GL4 36   0.124403 (0) 0.308984 (1) 0.112780 (1) 0.336624 (1) 0.117209 (1) 
Residue: TYR 41   1.000000 (1) 0.000000 (0) 
Residue: TYR 54   0.999999 (1) 0.000001 (0) 
Residue: GL4 57   0.230687 (0) 0.324607 (1) 0.055224 (1) 0.329289 (1) 0.060193 (1) 
Residue: TYR 59   1.000000 (1) 0.000000 (0) 
Residue: HIP 63   0.991771 (2) 0.007813 (1) 0.000416 (1) 
Residue: HIP 68   0.981355 (2) 0.016159 (1) 0.002486 (1) 
Residue: GL4 71   0.279573 (0) 0.338739 (1) 0.026583 (1) 0.335094 (1) 0.020012 (1) 
Residue: TYR 74   1.000000 (1) 0.000000 (0) 
Residue: GL4 79   0.586172 (0) 0.175451 (1) 0.031877 (1) 0.176715 (1) 0.029785 (1) 
Residue: TYR 84   1.000000 (1) 0.000000 (0) 
