   Residue Number     State  0     State  1     State  2     State  3     State  4 
-----------------------------------------------------------------------------------
Residue: TYR 11   0.999998 (1) 0.000002 (0) 
Residue: GL4 14   0.387159 (0) 0.141121 (1) 0.164001 (1) 0.143234 (1) 0.164485 (1) 
Residue: TYR 16   0.999999 (1) 0.000001 (0) 
Residue: HIP 20   0.777770 (2) 0.176129 (1) 0.046101 (1) 
Residue: HIP 25   0.837764 (2) 0.140140 (1) 0.022096 (1) 
Residue: GL4 28   0.215878 (0) 0.346714 (1) 0.052138 (1) 0.322882 (1) 0.062388 (1) 
Residue: TYR 31   0.999999 (1) 0.000001 (0) 
Residue: GL4 36   0.237487 (0) 0.252657 (1) 0.120067 (1) 0.261812 (1) 0.127978 (1) 
Residue: TYR 41   1.000000 (1) 0.000000 (0) 
Residue: TYR 54   0.999997 (1) 0.000003 (0) 
Residue: GL4 57   0.537329 (0) 0.156790 (1) 0.058478 (1) 0.168698 (1) 0.078705 (1) 
Residue: TYR 59   0.999997 (1) 0.000003 (0) 
Residue: HIP 63   0.938954 (2) 0.057638 (1) 0.003408 (1) 
Residue: HIP 68   0.868757 (2) 0.114013 (1) 0.017229 (1) 
Residue: GL4 71   0.660033 (0) 0.150524 (1) 0.030028 (1) 0.141104 (1) 0.018311 (1) 
Residue: TYR 74   0.999999 (1) 0.000001 (0) 
Residue: GL4 79   0.804703 (0) 0.065075 (1) 0.032730 (1) 0.065614 (1) 0.031878 (1) 
Residue: TYR 84   0.999999 (1) 0.000001 (0) 
