   Residue Number     State  0     State  1     State  2     State  3     State  4 
-----------------------------------------------------------------------------------
Residue: TYR 11   1.000000 (1) 0.000000 (0) 
Residue: GL4 14   0.277742 (0) 0.202181 (1) 0.156803 (1) 0.206199 (1) 0.157075 (1) 
Residue: TYR 16   1.000000 (1) 0.000000 (0) 
Residue: HIP 20   0.914302 (2) 0.069100 (1) 0.016598 (1) 
Residue: HIP 25   0.934898 (2) 0.056642 (1) 0.008460 (1) 
Residue: GL4 28   0.144109 (0) 0.378637 (1) 0.054560 (1) 0.355772 (1) 0.066922 (1) 
Residue: TYR 31   0.999999 (1) 0.000001 (0) 
Residue: GL4 36   0.172798 (0) 0.276502 (1) 0.122615 (1) 0.298595 (1) 0.129489 (1) 
Residue: TYR 41   1.000000 (1) 0.000000 (0) 
Residue: TYR 54   0.999997 (1) 0.000003 (0) 
Residue: GL4 57   0.394806 (0) 0.232414 (1) 0.059314 (1) 0.239380 (1) 0.074085 (1) 
Residue: TYR 59   0.999998 (1) 0.000002 (0) 
Residue: HIP 63   0.976683 (2) 0.022032 (1) 0.001285 (1) 
Residue: HIP 68   0.947595 (2) 0.045249 (1) 0.007156 (1) 
Residue: GL4 71   0.481430 (0) 0.237325 (1) 0.031559 (1) 0.229276 (1) 0.020409 (1) 
Residue: TYR 74   1.000000 (1) 0.000000 (0) 
Residue: GL4 79   0.731876 (0) 0.100811 (1) 0.033550 (1) 0.101483 (1) 0.032279 (1) 
Residue: TYR 84   1.000000 (1) 0.000000 (0) 
