   Residue Number     State  0     State  1     State  2     State  3     State  4 
-----------------------------------------------------------------------------------
Residue: TYR 11   0.999994 (1) 0.000006 (0) 
Residue: GL4 14   0.672064 (0) 0.065043 (1) 0.097585 (1) 0.064331 (1) 0.100978 (1) 
Residue: TYR 16   0.999996 (1) 0.000004 (0) 
Residue: HIP 20   0.318299 (2) 0.537744 (1) 0.143958 (1) 
Residue: HIP 25   0.478043 (2) 0.452119 (1) 0.069838 (1) 
Residue: GL4 28   0.509447 (0) 0.206024 (1) 0.041948 (1) 0.197533 (1) 0.045048 (1) 
Residue: TYR 31   0.999986 (1) 0.000014 (0) 
Residue: GL4 36   0.561378 (0) 0.145199 (1) 0.069566 (1) 0.141273 (1) 0.082584 (1) 
Residue: TYR 41   0.999988 (1) 0.000012 (0) 
Residue: TYR 54   0.999991 (1) 0.000009 (0) 
Residue: GL4 57   0.773009 (0) 0.064379 (1) 0.037208 (1) 0.071946 (1) 0.053458 (1) 
Residue: TYR 59   0.999983 (1) 0.000017 (0) 
Residue: HIP 63   0.700810 (2) 0.281528 (1) 0.017663 (1) 
Residue: HIP 68   0.581764 (2) 0.369411 (1) 0.048825 (1) 
Residue: GL4 71   0.857385 (0) 0.059653 (1) 0.013373 (1) 0.057938 (1) 0.011652 (1) 
Residue: TYR 74   0.999990 (1) 0.000010 (0) 
Residue: GL4 79   0.900332 (0) 0.029598 (1) 0.020806 (1) 0.029626 (1) 0.019638 (1) 
Residue: TYR 84   0.999990 (1) 0.000010 (0) 
