   Residue Number     State  0     State  1     State  2     State  3     State  4 
-----------------------------------------------------------------------------------
Residue: TYR 11   0.999997 (1) 0.000003 (0) 
Residue: GL4 14   0.511730 (0) 0.100103 (1) 0.143226 (1) 0.099651 (1) 0.145290 (1) 
Residue: TYR 16   0.999996 (1) 0.000004 (0) 
Residue: HIP 20   0.550020 (2) 0.354605 (1) 0.095375 (1) 
Residue: HIP 25   0.669186 (2) 0.285325 (1) 0.045488 (1) 
Residue: GL4 28   0.327734 (0) 0.291890 (1) 0.049073 (1) 0.274174 (1) 0.057129 (1) 
Residue: TYR 31   0.999998 (1) 0.000002 (0) 
Residue: GL4 36   0.360778 (0) 0.213793 (1) 0.102785 (1) 0.211024 (1) 0.111620 (1) 
Residue: TYR 41   0.999998 (1) 0.000002 (0) 
Residue: TYR 54   0.999997 (1) 0.000003 (0) 
Residue: GL4 57   0.654616 (0) 0.105540 (1) 0.051127 (1) 0.116142 (1) 0.072576 (1) 
Residue: TYR 59   0.999991 (1) 0.000009 (0) 
Residue: HIP 63   0.854308 (2) 0.137228 (1) 0.008463 (1) 
Residue: HIP 68   0.734056 (2) 0.232615 (1) 0.033328 (1) 
Residue: GL4 71   0.776934 (0) 0.095821 (1) 0.023230 (1) 0.088706 (1) 0.015309 (1) 
Residue: TYR 74   0.999997 (1) 0.000003 (0) 
Residue: GL4 79   0.850466 (0) 0.046383 (1) 0.029148 (1) 0.046084 (1) 0.027918 (1) 
Residue: TYR 84   0.999996 (1) 0.000004 (0) 
