   Residue Number     State  0     State  1     State  2     State  3     State  4 
-----------------------------------------------------------------------------------
Residue: TYR 11   0.999971 (1) 0.000029 (0) 
Residue: GL4 14   0.833717 (0) 0.034244 (1) 0.048102 (1) 0.033241 (1) 0.050696 (1) 
Residue: TYR 16   0.999977 (1) 0.000023 (0) 
Residue: HIP 20   0.163163 (2) 0.664440 (1) 0.172398 (1) 
Residue: HIP 25   0.310190 (2) 0.604877 (1) 0.084933 (1) 
Residue: GL4 28   0.720065 (0) 0.113237 (1) 0.028558 (1) 0.109843 (1) 0.028298 (1) 
Residue: TYR 31   0.999980 (1) 0.000020 (0) 
Residue: GL4 36   0.773005 (0) 0.073868 (1) 0.034588 (1) 0.073787 (1) 0.044753 (1) 
Residue: TYR 41   0.999987 (1) 0.000013 (0) 
Residue: TYR 54   0.999967 (1) 0.000033 (0) 
Residue: GL4 57   0.882452 (0) 0.031092 (1) 0.021062 (1) 0.034766 (1) 0.030629 (1) 
Residue: TYR 59   0.999962 (1) 0.000038 (0) 
Residue: HIP 63   0.473305 (2) 0.500220 (1) 0.026475 (1) 
Residue: HIP 68   0.418407 (2) 0.521779 (1) 0.059814 (1) 
Residue: GL4 71   0.920517 (0) 0.031498 (1) 0.007173 (1) 0.032696 (1) 0.008117 (1) 
Residue: TYR 74   0.999987 (1) 0.000013 (0) 
Residue: GL4 79   0.947162 (0) 0.015147 (1) 0.011208 (1) 0.015298 (1) 0.011184 (1) 
Residue: TYR 84   0.999978 (1) 0.000022 (0) 
