   Residue Number     State  0     State  1     State  2     State  3     State  4 
-----------------------------------------------------------------------------------
Residue: TYR 11   0.999928 (1) 0.000072 (0) 
Residue: GL4 14   0.932567 (0) 0.014078 (1) 0.019534 (1) 0.013474 (1) 0.020346 (1) 
Residue: TYR 16   0.999949 (1) 0.000051 (0) 
Residue: HIP 20   0.074791 (2) 0.741050 (1) 0.184159 (1) 
Residue: HIP 25   0.164415 (2) 0.737947 (1) 0.097638 (1) 
Residue: GL4 28   0.874764 (0) 0.049706 (1) 0.013500 (1) 0.047858 (1) 0.014173 (1) 
Residue: TYR 31   0.999941 (1) 0.000059 (0) 
Residue: GL4 36   0.905457 (0) 0.029267 (1) 0.014739 (1) 0.031959 (1) 0.018578 (1) 
Residue: TYR 41   0.999951 (1) 0.000049 (0) 
Residue: TYR 54   0.999872 (1) 0.000128 (0) 
Residue: GL4 57   0.951011 (0) 0.012242 (1) 0.009495 (1) 0.012964 (1) 0.014288 (1) 
Residue: TYR 59   0.999886 (1) 0.000114 (0) 
Residue: HIP 63   0.243811 (2) 0.723845 (1) 0.032344 (1) 
Residue: HIP 68   0.242183 (2) 0.691116 (1) 0.066702 (1) 
Residue: GL4 71   0.964182 (0) 0.013411 (1) 0.003199 (1) 0.014999 (1) 0.004209 (1) 
Residue: TYR 74   0.999951 (1) 0.000049 (0) 
Residue: GL4 79   0.978092 (0) 0.006222 (1) 0.004524 (1) 0.005992 (1) 0.005171 (1) 
Residue: TYR 84   0.999907 (1) 0.000093 (0) 
