   Residue Number     State  0     State  1     State  2     State  3     State  4 
-----------------------------------------------------------------------------------
Residue: TYR 11   0.999817 (1) 0.000183 (0) 
Residue: GL4 14   0.976268 (0) 0.005069 (1) 0.006583 (1) 0.004962 (1) 0.007118 (1) 
Residue: TYR 16   0.999833 (1) 0.000167 (0) 
Residue: HIP 20   0.028553 (2) 0.784662 (1) 0.186785 (1) 
Residue: HIP 25   0.068593 (2) 0.825192 (1) 0.106215 (1) 
Residue: GL4 28   0.953305 (0) 0.018138 (1) 0.005249 (1) 0.017738 (1) 0.005571 (1) 
Residue: TYR 31   0.999785 (1) 0.000215 (0) 
Residue: GL4 36   0.966450 (0) 0.009966 (1) 0.005207 (1) 0.011584 (1) 0.006793 (1) 
Residue: TYR 41   0.999837 (1) 0.000163 (0) 
Residue: TYR 54   0.999632 (1) 0.000368 (0) 
Residue: GL4 57   0.982274 (0) 0.004418 (1) 0.003651 (1) 0.004523 (1) 0.005134 (1) 
Residue: TYR 59   0.999638 (1) 0.000362 (0) 
Residue: HIP 63   0.099998 (2) 0.864057 (1) 0.035944 (1) 
Residue: HIP 68   0.104524 (2) 0.823623 (1) 0.071853 (1) 
Residue: GL4 71   0.986302 (0) 0.005021 (1) 0.001285 (1) 0.005738 (1) 0.001653 (1) 
Residue: TYR 74   0.999877 (1) 0.000123 (0) 
Residue: GL4 79   0.992082 (0) 0.002229 (1) 0.001593 (1) 0.002193 (1) 0.001902 (1) 
Residue: TYR 84   0.999702 (1) 0.000298 (0) 
