   Residue Number     State  0     State  1     State  2     State  3     State  4 
-----------------------------------------------------------------------------------
Residue: TYR 11   0.999377 (1) 0.000623 (0) 
Residue: GL4 14   0.992264 (0) 0.001699 (1) 0.002121 (1) 0.001580 (1) 0.002336 (1) 
Residue: TYR 16   0.999459 (1) 0.000541 (0) 
Residue: HIP 20   0.009758 (2) 0.802169 (1) 0.188073 (1) 
Residue: HIP 25   0.024251 (2) 0.865662 (1) 0.110088 (1) 
Residue: GL4 28   0.984125 (0) 0.006064 (1) 0.001908 (1) 0.005921 (1) 0.001982 (1) 
Residue: TYR 31   0.999397 (1) 0.000603 (0) 
Residue: GL4 36   0.988807 (0) 0.003203 (1) 0.001658 (1) 0.003974 (1) 0.002358 (1) 
Residue: TYR 41   0.999492 (1) 0.000508 (0) 
Residue: TYR 54   0.998842 (1) 0.001158 (0) 
Residue: GL4 57   0.993867 (0) 0.001629 (1) 0.001119 (1) 0.001559 (1) 0.001826 (1) 
Residue: TYR 59   0.998824 (1) 0.001176 (0) 
Residue: HIP 63   0.034939 (2) 0.927653 (1) 0.037408 (1) 
Residue: HIP 68   0.036923 (2) 0.888458 (1) 0.074618 (1) 
Residue: GL4 71   0.995167 (0) 0.001736 (1) 0.000465 (1) 0.002048 (1) 0.000584 (1) 
Residue: TYR 74   0.999597 (1) 0.000403 (0) 
Residue: GL4 79   0.997432 (0) 0.000730 (1) 0.000527 (1) 0.000743 (1) 0.000568 (1) 
Residue: TYR 84   0.999054 (1) 0.000946 (0) 
