   Residue Number     State  0     State  1     State  2     State  3     State  4 
-----------------------------------------------------------------------------------
Residue: TYR 11   0.998052 (1) 0.001948 (0) 
Residue: GL4 14   0.997498 (0) 0.000557 (1) 0.000647 (1) 0.000538 (1) 0.000761 (1) 
Residue: TYR 16   0.998332 (1) 0.001668 (0) 
Residue: HIP 20   0.003203 (2) 0.808244 (1) 0.188553 (1) 
Residue: HIP 25   0.007908 (2) 0.880686 (1) 0.111406 (1) 
Residue: GL4 28   0.994892 (0) 0.001980 (1) 0.000640 (1) 0.001947 (1) 0.000541 (1) 
Residue: TYR 31   0.998072 (1) 0.001928 (0) 
Residue: GL4 36   0.996397 (0) 0.001063 (1) 0.000483 (1) 0.001317 (1) 0.000740 (1) 
Residue: TYR 41   0.998442 (1) 0.001558 (0) 
Residue: TYR 54   0.996302 (1) 0.003698 (0) 
Residue: GL4 57   0.998107 (0) 0.000430 (1) 0.000353 (1) 0.000553 (1) 0.000557 (1) 
Residue: TYR 59   0.996357 (1) 0.003643 (0) 
Residue: HIP 63   0.011663 (2) 0.949547 (1) 0.038789 (1) 
Residue: HIP 68   0.012329 (2) 0.912190 (1) 0.075481 (1) 
Residue: GL4 71   0.998547 (0) 0.000548 (1) 0.000133 (1) 0.000642 (1) 0.000131 (1) 
Residue: TYR 74   0.998760 (1) 0.001240 (0) 
Residue: GL4 79   0.999193 (0) 0.000218 (1) 0.000168 (1) 0.000222 (1) 0.000199 (1) 
Residue: TYR 84   0.996957 (1) 0.003043 (0) 
