   Residue Number     State  0     State  1     State  2     State  3     State  4 
-----------------------------------------------------------------------------------
Residue: TYR 11   0.993695 (1) 0.006305 (0) 
Residue: GL4 14   0.999251 (0) 0.000172 (1) 0.000202 (1) 0.000157 (1) 0.000219 (1) 
Residue: TYR 16   0.994794 (1) 0.005206 (0) 
Residue: HIP 20   0.001081 (2) 0.809353 (1) 0.189566 (1) 
Residue: HIP 25   0.002547 (2) 0.885033 (1) 0.112420 (1) 
Residue: GL4 28   0.998258 (0) 0.000639 (1) 0.000207 (1) 0.000713 (1) 0.000183 (1) 
Residue: TYR 31   0.993987 (1) 0.006013 (0) 
Residue: GL4 36   0.998831 (0) 0.000349 (1) 0.000159 (1) 0.000413 (1) 0.000248 (1) 
Residue: TYR 41   0.995086 (1) 0.004914 (0) 
Residue: TYR 54   0.988319 (1) 0.011681 (0) 
Residue: GL4 57   0.999324 (0) 0.000161 (1) 0.000112 (1) 0.000164 (1) 0.000239 (1) 
Residue: TYR 59   0.988684 (1) 0.011316 (0) 
Residue: HIP 63   0.003897 (2) 0.957021 (1) 0.039083 (1) 
Residue: HIP 68   0.003871 (2) 0.920288 (1) 0.075841 (1) 
Residue: GL4 71   0.999472 (0) 0.000236 (1) 0.000051 (1) 0.000219 (1) 0.000023 (1) 
Residue: TYR 74   0.996171 (1) 0.003829 (0) 
Residue: GL4 79   0.999702 (0) 0.000101 (1) 0.000053 (1) 0.000073 (1) 0.000071 (1) 
Residue: TYR 84   0.990613 (1) 0.009387 (0) 
