# 1    2
# pH   Residue
0.00 0.000 0.000 0.000 0.000 0.000 0.000 0.000 0.000 0.000 0.000 0.000 0.000 0.000 0.000 0.000 0.000 0.000 0.000  
0.50 0.000 0.000 0.000 0.000 0.000 0.000 0.000 0.000 0.000 0.000 0.000 0.000 0.000 0.000 0.000 0.000 0.000 0.000  
1.00 0.000 0.000 0.000 0.000 0.000 0.000 0.000 0.000 0.000 0.000 0.000 0.000 0.000 0.000 0.000 0.000 0.001 0.000  
1.50 0.000 0.000 0.000 0.000 0.000 0.000 0.000 0.000 0.000 0.000 0.000 0.000 0.000 0.000 0.001 0.000 0.002 0.000  
2.00 0.000 0.001 0.000 0.000 0.000 0.001 0.000 0.002 0.000 0.000 0.001 0.000 0.000 0.000 0.002 0.000 0.007 0.000  
2.50 0.000 0.003 0.000 0.000 0.000 0.002 0.000 0.004 0.000 0.000 0.005 0.000 0.000 0.000 0.006 0.000 0.022 0.000  
3.00 0.000 0.010 0.000 0.001 0.001 0.005 0.000 0.013 0.000 0.000 0.014 0.000 0.000 0.001 0.018 0.000 0.064 0.000  
3.50 0.000 0.029 0.000 0.003 0.003 0.015 0.000 0.035 0.000 0.000 0.041 0.000 0.001 0.002 0.051 0.000 0.171 0.000  
4.00 0.000 0.077 0.000 0.010 0.008 0.040 0.000 0.074 0.000 0.000 0.107 0.000 0.003 0.006 0.130 0.000 0.367 0.000  
4.50 0.000 0.166 0.000 0.030 0.024 0.085 0.000 0.124 0.000 0.000 0.231 0.000 0.008 0.019 0.280 0.000 0.586 0.000  
5.00 0.000 0.278 0.000 0.086 0.065 0.144 0.000 0.173 0.000 0.000 0.395 0.000 0.023 0.052 0.481 0.000 0.732 0.000  
5.50 0.000 0.387 0.000 0.222 0.162 0.216 0.000 0.237 0.000 0.000 0.537 0.000 0.061 0.131 0.660 0.000 0.805 0.000  
6.00 0.000 0.512 0.000 0.450 0.331 0.328 0.000 0.361 0.000 0.000 0.655 0.000 0.146 0.266 0.777 0.000 0.850 0.000  
6.50 0.000 0.672 0.000 0.682 0.522 0.509 0.000 0.561 0.000 0.000 0.773 0.000 0.299 0.418 0.857 0.000 0.900 0.000  
7.00 0.000 0.834 0.000 0.837 0.690 0.720 0.000 0.773 0.000 0.000 0.882 0.000 0.527 0.582 0.921 0.000 0.947 0.000  
7.50 0.000 0.933 0.000 0.925 0.836 0.875 0.000 0.905 0.000 0.000 0.951 0.000 0.756 0.758 0.964 0.000 0.978 0.000  
8.00 0.000 0.976 0.000 0.971 0.931 0.953 0.000 0.966 0.000 0.000 0.982 0.000 0.900 0.895 0.986 0.000 0.992 0.000  
8.50 0.001 0.992 0.001 0.990 0.976 0.984 0.001 0.989 0.001 0.001 0.994 0.001 0.965 0.963 0.995 0.000 0.997 0.001  
9.00 0.002 0.997 0.002 0.997 0.992 0.995 0.002 0.996 0.002 0.004 0.998 0.004 0.988 0.988 0.999 0.001 0.999 0.003  
9.50 0.006 0.999 0.005 0.999 0.997 0.998 0.006 0.999 0.005 0.012 0.999 0.011 0.996 0.996 0.999 0.004 1.000 0.009  
10.00 0.020 1.000 0.016 1.000 0.999 0.999 0.019 1.000 0.016 0.037 1.000 0.035 0.999 0.999 1.000 0.012 1.000 0.030  
10.50 0.062 1.000 0.049 1.000 1.000 1.000 0.058 1.000 0.049 0.112 1.000 0.100 1.000 1.000 1.000 0.037 1.000 0.091  
11.00 0.189 1.000 0.133 1.000 1.000 1.000 0.161 1.000 0.148 0.312 1.000 0.249 1.000 1.000 1.000 0.106 1.000 0.256  
11.50 0.488 1.000 0.303 1.000 1.000 1.000 0.370 1.000 0.391 0.663 1.000 0.461 1.000 1.000 1.000 0.270 1.000 0.569  
12.00 0.802 1.000 0.567 1.000 1.000 1.000 0.629 1.000 0.706 0.906 1.000 0.671 1.000 1.000 1.000 0.538 1.000 0.835  
12.50 0.934 1.000 0.800 1.000 1.000 1.000 0.827 1.000 0.890 0.974 1.000 0.842 1.000 1.000 1.000 0.780 1.000 0.943  
13.00 0.979 1.000 0.928 1.000 1.000 1.000 0.933 1.000 0.963 0.992 1.000 0.939 1.000 1.000 1.000 0.916 1.000 0.981  
13.50 0.993 1.000 0.977 1.000 1.000 1.000 0.977 1.000 0.988 0.998 1.000 0.980 1.000 1.000 1.000 0.972 1.000 0.994  
