   Residue Number     State  0     State  1     State  2     State  3     State  4 
-----------------------------------------------------------------------------------
Residue: TYR 11   1.000000 (1) 0.000000 (0) 
Residue: GL4 14   0.002869 (0) 0.467548 (1) 0.029548 (1) 0.472105 (1) 0.027929 (1) 
Residue: TYR 16   1.000000 (1) 0.000000 (0) 
Residue: HIP 20   0.999979 (2) 0.000020 (1) 0.000001 (1) 
Residue: HIP 25   0.999979 (2) 0.000019 (1) 0.000002 (1) 
Residue: GL4 28   0.066753 (0) 0.314952 (1) 0.143268 (1) 0.317699 (1) 0.157328 (1) 
Residue: TYR 31   0.999999 (1) 0.000001 (0) 
Residue: GL4 36   0.001850 (0) 0.478423 (1) 0.033221 (1) 0.455355 (1) 0.031151 (1) 
Residue: TYR 41   1.000000 (1) 0.000000 (0) 
Residue: TYR 54   1.000000 (1) 0.000000 (0) 
Residue: GL4 57   0.000163 (0) 0.449785 (1) 0.049211 (1) 0.446543 (1) 0.054298 (1) 
Residue: TYR 59   1.000000 (1) 0.000000 (0) 
Residue: HIP 63   0.999996 (2) 0.000004 (1) 0.000000 (1) 
Residue: HIP 68   0.999994 (2) 0.000006 (1) 0.000000 (1) 
Residue: GL4 71   0.000388 (0) 0.458170 (1) 0.039022 (1) 0.457701 (1) 0.044719 (1) 
Residue: TYR 74   1.000000 (1) 0.000000 (0) 
Residue: GL4 79   0.000518 (0) 0.476000 (1) 0.025583 (1) 0.474006 (1) 0.023893 (1) 
Residue: TYR 84   1.000000 (1) 0.000000 (0) 
Residue: TYR 97   1.000000 (1) 0.000000 (0) 
Residue: GL4 100  0.000838 (0) 0.469967 (1) 0.034960 (1) 0.461381 (1) 0.032854 (1) 
Residue: TYR 102  1.000000 (1) 0.000000 (0) 
Residue: HIP 106  0.999994 (2) 0.000004 (1) 0.000002 (1) 
Residue: HIP 111  0.999895 (2) 0.000076 (1) 0.000029 (1) 
Residue: GL4 114  0.267719 (0) 0.422434 (1) 0.006070 (1) 0.297439 (1) 0.006339 (1) 
Residue: TYR 117  1.000000 (1) 0.000000 (0) 
Residue: GL4 122  0.001626 (0) 0.417370 (1) 0.081234 (1) 0.419895 (1) 0.079875 (1) 
Residue: TYR 127  1.000000 (1) 0.000000 (0) 
Residue: TYR 140  1.000000 (1) 0.000000 (0) 
Residue: GL4 143  0.004094 (0) 0.470005 (1) 0.028323 (1) 0.471665 (1) 0.025913 (1) 
Residue: TYR 145  1.000000 (1) 0.000000 (0) 
Residue: HIP 149  0.999973 (2) 0.000018 (1) 0.000008 (1) 
Residue: HIP 154  0.999952 (2) 0.000030 (1) 0.000018 (1) 
Residue: GL4 157  0.404158 (0) 0.315307 (1) 0.030162 (1) 0.228814 (1) 0.021560 (1) 
Residue: TYR 160  1.000000 (1) 0.000000 (0) 
Residue: GL4 165  0.003753 (0) 0.424408 (1) 0.074002 (1) 0.427803 (1) 0.070035 (1) 
Residue: TYR 170  1.000000 (1) 0.000000 (0) 
Residue: TYR 183  1.000000 (1) 0.000000 (0) 
Residue: GL4 186  0.000093 (0) 0.377550 (1) 0.121755 (1) 0.379508 (1) 0.121093 (1) 
Residue: TYR 188  1.000000 (1) 0.000000 (0) 
Residue: HIP 192  0.999951 (2) 0.000039 (1) 0.000010 (1) 
Residue: HIP 197  0.999994 (2) 0.000003 (1) 0.000003 (1) 
Residue: GL4 200  0.006889 (0) 0.369607 (1) 0.128413 (1) 0.396142 (1) 0.098949 (1) 
Residue: TYR 203  1.000000 (1) 0.000000 (0) 
Residue: GL4 208  0.000050 (0) 0.386186 (1) 0.110956 (1) 0.389662 (1) 0.113146 (1) 
Residue: TYR 213  1.000000 (1) 0.000000 (0) 
