   Residue Number     State  0     State  1     State  2     State  3     State  4 
-----------------------------------------------------------------------------------
Residue: TYR 11   1.000000 (1) 0.000000 (0) 
Residue: GL4 14   0.001075 (0) 0.473085 (1) 0.031228 (1) 0.468705 (1) 0.025908 (1) 
Residue: TYR 16   1.000000 (1) 0.000000 (0) 
Residue: HIP 20   0.999987 (2) 0.000013 (1) 0.000000 (1) 
Residue: HIP 25   0.999995 (2) 0.000005 (1) 0.000000 (1) 
Residue: GL4 28   0.041863 (0) 0.375704 (1) 0.095383 (1) 0.384177 (1) 0.102874 (1) 
Residue: TYR 31   1.000000 (1) 0.000000 (0) 
Residue: GL4 36   0.000627 (0) 0.482453 (1) 0.032398 (1) 0.453295 (1) 0.031228 (1) 
Residue: TYR 41   1.000000 (1) 0.000000 (0) 
Residue: TYR 54   1.000000 (1) 0.000000 (0) 
Residue: GL4 57   0.000043 (0) 0.452096 (1) 0.049448 (1) 0.443700 (1) 0.054713 (1) 
Residue: TYR 59   1.000000 (1) 0.000000 (0) 
Residue: HIP 63   1.000000 (2) 0.000000 (1) 0.000000 (1) 
Residue: HIP 68   0.999999 (2) 0.000000 (1) 0.000001 (1) 
Residue: GL4 71   0.000154 (0) 0.461540 (1) 0.036767 (1) 0.462066 (1) 0.039473 (1) 
Residue: TYR 74   0.999999 (1) 0.000001 (0) 
Residue: GL4 79   0.000169 (0) 0.476527 (1) 0.025370 (1) 0.473349 (1) 0.024585 (1) 
Residue: TYR 84   1.000000 (1) 0.000000 (0) 
Residue: TYR 97   1.000000 (1) 0.000000 (0) 
Residue: GL4 100  0.000307 (0) 0.469390 (1) 0.032382 (1) 0.462868 (1) 0.035054 (1) 
Residue: TYR 102  1.000000 (1) 0.000000 (0) 
Residue: HIP 106  0.999998 (2) 0.000001 (1) 0.000001 (1) 
Residue: HIP 111  0.999957 (2) 0.000022 (1) 0.000022 (1) 
Residue: GL4 114  0.166740 (0) 0.476495 (1) 0.003989 (1) 0.348290 (1) 0.004486 (1) 
Residue: TYR 117  1.000000 (1) 0.000000 (0) 
Residue: GL4 122  0.000610 (0) 0.420146 (1) 0.081640 (1) 0.416500 (1) 0.081103 (1) 
Residue: TYR 127  1.000000 (1) 0.000000 (0) 
Residue: TYR 140  1.000000 (1) 0.000000 (0) 
Residue: GL4 143  0.001575 (0) 0.471188 (1) 0.030135 (1) 0.471436 (1) 0.025666 (1) 
Residue: TYR 145  1.000000 (1) 0.000000 (0) 
Residue: HIP 149  0.999994 (2) 0.000006 (1) 0.000000 (1) 
Residue: HIP 154  0.999982 (2) 0.000008 (1) 0.000011 (1) 
Residue: GL4 157  0.262891 (0) 0.379675 (1) 0.021408 (1) 0.319497 (1) 0.016529 (1) 
Residue: TYR 160  1.000000 (1) 0.000000 (0) 
Residue: GL4 165  0.001261 (0) 0.429844 (1) 0.074468 (1) 0.424297 (1) 0.070131 (1) 
Residue: TYR 170  1.000000 (1) 0.000000 (0) 
Residue: TYR 183  1.000000 (1) 0.000000 (0) 
Residue: GL4 186  0.000027 (0) 0.379643 (1) 0.121706 (1) 0.379546 (1) 0.119078 (1) 
Residue: TYR 188  1.000000 (1) 0.000000 (0) 
Residue: HIP 192  0.999989 (2) 0.000009 (1) 0.000002 (1) 
Residue: HIP 197  0.999998 (2) 0.000001 (1) 0.000001 (1) 
Residue: GL4 200  0.003188 (0) 0.383799 (1) 0.131825 (1) 0.386918 (1) 0.094271 (1) 
Residue: TYR 203  1.000000 (1) 0.000000 (0) 
Residue: GL4 208  0.000018 (0) 0.385284 (1) 0.112548 (1) 0.385307 (1) 0.116844 (1) 
Residue: TYR 213  1.000000 (1) 0.000000 (0) 
