   Residue Number     State  0     State  1     State  2     State  3     State  4 
-----------------------------------------------------------------------------------
Residue: TYR 11   1.000000 (1) 0.000000 (0) 
Residue: GL4 14   0.007223 (0) 0.460387 (1) 0.029377 (1) 0.472759 (1) 0.030254 (1) 
Residue: TYR 16   1.000000 (1) 0.000000 (0) 
Residue: HIP 20   0.999879 (2) 0.000121 (1) 0.000000 (1) 
Residue: HIP 25   0.999862 (2) 0.000118 (1) 0.000019 (1) 
Residue: GL4 28   0.089161 (0) 0.273478 (1) 0.172188 (1) 0.273037 (1) 0.192136 (1) 
Residue: TYR 31   1.000000 (1) 0.000000 (0) 
Residue: GL4 36   0.005259 (0) 0.473075 (1) 0.034172 (1) 0.455855 (1) 0.031640 (1) 
Residue: TYR 41   1.000000 (1) 0.000000 (0) 
Residue: TYR 54   1.000000 (1) 0.000000 (0) 
Residue: GL4 57   0.000467 (0) 0.448083 (1) 0.050168 (1) 0.446214 (1) 0.055069 (1) 
Residue: TYR 59   1.000000 (1) 0.000000 (0) 
Residue: HIP 63   0.999987 (2) 0.000013 (1) 0.000001 (1) 
Residue: HIP 68   0.999977 (2) 0.000022 (1) 0.000002 (1) 
Residue: GL4 71   0.001134 (0) 0.453243 (1) 0.041793 (1) 0.452444 (1) 0.051386 (1) 
Residue: TYR 74   1.000000 (1) 0.000000 (0) 
Residue: GL4 79   0.001650 (0) 0.475520 (1) 0.025971 (1) 0.471820 (1) 0.025039 (1) 
Residue: TYR 84   1.000000 (1) 0.000000 (0) 
Residue: TYR 97   1.000000 (1) 0.000000 (0) 
Residue: GL4 100  0.002132 (0) 0.468457 (1) 0.036403 (1) 0.459925 (1) 0.033083 (1) 
Residue: TYR 102  1.000000 (1) 0.000000 (0) 
Residue: HIP 106  0.999962 (2) 0.000027 (1) 0.000011 (1) 
Residue: HIP 111  0.999767 (2) 0.000166 (1) 0.000067 (1) 
Residue: GL4 114  0.339331 (0) 0.380481 (1) 0.007257 (1) 0.264892 (1) 0.008039 (1) 
Residue: TYR 117  1.000000 (1) 0.000000 (0) 
Residue: GL4 122  0.004824 (0) 0.415430 (1) 0.080807 (1) 0.419910 (1) 0.079029 (1) 
Residue: TYR 127  1.000000 (1) 0.000000 (0) 
Residue: TYR 140  1.000000 (1) 0.000000 (0) 
Residue: GL4 143  0.009984 (0) 0.466401 (1) 0.027546 (1) 0.470016 (1) 0.026053 (1) 
Residue: TYR 145  1.000000 (1) 0.000000 (0) 
Residue: HIP 149  0.999922 (2) 0.000058 (1) 0.000019 (1) 
Residue: HIP 154  0.999837 (2) 0.000121 (1) 0.000042 (1) 
Residue: GL4 157  0.491657 (0) 0.275927 (1) 0.035658 (1) 0.172820 (1) 0.023938 (1) 
Residue: TYR 160  1.000000 (1) 0.000000 (0) 
Residue: GL4 165  0.010318 (0) 0.420892 (1) 0.073503 (1) 0.425554 (1) 0.069734 (1) 
Residue: TYR 170  1.000000 (1) 0.000000 (0) 
Residue: TYR 183  1.000000 (1) 0.000000 (0) 
Residue: GL4 186  0.000201 (0) 0.378510 (1) 0.121326 (1) 0.377844 (1) 0.122118 (1) 
Residue: TYR 188  1.000000 (1) 0.000000 (0) 
Residue: HIP 192  0.999870 (2) 0.000093 (1) 0.000037 (1) 
Residue: HIP 197  0.999976 (2) 0.000021 (1) 0.000003 (1) 
Residue: GL4 200  0.015863 (0) 0.355890 (1) 0.128008 (1) 0.396930 (1) 0.103308 (1) 
Residue: TYR 203  1.000000 (1) 0.000000 (0) 
Residue: GL4 208  0.000128 (0) 0.387409 (1) 0.110338 (1) 0.391479 (1) 0.110645 (1) 
Residue: TYR 213  1.000000 (1) 0.000000 (0) 
