   Residue Number     State  0     State  1     State  2     State  3     State  4 
-----------------------------------------------------------------------------------
Residue: TYR 11   1.000000 (1) 0.000000 (0) 
Residue: GL4 14   0.019788 (0) 0.449906 (1) 0.032281 (1) 0.463983 (1) 0.034043 (1) 
Residue: TYR 16   1.000000 (1) 0.000000 (0) 
Residue: HIP 20   0.999572 (2) 0.000428 (1) 0.000000 (1) 
Residue: HIP 25   0.999585 (2) 0.000348 (1) 0.000067 (1) 
Residue: GL4 28   0.124126 (0) 0.241472 (1) 0.184418 (1) 0.243155 (1) 0.206829 (1) 
Residue: TYR 31   1.000000 (1) 0.000000 (0) 
Residue: GL4 36   0.014921 (0) 0.463312 (1) 0.037379 (1) 0.450446 (1) 0.033942 (1) 
Residue: TYR 41   0.999999 (1) 0.000001 (0) 
Residue: TYR 54   1.000000 (1) 0.000000 (0) 
Residue: GL4 57   0.001347 (0) 0.442081 (1) 0.054554 (1) 0.443765 (1) 0.058253 (1) 
Residue: TYR 59   1.000000 (1) 0.000000 (0) 
Residue: HIP 63   0.999975 (2) 0.000024 (1) 0.000001 (1) 
Residue: HIP 68   0.999932 (2) 0.000058 (1) 0.000011 (1) 
Residue: GL4 71   0.002995 (0) 0.442339 (1) 0.048288 (1) 0.441672 (1) 0.064707 (1) 
Residue: TYR 74   1.000000 (1) 0.000000 (0) 
Residue: GL4 79   0.004779 (0) 0.471069 (1) 0.027885 (1) 0.469322 (1) 0.026945 (1) 
Residue: TYR 84   1.000000 (1) 0.000000 (0) 
Residue: TYR 97   1.000000 (1) 0.000000 (0) 
Residue: GL4 100  0.006088 (0) 0.466150 (1) 0.037728 (1) 0.455944 (1) 0.034090 (1) 
Residue: TYR 102  1.000000 (1) 0.000000 (0) 
Residue: HIP 106  0.999889 (2) 0.000098 (1) 0.000013 (1) 
Residue: HIP 111  0.999388 (2) 0.000458 (1) 0.000154 (1) 
Residue: GL4 114  0.394932 (0) 0.347299 (1) 0.007479 (1) 0.241244 (1) 0.009047 (1) 
Residue: TYR 117  1.000000 (1) 0.000000 (0) 
Residue: GL4 122  0.013801 (0) 0.409870 (1) 0.083593 (1) 0.412516 (1) 0.080221 (1) 
Residue: TYR 127  1.000000 (1) 0.000000 (0) 
Residue: TYR 140  1.000000 (1) 0.000000 (0) 
Residue: GL4 143  0.026054 (0) 0.457297 (1) 0.027828 (1) 0.462211 (1) 0.026609 (1) 
Residue: TYR 145  1.000000 (1) 0.000000 (0) 
Residue: HIP 149  0.999773 (2) 0.000130 (1) 0.000097 (1) 
Residue: HIP 154  0.999481 (2) 0.000390 (1) 0.000129 (1) 
Residue: GL4 157  0.526139 (0) 0.260512 (1) 0.037546 (1) 0.150338 (1) 0.025465 (1) 
Residue: TYR 160  1.000000 (1) 0.000000 (0) 
Residue: GL4 165  0.028928 (0) 0.411651 (1) 0.072688 (1) 0.416779 (1) 0.069954 (1) 
Residue: TYR 170  1.000000 (1) 0.000000 (0) 
Residue: TYR 183  1.000000 (1) 0.000000 (0) 
Residue: GL4 186  0.000527 (0) 0.377352 (1) 0.122033 (1) 0.376686 (1) 0.123403 (1) 
Residue: TYR 188  1.000000 (1) 0.000000 (0) 
Residue: HIP 192  0.999624 (2) 0.000266 (1) 0.000110 (1) 
Residue: HIP 197  0.999932 (2) 0.000053 (1) 0.000014 (1) 
Residue: GL4 200  0.035543 (0) 0.339590 (1) 0.133478 (1) 0.380738 (1) 0.110650 (1) 
Residue: TYR 203  1.000000 (1) 0.000000 (0) 
Residue: GL4 208  0.000450 (0) 0.385704 (1) 0.113648 (1) 0.388026 (1) 0.112172 (1) 
Residue: TYR 213  1.000000 (1) 0.000000 (0) 
