   Residue Number     State  0     State  1     State  2     State  3     State  4 
-----------------------------------------------------------------------------------
Residue: TYR 11   0.999379 (1) 0.000621 (0) 
Residue: GL4 14   0.999336 (0) 0.000074 (1) 0.000288 (1) 0.000063 (1) 0.000239 (1) 
Residue: TYR 16   0.993761 (1) 0.006239 (0) 
Residue: HIP 20   0.001873 (2) 0.996532 (1) 0.001594 (1) 
Residue: HIP 25   0.000430 (2) 0.930237 (1) 0.069333 (1) 
Residue: GL4 28   0.999653 (0) 0.000008 (1) 0.000155 (1) 0.000013 (1) 0.000171 (1) 
Residue: TYR 31   0.999937 (1) 0.000063 (0) 
Residue: GL4 36   0.999280 (0) 0.000272 (1) 0.000075 (1) 0.000316 (1) 0.000058 (1) 
Residue: TYR 41   0.998401 (1) 0.001599 (0) 
Residue: TYR 54   0.954637 (1) 0.045363 (0) 
Residue: GL4 57   0.999870 (0) 0.000027 (1) 0.000052 (1) 0.000011 (1) 0.000041 (1) 
Residue: TYR 59   0.933492 (1) 0.066508 (0) 
Residue: HIP 63   0.002946 (2) 0.983635 (1) 0.013419 (1) 
Residue: HIP 68   0.000508 (2) 0.941020 (1) 0.058473 (1) 
Residue: GL4 71   0.999975 (0) 0.000011 (1) 0.000003 (1) 0.000011 (1) 0.000000 (1) 
Residue: TYR 74   0.991268 (1) 0.008732 (0) 
Residue: GL4 79   0.999883 (0) 0.000022 (1) 0.000055 (1) 0.000010 (1) 0.000030 (1) 
Residue: TYR 84   0.901907 (1) 0.098093 (0) 
Residue: TYR 97   0.999552 (1) 0.000448 (0) 
Residue: GL4 100  0.999854 (0) 0.000043 (1) 0.000021 (1) 0.000067 (1) 0.000016 (1) 
Residue: TYR 102  0.997727 (1) 0.002273 (0) 
Residue: HIP 106  0.000683 (2) 0.945189 (1) 0.054128 (1) 
Residue: HIP 111  0.000228 (2) 0.889071 (1) 0.110702 (1) 
Residue: GL4 114  0.999862 (0) 0.000101 (1) 0.000000 (1) 0.000037 (1) 0.000000 (1) 
Residue: TYR 117  0.999852 (1) 0.000148 (0) 
Residue: GL4 122  0.999872 (0) 0.000039 (1) 0.000016 (1) 0.000023 (1) 0.000050 (1) 
Residue: TYR 127  0.997071 (1) 0.002929 (0) 
Residue: TYR 140  0.999702 (1) 0.000298 (0) 
Residue: GL4 143  0.999774 (0) 0.000092 (1) 0.000050 (1) 0.000074 (1) 0.000010 (1) 
Residue: TYR 145  0.999324 (1) 0.000676 (0) 
Residue: HIP 149  0.005638 (2) 0.926159 (1) 0.068203 (1) 
Residue: HIP 154  0.000323 (2) 0.865808 (1) 0.133868 (1) 
Residue: GL4 157  0.999902 (0) 0.000021 (1) 0.000000 (1) 0.000077 (1) 0.000000 (1) 
Residue: TYR 160  0.999957 (1) 0.000043 (0) 
Residue: GL4 165  0.999839 (0) 0.000035 (1) 0.000030 (1) 0.000056 (1) 0.000040 (1) 
Residue: TYR 170  0.999090 (1) 0.000910 (0) 
Residue: TYR 183  0.975262 (1) 0.024738 (0) 
Residue: GL4 186  0.999836 (0) 0.000017 (1) 0.000068 (1) 0.000032 (1) 0.000048 (1) 
Residue: TYR 188  0.961727 (1) 0.038273 (0) 
Residue: HIP 192  0.000034 (2) 0.888426 (1) 0.111540 (1) 
Residue: HIP 197  0.000478 (2) 0.809483 (1) 0.190038 (1) 
Residue: GL4 200  0.999590 (0) 0.000073 (1) 0.000133 (1) 0.000058 (1) 0.000145 (1) 
Residue: TYR 203  0.965424 (1) 0.034576 (0) 
Residue: GL4 208  0.999779 (0) 0.000025 (1) 0.000088 (1) 0.000009 (1) 0.000098 (1) 
Residue: TYR 213  0.957571 (1) 0.042429 (0) 
