   Residue Number     State  0     State  1     State  2     State  3     State  4 
-----------------------------------------------------------------------------------
Residue: TYR 11   0.999819 (1) 0.000181 (0) 
Residue: GL4 14   0.998054 (0) 0.000241 (1) 0.000748 (1) 0.000229 (1) 0.000728 (1) 
Residue: TYR 16   0.997956 (1) 0.002044 (0) 
Residue: HIP 20   0.005896 (2) 0.992615 (1) 0.001489 (1) 
Residue: HIP 25   0.001176 (2) 0.928069 (1) 0.070755 (1) 
Residue: GL4 28   0.998789 (0) 0.000058 (1) 0.000428 (1) 0.000059 (1) 0.000666 (1) 
Residue: TYR 31   0.999979 (1) 0.000021 (0) 
Residue: GL4 36   0.997701 (0) 0.000936 (1) 0.000154 (1) 0.001020 (1) 0.000189 (1) 
Residue: TYR 41   0.999507 (1) 0.000493 (0) 
Residue: TYR 54   0.985937 (1) 0.014063 (0) 
Residue: GL4 57   0.999571 (0) 0.000060 (1) 0.000133 (1) 0.000031 (1) 0.000206 (1) 
Residue: TYR 59   0.977873 (1) 0.022127 (0) 
Residue: HIP 63   0.008759 (2) 0.977753 (1) 0.013488 (1) 
Residue: HIP 68   0.001484 (2) 0.940152 (1) 0.058363 (1) 
Residue: GL4 71   0.999887 (0) 0.000050 (1) 0.000003 (1) 0.000054 (1) 0.000007 (1) 
Residue: TYR 74   0.997245 (1) 0.002755 (0) 
Residue: GL4 79   0.999674 (0) 0.000032 (1) 0.000155 (1) 0.000039 (1) 0.000100 (1) 
Residue: TYR 84   0.967860 (1) 0.032140 (0) 
Residue: TYR 97   0.999874 (1) 0.000126 (0) 
Residue: GL4 100  0.999530 (0) 0.000149 (1) 0.000082 (1) 0.000198 (1) 0.000042 (1) 
Residue: TYR 102  0.999236 (1) 0.000764 (0) 
Residue: HIP 106  0.001884 (2) 0.943731 (1) 0.054385 (1) 
Residue: HIP 111  0.000734 (2) 0.888774 (1) 0.110492 (1) 
Residue: GL4 114  0.999615 (0) 0.000295 (1) 0.000000 (1) 0.000090 (1) 0.000000 (1) 
Residue: TYR 117  0.999951 (1) 0.000049 (0) 
Residue: GL4 122  0.999618 (0) 0.000076 (1) 0.000080 (1) 0.000065 (1) 0.000161 (1) 
Residue: TYR 127  0.999018 (1) 0.000982 (0) 
Residue: TYR 140  0.999916 (1) 0.000084 (0) 
Residue: GL4 143  0.999472 (0) 0.000221 (1) 0.000065 (1) 0.000202 (1) 0.000040 (1) 
Residue: TYR 145  0.999796 (1) 0.000204 (0) 
Residue: HIP 149  0.017006 (2) 0.914764 (1) 0.068230 (1) 
Residue: HIP 154  0.001077 (2) 0.868161 (1) 0.130763 (1) 
Residue: GL4 157  0.999737 (0) 0.000065 (1) 0.000000 (1) 0.000198 (1) 0.000000 (1) 
Residue: TYR 160  0.999986 (1) 0.000014 (0) 
Residue: GL4 165  0.999485 (0) 0.000168 (1) 0.000078 (1) 0.000181 (1) 0.000088 (1) 
Residue: TYR 170  0.999700 (1) 0.000300 (0) 
Residue: TYR 183  0.991948 (1) 0.008052 (0) 
Residue: GL4 186  0.999523 (0) 0.000078 (1) 0.000121 (1) 0.000126 (1) 0.000152 (1) 
Residue: TYR 188  0.987790 (1) 0.012210 (0) 
Residue: HIP 192  0.000118 (2) 0.887843 (1) 0.112038 (1) 
Residue: HIP 197  0.001404 (2) 0.808260 (1) 0.190336 (1) 
Residue: GL4 200  0.998907 (0) 0.000208 (1) 0.000387 (1) 0.000119 (1) 0.000378 (1) 
Residue: TYR 203  0.989387 (1) 0.010613 (0) 
Residue: GL4 208  0.999367 (0) 0.000061 (1) 0.000250 (1) 0.000032 (1) 0.000291 (1) 
Residue: TYR 213  0.986581 (1) 0.013419 (0) 
