   Residue Number     State  0     State  1     State  2     State  3     State  4 
-----------------------------------------------------------------------------------
Residue: TYR 11   0.997529 (1) 0.002471 (0) 
Residue: GL4 14   0.999772 (0) 0.000021 (1) 0.000113 (1) 0.000027 (1) 0.000068 (1) 
Residue: TYR 16   0.983075 (1) 0.016925 (0) 
Residue: HIP 20   0.000715 (2) 0.997387 (1) 0.001898 (1) 
Residue: HIP 25   0.000113 (2) 0.931929 (1) 0.067958 (1) 
Residue: GL4 28   0.999896 (0) 0.000005 (1) 0.000040 (1) 0.000009 (1) 0.000050 (1) 
Residue: TYR 31   0.999838 (1) 0.000162 (0) 
Residue: GL4 36   0.999796 (0) 0.000063 (1) 0.000021 (1) 0.000098 (1) 0.000022 (1) 
Residue: TYR 41   0.995032 (1) 0.004968 (0) 
Residue: TYR 54   0.854106 (1) 0.145894 (0) 
Residue: GL4 57   0.999959 (0) 0.000011 (1) 0.000015 (1) 0.000005 (1) 0.000010 (1) 
Residue: TYR 59   0.817440 (1) 0.182560 (0) 
Residue: HIP 63   0.001049 (2) 0.985487 (1) 0.013464 (1) 
Residue: HIP 68   0.000148 (2) 0.942256 (1) 0.057596 (1) 
Residue: GL4 71   0.999998 (0) 0.000001 (1) 0.000000 (1) 0.000001 (1) 0.000000 (1) 
Residue: TYR 74   0.973487 (1) 0.026513 (0) 
Residue: GL4 79   0.999965 (0) 0.000010 (1) 0.000002 (1) 0.000003 (1) 0.000020 (1) 
Residue: TYR 84   0.729175 (1) 0.270825 (0) 
Residue: TYR 97   0.998631 (1) 0.001369 (0) 
Residue: GL4 100  0.999956 (0) 0.000021 (1) 0.000000 (1) 0.000023 (1) 0.000000 (1) 
Residue: TYR 102  0.993149 (1) 0.006851 (0) 
Residue: HIP 106  0.000210 (2) 0.946687 (1) 0.053103 (1) 
Residue: HIP 111  0.000067 (2) 0.887307 (1) 0.112627 (1) 
Residue: GL4 114  0.999955 (0) 0.000030 (1) 0.000000 (1) 0.000015 (1) 0.000000 (1) 
Residue: TYR 117  0.999482 (1) 0.000518 (0) 
Residue: GL4 122  0.999972 (0) 0.000012 (1) 0.000000 (1) 0.000016 (1) 0.000000 (1) 
Residue: TYR 127  0.991790 (1) 0.008210 (0) 
Residue: TYR 140  0.999098 (1) 0.000902 (0) 
Residue: GL4 143  0.999917 (0) 0.000030 (1) 0.000025 (1) 0.000023 (1) 0.000005 (1) 
Residue: TYR 145  0.998041 (1) 0.001959 (0) 
Residue: HIP 149  0.002063 (2) 0.930402 (1) 0.067536 (1) 
Residue: HIP 154  0.000107 (2) 0.857632 (1) 0.142262 (1) 
Residue: GL4 157  0.999975 (0) 0.000000 (1) 0.000000 (1) 0.000025 (1) 0.000000 (1) 
Residue: TYR 160  0.999853 (1) 0.000147 (0) 
Residue: GL4 165  0.999946 (0) 0.000008 (1) 0.000005 (1) 0.000022 (1) 0.000020 (1) 
Residue: TYR 170  0.997332 (1) 0.002668 (0) 
Residue: TYR 183  0.922727 (1) 0.077273 (0) 
Residue: GL4 186  0.999939 (0) 0.000005 (1) 0.000033 (1) 0.000013 (1) 0.000011 (1) 
Residue: TYR 188  0.888150 (1) 0.111850 (0) 
Residue: HIP 192  0.000008 (2) 0.888833 (1) 0.111158 (1) 
Residue: HIP 197  0.000168 (2) 0.811277 (1) 0.188556 (1) 
Residue: GL4 200  0.999872 (0) 0.000008 (1) 0.000041 (1) 0.000037 (1) 0.000042 (1) 
Residue: TYR 203  0.886976 (1) 0.113024 (0) 
Residue: GL4 208  0.999918 (0) 0.000014 (1) 0.000032 (1) 0.000005 (1) 0.000031 (1) 
Residue: TYR 213  0.869918 (1) 0.130082 (0) 
