   Residue Number     State  0     State  1     State  2     State  3     State  4 
-----------------------------------------------------------------------------------
Residue: TYR 11   0.987783 (1) 0.012217 (0) 
Residue: GL4 14   0.999891 (0) 0.000003 (1) 0.000068 (1) 0.000008 (1) 0.000030 (1) 
Residue: TYR 16   0.963007 (1) 0.036993 (0) 
Residue: HIP 20   0.000211 (2) 0.997893 (1) 0.001896 (1) 
Residue: HIP 25   0.000042 (2) 0.933139 (1) 0.066819 (1) 
Residue: GL4 28   0.999984 (0) 0.000000 (1) 0.000005 (1) 0.000001 (1) 0.000010 (1) 
Residue: TYR 31   0.999557 (1) 0.000443 (0) 
Residue: GL4 36   0.999962 (0) 0.000005 (1) 0.000000 (1) 0.000033 (1) 0.000000 (1) 
Residue: TYR 41   0.983817 (1) 0.016183 (0) 
Residue: TYR 54   0.602781 (1) 0.397219 (0) 
Residue: GL4 57   1.000000 (0) 0.000000 (1) 0.000000 (1) 0.000000 (1) 0.000000 (1) 
Residue: TYR 59   0.601471 (1) 0.398529 (0) 
Residue: HIP 63   0.000448 (2) 0.986403 (1) 0.013148 (1) 
Residue: HIP 68   0.000050 (2) 0.941103 (1) 0.058847 (1) 
Residue: GL4 71   1.000000 (0) 0.000000 (1) 0.000000 (1) 0.000000 (1) 0.000000 (1) 
Residue: TYR 74   0.920711 (1) 0.079289 (0) 
Residue: GL4 79   0.999967 (0) 0.000003 (1) 0.000000 (1) 0.000006 (1) 0.000025 (1) 
Residue: TYR 84   0.435209 (1) 0.564791 (0) 
Residue: TYR 97   0.996415 (1) 0.003585 (0) 
Residue: GL4 100  0.999979 (0) 0.000002 (1) 0.000000 (1) 0.000019 (1) 0.000000 (1) 
Residue: TYR 102  0.982856 (1) 0.017144 (0) 
Residue: HIP 106  0.000081 (2) 0.949967 (1) 0.049952 (1) 
Residue: HIP 111  0.000028 (2) 0.885188 (1) 0.114784 (1) 
Residue: GL4 114  0.999970 (0) 0.000000 (1) 0.000000 (1) 0.000030 (1) 0.000000 (1) 
Residue: TYR 117  0.998263 (1) 0.001737 (0) 
Residue: GL4 122  0.999997 (0) 0.000003 (1) 0.000000 (1) 0.000000 (1) 0.000000 (1) 
Residue: TYR 127  0.980637 (1) 0.019363 (0) 
Residue: TYR 140  0.996801 (1) 0.003199 (0) 
Residue: GL4 143  0.999989 (0) 0.000003 (1) 0.000000 (1) 0.000008 (1) 0.000001 (1) 
Residue: TYR 145  0.994862 (1) 0.005138 (0) 
Residue: HIP 149  0.000708 (2) 0.934978 (1) 0.064313 (1) 
Residue: HIP 154  0.000035 (2) 0.847285 (1) 0.152680 (1) 
Residue: GL4 157  1.000000 (0) 0.000000 (1) 0.000000 (1) 0.000000 (1) 0.000000 (1) 
Residue: TYR 160  0.999628 (1) 0.000372 (0) 
Residue: GL4 165  0.999987 (0) 0.000001 (1) 0.000000 (1) 0.000008 (1) 0.000005 (1) 
Residue: TYR 170  0.992543 (1) 0.007457 (0) 
Residue: TYR 183  0.774231 (1) 0.225769 (0) 
Residue: GL4 186  0.999949 (0) 0.000010 (1) 0.000020 (1) 0.000007 (1) 0.000014 (1) 
Residue: TYR 188  0.716796 (1) 0.283204 (0) 
Residue: HIP 192  0.000003 (2) 0.889331 (1) 0.110666 (1) 
Residue: HIP 197  0.000051 (2) 0.816814 (1) 0.183135 (1) 
Residue: GL4 200  0.999964 (0) 0.000003 (1) 0.000021 (1) 0.000004 (1) 0.000008 (1) 
Residue: TYR 203  0.666086 (1) 0.333914 (0) 
Residue: GL4 208  0.999994 (0) 0.000001 (1) 0.000000 (1) 0.000000 (1) 0.000005 (1) 
Residue: TYR 213  0.658816 (1) 0.341184 (0) 
