   Residue Number     State  0     State  1     State  2     State  3     State  4 
-----------------------------------------------------------------------------------
Residue: TYR 11   0.939577 (1) 0.060423 (0) 
Residue: GL4 14   0.999888 (0) 0.000001 (1) 0.000107 (1) 0.000004 (1) 0.000000 (1) 
Residue: TYR 16   0.934139 (1) 0.065861 (0) 
Residue: HIP 20   0.000081 (2) 0.997905 (1) 0.002014 (1) 
Residue: HIP 25   0.000015 (2) 0.929886 (1) 0.070099 (1) 
Residue: GL4 28   1.000000 (0) 0.000000 (1) 0.000000 (1) 0.000000 (1) 0.000000 (1) 
Residue: TYR 31   0.998833 (1) 0.001167 (0) 
Residue: GL4 36   0.999996 (0) 0.000002 (1) 0.000000 (1) 0.000003 (1) 0.000000 (1) 
Residue: TYR 41   0.946022 (1) 0.053978 (0) 
Residue: TYR 54   0.256955 (1) 0.743045 (0) 
Residue: GL4 57   0.999995 (0) 0.000000 (1) 0.000005 (1) 0.000000 (1) 0.000000 (1) 
Residue: TYR 59   0.360616 (1) 0.639384 (0) 
Residue: HIP 63   0.000183 (2) 0.986849 (1) 0.012968 (1) 
Residue: HIP 68   0.000025 (2) 0.945394 (1) 0.054581 (1) 
Residue: GL4 71   1.000000 (0) 0.000000 (1) 0.000000 (1) 0.000000 (1) 0.000000 (1) 
Residue: TYR 74   0.777013 (1) 0.222987 (0) 
Residue: GL4 79   1.000000 (0) 0.000000 (1) 0.000000 (1) 0.000000 (1) 0.000000 (1) 
Residue: TYR 84   0.179198 (1) 0.820802 (0) 
Residue: TYR 97   0.991666 (1) 0.008334 (0) 
Residue: GL4 100  0.999993 (0) 0.000000 (1) 0.000000 (1) 0.000007 (1) 0.000000 (1) 
Residue: TYR 102  0.967075 (1) 0.032925 (0) 
Residue: HIP 106  0.000021 (2) 0.950718 (1) 0.049261 (1) 
Residue: HIP 111  0.000009 (2) 0.893665 (1) 0.106326 (1) 
Residue: GL4 114  1.000000 (0) 0.000000 (1) 0.000000 (1) 0.000000 (1) 0.000000 (1) 
Residue: TYR 117  0.993918 (1) 0.006082 (0) 
Residue: GL4 122  0.999993 (0) 0.000004 (1) 0.000000 (1) 0.000003 (1) 0.000000 (1) 
Residue: TYR 127  0.960780 (1) 0.039220 (0) 
Residue: TYR 140  0.987435 (1) 0.012565 (0) 
Residue: GL4 143  0.999998 (0) 0.000001 (1) 0.000000 (1) 0.000001 (1) 0.000000 (1) 
Residue: TYR 145  0.987260 (1) 0.012740 (0) 
Residue: HIP 149  0.000233 (2) 0.944213 (1) 0.055553 (1) 
Residue: HIP 154  0.000015 (2) 0.848509 (1) 0.151476 (1) 
Residue: GL4 157  1.000000 (0) 0.000000 (1) 0.000000 (1) 0.000000 (1) 0.000000 (1) 
Residue: TYR 160  0.999024 (1) 0.000976 (0) 
Residue: GL4 165  0.999999 (0) 0.000001 (1) 0.000000 (1) 0.000000 (1) 0.000000 (1) 
Residue: TYR 170  0.980772 (1) 0.019228 (0) 
Residue: TYR 183  0.485861 (1) 0.514139 (0) 
Residue: GL4 186  0.999980 (0) 0.000005 (1) 0.000006 (1) 0.000002 (1) 0.000008 (1) 
Residue: TYR 188  0.446990 (1) 0.553010 (0) 
Residue: HIP 192  0.000002 (2) 0.889978 (1) 0.110020 (1) 
Residue: HIP 197  0.000020 (2) 0.838922 (1) 0.161058 (1) 
Residue: GL4 200  1.000000 (0) 0.000000 (1) 0.000000 (1) 0.000000 (1) 0.000000 (1) 
Residue: TYR 203  0.310371 (1) 0.689629 (0) 
Residue: GL4 208  0.999998 (0) 0.000002 (1) 0.000000 (1) 0.000000 (1) 0.000000 (1) 
Residue: TYR 213  0.361064 (1) 0.638936 (0) 
