   Residue Number     State  0     State  1     State  2     State  3     State  4 
-----------------------------------------------------------------------------------
Residue: TYR 11   0.795694 (1) 0.204306 (0) 
Residue: GL4 14   0.999991 (0) 0.000000 (1) 0.000005 (1) 0.000004 (1) 0.000000 (1) 
Residue: TYR 16   0.883475 (1) 0.116525 (0) 
Residue: HIP 20   0.000030 (2) 0.997947 (1) 0.002023 (1) 
Residue: HIP 25   0.000005 (2) 0.928206 (1) 0.071789 (1) 
Residue: GL4 28   0.999998 (0) 0.000002 (1) 0.000000 (1) 0.000000 (1) 0.000000 (1) 
Residue: TYR 31   0.997101 (1) 0.002899 (0) 
Residue: GL4 36   1.000000 (0) 0.000000 (1) 0.000000 (1) 0.000000 (1) 0.000000 (1) 
Residue: TYR 41   0.844030 (1) 0.155970 (0) 
Residue: TYR 54   0.079699 (1) 0.920301 (0) 
Residue: GL4 57   0.999944 (0) 0.000000 (1) 0.000056 (1) 0.000000 (1) 0.000000 (1) 
Residue: TYR 59   0.188327 (1) 0.811673 (0) 
Residue: HIP 63   0.000063 (2) 0.986677 (1) 0.013261 (1) 
Residue: HIP 68   0.000005 (2) 0.945642 (1) 0.054353 (1) 
Residue: GL4 71   1.000000 (0) 0.000000 (1) 0.000000 (1) 0.000000 (1) 0.000000 (1) 
Residue: TYR 74   0.512155 (1) 0.487845 (0) 
Residue: GL4 79   1.000000 (0) 0.000000 (1) 0.000000 (1) 0.000000 (1) 0.000000 (1) 
Residue: TYR 84   0.069912 (1) 0.930088 (0) 
Residue: TYR 97   0.982332 (1) 0.017668 (0) 
Residue: GL4 100  1.000000 (0) 0.000000 (1) 0.000000 (1) 0.000000 (1) 0.000000 (1) 
Residue: TYR 102  0.946438 (1) 0.053562 (0) 
Residue: HIP 106  0.000010 (2) 0.952612 (1) 0.047378 (1) 
Residue: HIP 111  0.000004 (2) 0.910499 (1) 0.089497 (1) 
Residue: GL4 114  1.000000 (0) 0.000000 (1) 0.000000 (1) 0.000000 (1) 0.000000 (1) 
Residue: TYR 117  0.981358 (1) 0.018642 (0) 
Residue: GL4 122  0.999998 (0) 0.000002 (1) 0.000000 (1) 0.000000 (1) 0.000000 (1) 
Residue: TYR 127  0.927454 (1) 0.072546 (0) 
Residue: TYR 140  0.955775 (1) 0.044225 (0) 
Residue: GL4 143  1.000000 (0) 0.000000 (1) 0.000000 (1) 0.000000 (1) 0.000000 (1) 
Residue: TYR 145  0.969842 (1) 0.030158 (0) 
Residue: HIP 149  0.000106 (2) 0.947829 (1) 0.052065 (1) 
Residue: HIP 154  0.000004 (2) 0.858835 (1) 0.141161 (1) 
Residue: GL4 157  1.000000 (0) 0.000000 (1) 0.000000 (1) 0.000000 (1) 0.000000 (1) 
Residue: TYR 160  0.997593 (1) 0.002407 (0) 
Residue: GL4 165  1.000000 (0) 0.000000 (1) 0.000000 (1) 0.000000 (1) 0.000000 (1) 
Residue: TYR 170  0.952815 (1) 0.047185 (0) 
Residue: TYR 183  0.219876 (1) 0.780124 (0) 
Residue: GL4 186  0.999998 (0) 0.000002 (1) 0.000000 (1) 0.000000 (1) 0.000000 (1) 
Residue: TYR 188  0.215859 (1) 0.784141 (0) 
Residue: HIP 192  0.000002 (2) 0.887674 (1) 0.112324 (1) 
Residue: HIP 197  0.000005 (2) 0.851392 (1) 0.148603 (1) 
Residue: GL4 200  1.000000 (0) 0.000000 (1) 0.000000 (1) 0.000000 (1) 0.000000 (1) 
Residue: TYR 203  0.105928 (1) 0.894072 (0) 
Residue: GL4 208  0.999999 (0) 0.000000 (1) 0.000000 (1) 0.000001 (1) 0.000000 (1) 
Residue: TYR 213  0.160602 (1) 0.839398 (0) 
