   Residue Number     State  0     State  1     State  2     State  3     State  4 
-----------------------------------------------------------------------------------
Residue: TYR 11   0.268604 (1) 0.731396 (0) 
Residue: GL4 14   1.000000 (0) 0.000000 (1) 0.000000 (1) 0.000000 (1) 0.000000 (1) 
Residue: TYR 16   0.582575 (1) 0.417425 (0) 
Residue: HIP 20   0.000004 (2) 0.997797 (1) 0.002198 (1) 
Residue: HIP 25   0.000001 (2) 0.928449 (1) 0.071550 (1) 
Residue: GL4 28   1.000000 (0) 0.000000 (1) 0.000000 (1) 0.000000 (1) 0.000000 (1) 
Residue: TYR 31   0.985175 (1) 0.014825 (0) 
Residue: GL4 36   1.000000 (0) 0.000000 (1) 0.000000 (1) 0.000000 (1) 0.000000 (1) 
Residue: TYR 41   0.398999 (1) 0.601001 (0) 
Residue: TYR 54   0.005582 (1) 0.994418 (0) 
Residue: GL4 57   0.999990 (0) 0.000000 (1) 0.000010 (1) 0.000000 (1) 0.000000 (1) 
Residue: TYR 59   0.048668 (1) 0.951332 (0) 
Residue: HIP 63   0.000020 (2) 0.987063 (1) 0.012917 (1) 
Residue: HIP 68   0.000000 (2) 0.943562 (1) 0.056438 (1) 
Residue: GL4 71   0.999998 (0) 0.000000 (1) 0.000000 (1) 0.000001 (1) 0.000001 (1) 
Residue: TYR 74   0.094188 (1) 0.905812 (0) 
Residue: GL4 79   0.999998 (0) 0.000000 (1) 0.000001 (1) 0.000000 (1) 0.000001 (1) 
Residue: TYR 84   0.008987 (1) 0.991013 (0) 
Residue: TYR 97   0.897149 (1) 0.102851 (0) 
Residue: GL4 100  1.000000 (0) 0.000000 (1) 0.000000 (1) 0.000000 (1) 0.000000 (1) 
Residue: TYR 102  0.838288 (1) 0.161712 (0) 
Residue: HIP 106  0.000000 (2) 0.951822 (1) 0.048178 (1) 
Residue: HIP 111  0.000000 (2) 0.922852 (1) 0.077148 (1) 
Residue: GL4 114  1.000000 (0) 0.000000 (1) 0.000000 (1) 0.000000 (1) 0.000000 (1) 
Residue: TYR 117  0.839619 (1) 0.160381 (0) 
Residue: GL4 122  1.000000 (0) 0.000000 (1) 0.000000 (1) 0.000000 (1) 0.000000 (1) 
Residue: TYR 127  0.722858 (1) 0.277142 (0) 
Residue: TYR 140  0.699718 (1) 0.300282 (0) 
Residue: GL4 143  0.999998 (0) 0.000002 (1) 0.000000 (1) 0.000000 (1) 0.000000 (1) 
Residue: TYR 145  0.870549 (1) 0.129451 (0) 
Residue: HIP 149  0.000019 (2) 0.945667 (1) 0.054314 (1) 
Residue: HIP 154  0.000000 (2) 0.901900 (1) 0.098100 (1) 
Residue: GL4 157  1.000000 (0) 0.000000 (1) 0.000000 (1) 0.000000 (1) 0.000000 (1) 
Residue: TYR 160  0.980765 (1) 0.019235 (0) 
Residue: GL4 165  1.000000 (0) 0.000000 (1) 0.000000 (1) 0.000000 (1) 0.000000 (1) 
Residue: TYR 170  0.853792 (1) 0.146208 (0) 
Residue: TYR 183  0.033662 (1) 0.966338 (0) 
Residue: GL4 186  1.000000 (0) 0.000000 (1) 0.000000 (1) 0.000000 (1) 0.000000 (1) 
Residue: TYR 188  0.046382 (1) 0.953618 (0) 
Residue: HIP 192  0.000000 (2) 0.889453 (1) 0.110547 (1) 
Residue: HIP 197  0.000000 (2) 0.872961 (1) 0.127039 (1) 
Residue: GL4 200  0.999998 (0) 0.000002 (1) 0.000000 (1) 0.000000 (1) 0.000000 (1) 
Residue: TYR 203  0.010089 (1) 0.989911 (0) 
Residue: GL4 208  1.000000 (0) 0.000000 (1) 0.000000 (1) 0.000000 (1) 0.000000 (1) 
Residue: TYR 213  0.035683 (1) 0.964317 (0) 
