   Residue Number     State  0     State  1     State  2     State  3     State  4 
-----------------------------------------------------------------------------------
Residue: TYR 11   0.532367 (1) 0.467633 (0) 
Residue: GL4 14   0.999997 (0) 0.000003 (1) 0.000000 (1) 0.000001 (1) 0.000000 (1) 
Residue: TYR 16   0.780196 (1) 0.219804 (0) 
Residue: HIP 20   0.000010 (2) 0.997862 (1) 0.002128 (1) 
Residue: HIP 25   0.000004 (2) 0.927902 (1) 0.072094 (1) 
Residue: GL4 28   1.000000 (0) 0.000000 (1) 0.000000 (1) 0.000000 (1) 0.000000 (1) 
Residue: TYR 31   0.993580 (1) 0.006420 (0) 
Residue: GL4 36   1.000000 (0) 0.000000 (1) 0.000000 (1) 0.000000 (1) 0.000000 (1) 
Residue: TYR 41   0.645088 (1) 0.354912 (0) 
Residue: TYR 54   0.021506 (1) 0.978494 (0) 
Residue: GL4 57   0.999956 (0) 0.000000 (1) 0.000044 (1) 0.000000 (1) 0.000000 (1) 
Residue: TYR 59   0.096333 (1) 0.903667 (0) 
Residue: HIP 63   0.000040 (2) 0.986896 (1) 0.013064 (1) 
Residue: HIP 68   0.000003 (2) 0.944827 (1) 0.055171 (1) 
Residue: GL4 71   1.000000 (0) 0.000000 (1) 0.000000 (1) 0.000000 (1) 0.000000 (1) 
Residue: TYR 74   0.243047 (1) 0.756953 (0) 
Residue: GL4 79   1.000000 (0) 0.000000 (1) 0.000000 (1) 0.000000 (1) 0.000000 (1) 
Residue: TYR 84   0.025343 (1) 0.974657 (0) 
Residue: TYR 97   0.959261 (1) 0.040739 (0) 
Residue: GL4 100  1.000000 (0) 0.000000 (1) 0.000000 (1) 0.000000 (1) 0.000000 (1) 
Residue: TYR 102  0.910954 (1) 0.089046 (0) 
Residue: HIP 106  0.000003 (2) 0.952962 (1) 0.047035 (1) 
Residue: HIP 111  0.000001 (2) 0.920454 (1) 0.079545 (1) 
Residue: GL4 114  1.000000 (0) 0.000000 (1) 0.000000 (1) 0.000000 (1) 0.000000 (1) 
Residue: TYR 117  0.944357 (1) 0.055643 (0) 
Residue: GL4 122  0.999998 (0) 0.000000 (1) 0.000000 (1) 0.000001 (1) 0.000001 (1) 
Residue: TYR 127  0.861807 (1) 0.138193 (0) 
Residue: TYR 140  0.870292 (1) 0.129708 (0) 
Residue: GL4 143  0.999998 (0) 0.000000 (1) 0.000000 (1) 0.000002 (1) 0.000000 (1) 
Residue: TYR 145  0.931563 (1) 0.068437 (0) 
Residue: HIP 149  0.000043 (2) 0.948489 (1) 0.051468 (1) 
Residue: HIP 154  0.000003 (2) 0.875293 (1) 0.124704 (1) 
Residue: GL4 157  1.000000 (0) 0.000000 (1) 0.000000 (1) 0.000000 (1) 0.000000 (1) 
Residue: TYR 160  0.993161 (1) 0.006839 (0) 
Residue: GL4 165  1.000000 (0) 0.000000 (1) 0.000000 (1) 0.000000 (1) 0.000000 (1) 
Residue: TYR 170  0.901587 (1) 0.098413 (0) 
Residue: TYR 183  0.084258 (1) 0.915742 (0) 
Residue: GL4 186  1.000000 (0) 0.000000 (1) 0.000000 (1) 0.000000 (1) 0.000000 (1) 
Residue: TYR 188  0.096850 (1) 0.903150 (0) 
Residue: HIP 192  0.000000 (2) 0.887578 (1) 0.112422 (1) 
Residue: HIP 197  0.000002 (2) 0.861660 (1) 0.138338 (1) 
Residue: GL4 200  1.000000 (0) 0.000000 (1) 0.000000 (1) 0.000000 (1) 0.000000 (1) 
Residue: TYR 203  0.032527 (1) 0.967473 (0) 
Residue: GL4 208  1.000000 (0) 0.000000 (1) 0.000000 (1) 0.000000 (1) 0.000000 (1) 
Residue: TYR 213  0.071380 (1) 0.928620 (0) 
