   Residue Number     State  0     State  1     State  2     State  3     State  4 
-----------------------------------------------------------------------------------
Residue: TYR 11   0.999999 (1) 0.000001 (0) 
Residue: GL4 14   0.051946 (0) 0.427050 (1) 0.041206 (1) 0.435472 (1) 0.044327 (1) 
Residue: TYR 16   1.000000 (1) 0.000000 (0) 
Residue: HIP 20   0.998832 (2) 0.001168 (1) 0.000000 (1) 
Residue: HIP 25   0.998747 (2) 0.001076 (1) 0.000178 (1) 
Residue: GL4 28   0.192838 (0) 0.202174 (1) 0.188710 (1) 0.204329 (1) 0.211949 (1) 
Residue: TYR 31   1.000000 (1) 0.000000 (0) 
Residue: GL4 36   0.039390 (0) 0.442750 (1) 0.045215 (1) 0.432025 (1) 0.040620 (1) 
Residue: TYR 41   1.000000 (1) 0.000000 (0) 
Residue: TYR 54   1.000000 (1) 0.000000 (0) 
Residue: GL4 57   0.003783 (0) 0.431641 (1) 0.066286 (1) 0.431326 (1) 0.066963 (1) 
Residue: TYR 59   1.000000 (1) 0.000000 (0) 
Residue: HIP 63   0.999947 (2) 0.000053 (1) 0.000000 (1) 
Residue: HIP 68   0.999752 (2) 0.000208 (1) 0.000040 (1) 
Residue: GL4 71   0.007718 (0) 0.419402 (1) 0.062725 (1) 0.418358 (1) 0.091797 (1) 
Residue: TYR 74   1.000000 (1) 0.000000 (0) 
Residue: GL4 79   0.013852 (0) 0.460698 (1) 0.032259 (1) 0.462230 (1) 0.030962 (1) 
Residue: TYR 84   1.000000 (1) 0.000000 (0) 
Residue: TYR 97   1.000000 (1) 0.000000 (0) 
Residue: GL4 100  0.014985 (0) 0.458779 (1) 0.040652 (1) 0.448698 (1) 0.036887 (1) 
Residue: TYR 102  1.000000 (1) 0.000000 (0) 
Residue: HIP 106  0.999640 (2) 0.000309 (1) 0.000051 (1) 
Residue: HIP 111  0.997970 (2) 0.001514 (1) 0.000516 (1) 
Residue: GL4 114  0.474458 (0) 0.299754 (1) 0.006983 (1) 0.209081 (1) 0.009723 (1) 
Residue: TYR 117  1.000000 (1) 0.000000 (0) 
Residue: GL4 122  0.038509 (0) 0.390953 (1) 0.091665 (1) 0.392544 (1) 0.086328 (1) 
Residue: TYR 127  1.000000 (1) 0.000000 (0) 
Residue: TYR 140  0.999999 (1) 0.000001 (0) 
Residue: GL4 143  0.064045 (0) 0.436479 (1) 0.028717 (1) 0.443770 (1) 0.026990 (1) 
Residue: TYR 145  1.000000 (1) 0.000000 (0) 
Residue: HIP 149  0.999439 (2) 0.000370 (1) 0.000191 (1) 
Residue: HIP 154  0.998276 (2) 0.001353 (1) 0.000372 (1) 
Residue: GL4 157  0.531190 (0) 0.260498 (1) 0.038218 (1) 0.142714 (1) 0.027380 (1) 
Residue: TYR 160  1.000000 (1) 0.000000 (0) 
Residue: GL4 165  0.077318 (0) 0.387657 (1) 0.070555 (1) 0.394819 (1) 0.069651 (1) 
Residue: TYR 170  1.000000 (1) 0.000000 (0) 
Residue: TYR 183  1.000000 (1) 0.000000 (0) 
Residue: GL4 186  0.001455 (0) 0.374905 (1) 0.124670 (1) 0.374534 (1) 0.124435 (1) 
Residue: TYR 188  1.000000 (1) 0.000000 (0) 
Residue: HIP 192  0.998675 (2) 0.000933 (1) 0.000392 (1) 
Residue: HIP 197  0.999862 (2) 0.000117 (1) 0.000021 (1) 
Residue: GL4 200  0.077966 (0) 0.307883 (1) 0.146438 (1) 0.340488 (1) 0.127226 (1) 
Residue: TYR 203  1.000000 (1) 0.000000 (0) 
Residue: GL4 208  0.001267 (0) 0.377449 (1) 0.120578 (1) 0.381865 (1) 0.118841 (1) 
Residue: TYR 213  1.000000 (1) 0.000000 (0) 
