   Residue Number     State  0     State  1     State  2     State  3     State  4 
-----------------------------------------------------------------------------------
Residue: TYR 11   1.000000 (1) 0.000000 (0) 
Residue: GL4 14   0.115739 (0) 0.378624 (1) 0.060812 (1) 0.382421 (1) 0.062404 (1) 
Residue: TYR 16   1.000000 (1) 0.000000 (0) 
Residue: HIP 20   0.996376 (2) 0.003620 (1) 0.000004 (1) 
Residue: HIP 25   0.996392 (2) 0.003107 (1) 0.000501 (1) 
Residue: GL4 28   0.290966 (0) 0.146948 (1) 0.190513 (1) 0.153202 (1) 0.218372 (1) 
Residue: TYR 31   1.000000 (1) 0.000000 (0) 
Residue: GL4 36   0.089946 (0) 0.405753 (1) 0.060415 (1) 0.390669 (1) 0.053217 (1) 
Residue: TYR 41   1.000000 (1) 0.000000 (0) 
Residue: TYR 54   1.000000 (1) 0.000000 (0) 
Residue: GL4 57   0.008830 (0) 0.406463 (1) 0.087078 (1) 0.410428 (1) 0.087202 (1) 
Residue: TYR 59   1.000000 (1) 0.000000 (0) 
Residue: HIP 63   0.999786 (2) 0.000203 (1) 0.000012 (1) 
Residue: HIP 68   0.999179 (2) 0.000674 (1) 0.000147 (1) 
Residue: GL4 71   0.016379 (0) 0.384454 (1) 0.084270 (1) 0.387563 (1) 0.127333 (1) 
Residue: TYR 74   1.000000 (1) 0.000000 (0) 
Residue: GL4 79   0.034127 (0) 0.440177 (1) 0.041622 (1) 0.444219 (1) 0.039856 (1) 
Residue: TYR 84   1.000000 (1) 0.000000 (0) 
Residue: TYR 97   1.000000 (1) 0.000000 (0) 
Residue: GL4 100  0.032815 (0) 0.446207 (1) 0.043063 (1) 0.435555 (1) 0.042360 (1) 
Residue: TYR 102  0.999999 (1) 0.000001 (0) 
Residue: HIP 106  0.998928 (2) 0.000906 (1) 0.000166 (1) 
Residue: HIP 111  0.993739 (2) 0.004612 (1) 0.001649 (1) 
Residue: GL4 114  0.578971 (0) 0.237866 (1) 0.005853 (1) 0.167273 (1) 0.010036 (1) 
Residue: TYR 117  1.000000 (1) 0.000000 (0) 
Residue: GL4 122  0.092255 (0) 0.346471 (1) 0.108238 (1) 0.350105 (1) 0.102930 (1) 
Residue: TYR 127  1.000000 (1) 0.000000 (0) 
Residue: TYR 140  1.000000 (1) 0.000000 (0) 
Residue: GL4 143  0.134191 (0) 0.397739 (1) 0.031058 (1) 0.408667 (1) 0.028346 (1) 
Residue: TYR 145  1.000000 (1) 0.000000 (0) 
Residue: HIP 149  0.998507 (2) 0.001073 (1) 0.000421 (1) 
Residue: HIP 154  0.994755 (2) 0.003983 (1) 0.001263 (1) 
Residue: GL4 157  0.525795 (0) 0.264361 (1) 0.037885 (1) 0.142346 (1) 0.029613 (1) 
Residue: TYR 160  1.000000 (1) 0.000000 (0) 
Residue: GL4 165  0.172907 (0) 0.342244 (1) 0.067590 (1) 0.348059 (1) 0.069200 (1) 
Residue: TYR 170  1.000000 (1) 0.000000 (0) 
Residue: TYR 183  1.000000 (1) 0.000000 (0) 
Residue: GL4 186  0.004000 (0) 0.370079 (1) 0.127412 (1) 0.371449 (1) 0.127060 (1) 
Residue: TYR 188  1.000000 (1) 0.000000 (0) 
Residue: HIP 192  0.996040 (2) 0.002763 (1) 0.001198 (1) 
Residue: HIP 197  0.999532 (2) 0.000380 (1) 0.000088 (1) 
Residue: GL4 200  0.133065 (0) 0.266604 (1) 0.164243 (1) 0.288550 (1) 0.147538 (1) 
Residue: TYR 203  1.000000 (1) 0.000000 (0) 
Residue: GL4 208  0.003507 (0) 0.358059 (1) 0.139096 (1) 0.360329 (1) 0.139008 (1) 
Residue: TYR 213  1.000000 (1) 0.000000 (0) 
