   Residue Number     State  0     State  1     State  2     State  3     State  4 
-----------------------------------------------------------------------------------
Residue: TYR 11   1.000000 (1) 0.000000 (0) 
Residue: GL4 14   0.331044 (0) 0.218991 (1) 0.120143 (1) 0.220763 (1) 0.109060 (1) 
Residue: TYR 16   0.999999 (1) 0.000001 (0) 
Residue: HIP 20   0.969116 (2) 0.030817 (1) 0.000068 (1) 
Residue: HIP 25   0.967123 (2) 0.027838 (1) 0.005038 (1) 
Residue: GL4 28   0.421713 (0) 0.069927 (1) 0.201073 (1) 0.073186 (1) 0.234102 (1) 
Residue: TYR 31   1.000000 (1) 0.000000 (0) 
Residue: GL4 36   0.241574 (0) 0.306983 (1) 0.088846 (1) 0.283433 (1) 0.079165 (1) 
Residue: TYR 41   1.000000 (1) 0.000000 (0) 
Residue: TYR 54   1.000000 (1) 0.000000 (0) 
Residue: GL4 57   0.036148 (0) 0.316658 (1) 0.163959 (1) 0.324618 (1) 0.158617 (1) 
Residue: TYR 59   1.000000 (1) 0.000000 (0) 
Residue: HIP 63   0.997928 (2) 0.001933 (1) 0.000139 (1) 
Residue: HIP 68   0.993133 (2) 0.005794 (1) 0.001073 (1) 
Residue: GL4 71   0.063808 (0) 0.332662 (1) 0.113113 (1) 0.332899 (1) 0.157518 (1) 
Residue: TYR 74   1.000000 (1) 0.000000 (0) 
Residue: GL4 79   0.158128 (0) 0.350509 (1) 0.072290 (1) 0.351892 (1) 0.067181 (1) 
Residue: TYR 84   1.000000 (1) 0.000000 (0) 
Residue: TYR 97   1.000000 (1) 0.000000 (0) 
Residue: GL4 100  0.099383 (0) 0.399424 (1) 0.052752 (1) 0.390940 (1) 0.057501 (1) 
Residue: TYR 102  1.000000 (1) 0.000000 (0) 
Residue: HIP 106  0.989892 (2) 0.008165 (1) 0.001943 (1) 
Residue: HIP 111  0.941636 (2) 0.041419 (1) 0.016945 (1) 
Residue: GL4 114  0.716254 (0) 0.156654 (1) 0.004003 (1) 0.115003 (1) 0.008087 (1) 
Residue: TYR 117  1.000000 (1) 0.000000 (0) 
Residue: GL4 122  0.296446 (0) 0.198911 (1) 0.149512 (1) 0.205217 (1) 0.149914 (1) 
Residue: TYR 127  1.000000 (1) 0.000000 (0) 
Residue: TYR 140  1.000000 (1) 0.000000 (0) 
Residue: GL4 143  0.344575 (0) 0.292099 (1) 0.037143 (1) 0.293195 (1) 0.032987 (1) 
Residue: TYR 145  1.000000 (1) 0.000000 (0) 
Residue: HIP 149  0.987268 (2) 0.009233 (1) 0.003499 (1) 
Residue: HIP 154  0.950113 (2) 0.036984 (1) 0.012903 (1) 
Residue: GL4 157  0.551380 (0) 0.234862 (1) 0.038895 (1) 0.142580 (1) 0.032283 (1) 
Residue: TYR 160  1.000000 (1) 0.000000 (0) 
Residue: GL4 165  0.391091 (0) 0.238319 (1) 0.065749 (1) 0.235950 (1) 0.068891 (1) 
Residue: TYR 170  1.000000 (1) 0.000000 (0) 
Residue: TYR 183  1.000000 (1) 0.000000 (0) 
Residue: GL4 186  0.019813 (0) 0.347382 (1) 0.142598 (1) 0.348469 (1) 0.141738 (1) 
Residue: TYR 188  1.000000 (1) 0.000000 (0) 
Residue: HIP 192  0.964472 (2) 0.024738 (1) 0.010789 (1) 
Residue: HIP 197  0.995781 (2) 0.003273 (1) 0.000946 (1) 
Residue: GL4 200  0.211999 (0) 0.193661 (1) 0.200407 (1) 0.218273 (1) 0.175660 (1) 
Residue: TYR 203  1.000000 (1) 0.000000 (0) 
Residue: GL4 208  0.017930 (0) 0.266549 (1) 0.223853 (1) 0.271402 (1) 0.220266 (1) 
Residue: TYR 213  0.999999 (1) 0.000001 (0) 
