   Residue Number     State  0     State  1     State  2     State  3     State  4 
-----------------------------------------------------------------------------------
Residue: TYR 11   1.000000 (1) 0.000000 (0) 
Residue: GL4 14   0.216632 (0) 0.302463 (1) 0.090972 (1) 0.303756 (1) 0.086178 (1) 
Residue: TYR 16   1.000000 (1) 0.000000 (0) 
Residue: HIP 20   0.989695 (2) 0.010283 (1) 0.000023 (1) 
Residue: HIP 25   0.988938 (2) 0.009505 (1) 0.001557 (1) 
Residue: GL4 28   0.373932 (0) 0.098770 (1) 0.195632 (1) 0.104958 (1) 0.226708 (1) 
Residue: TYR 31   1.000000 (1) 0.000000 (0) 
Residue: GL4 36   0.161894 (0) 0.354029 (1) 0.079863 (1) 0.334764 (1) 0.069450 (1) 
Residue: TYR 41   1.000000 (1) 0.000000 (0) 
Residue: TYR 54   1.000000 (1) 0.000000 (0) 
Residue: GL4 57   0.018741 (0) 0.367259 (1) 0.121303 (1) 0.373666 (1) 0.119031 (1) 
Residue: TYR 59   1.000000 (1) 0.000000 (0) 
Residue: HIP 63   0.999350 (2) 0.000608 (1) 0.000042 (1) 
Residue: HIP 68   0.997775 (2) 0.001836 (1) 0.000389 (1) 
Residue: GL4 71   0.032360 (0) 0.355672 (1) 0.101819 (1) 0.357060 (1) 0.153088 (1) 
Residue: TYR 74   1.000000 (1) 0.000000 (0) 
Residue: GL4 79   0.077810 (0) 0.404849 (1) 0.055064 (1) 0.409952 (1) 0.052325 (1) 
Residue: TYR 84   1.000000 (1) 0.000000 (0) 
Residue: TYR 97   1.000000 (1) 0.000000 (0) 
Residue: GL4 100  0.059810 (0) 0.427730 (1) 0.047533 (1) 0.414679 (1) 0.050248 (1) 
Residue: TYR 102  1.000000 (1) 0.000000 (0) 
Residue: HIP 106  0.996642 (2) 0.002774 (1) 0.000583 (1) 
Residue: HIP 111  0.980607 (2) 0.013869 (1) 0.005523 (1) 
Residue: GL4 114  0.669267 (0) 0.184313 (1) 0.004733 (1) 0.132581 (1) 0.009106 (1) 
Residue: TYR 117  1.000000 (1) 0.000000 (0) 
Residue: GL4 122  0.183386 (0) 0.274295 (1) 0.132338 (1) 0.281842 (1) 0.128139 (1) 
Residue: TYR 127  1.000000 (1) 0.000000 (0) 
Residue: TYR 140  1.000000 (1) 0.000000 (0) 
Residue: GL4 143  0.236648 (0) 0.346814 (1) 0.034043 (1) 0.352329 (1) 0.030168 (1) 
Residue: TYR 145  1.000000 (1) 0.000000 (0) 
Residue: HIP 149  0.995627 (2) 0.003081 (1) 0.001292 (1) 
Residue: HIP 154  0.983271 (2) 0.012433 (1) 0.004296 (1) 
Residue: GL4 157  0.531570 (0) 0.254983 (1) 0.037251 (1) 0.144096 (1) 0.032100 (1) 
Residue: TYR 160  1.000000 (1) 0.000000 (0) 
Residue: GL4 165  0.295873 (0) 0.285772 (1) 0.066295 (1) 0.283715 (1) 0.068345 (1) 
Residue: TYR 170  1.000000 (1) 0.000000 (0) 
Residue: TYR 183  1.000000 (1) 0.000000 (0) 
Residue: GL4 186  0.009246 (0) 0.362025 (1) 0.133133 (1) 0.362346 (1) 0.133249 (1) 
Residue: TYR 188  1.000000 (1) 0.000000 (0) 
Residue: HIP 192  0.987581 (2) 0.008497 (1) 0.003923 (1) 
Residue: HIP 197  0.998585 (2) 0.001113 (1) 0.000303 (1) 
Residue: GL4 200  0.180748 (0) 0.225372 (1) 0.183807 (1) 0.244824 (1) 0.165248 (1) 
Residue: TYR 203  1.000000 (1) 0.000000 (0) 
Residue: GL4 208  0.008552 (0) 0.317121 (1) 0.176270 (1) 0.322946 (1) 0.175111 (1) 
Residue: TYR 213  1.000000 (1) 0.000000 (0) 
