   Residue Number     State  0     State  1     State  2     State  3     State  4 
-----------------------------------------------------------------------------------
Residue: TYR 11   1.000000 (1) 0.000000 (0) 
Residue: GL4 14   0.430582 (0) 0.158660 (1) 0.134831 (1) 0.160675 (1) 0.115252 (1) 
Residue: TYR 16   1.000000 (1) 0.000000 (0) 
Residue: HIP 20   0.916283 (2) 0.083598 (1) 0.000119 (1) 
Residue: HIP 25   0.909740 (2) 0.074903 (1) 0.015357 (1) 
Residue: GL4 28   0.442565 (0) 0.053550 (1) 0.206704 (1) 0.057759 (1) 0.239422 (1) 
Residue: TYR 31   1.000000 (1) 0.000000 (0) 
Residue: GL4 36   0.317129 (0) 0.275507 (1) 0.081971 (1) 0.248652 (1) 0.076742 (1) 
Residue: TYR 41   1.000000 (1) 0.000000 (0) 
Residue: TYR 54   1.000000 (1) 0.000000 (0) 
Residue: GL4 57   0.068251 (0) 0.271324 (1) 0.196520 (1) 0.272043 (1) 0.191862 (1) 
Residue: TYR 59   0.999998 (1) 0.000002 (0) 
Residue: HIP 63   0.994243 (2) 0.005411 (1) 0.000346 (1) 
Residue: HIP 68   0.982048 (2) 0.015354 (1) 0.002598 (1) 
Residue: GL4 71   0.128952 (0) 0.304193 (1) 0.119117 (1) 0.303305 (1) 0.144433 (1) 
Residue: TYR 74   1.000000 (1) 0.000000 (0) 
Residue: GL4 79   0.284869 (0) 0.272580 (1) 0.089160 (1) 0.275239 (1) 0.078151 (1) 
Residue: TYR 84   1.000000 (1) 0.000000 (0) 
Residue: TYR 97   0.999999 (1) 0.000001 (0) 
Residue: GL4 100  0.165865 (0) 0.361011 (1) 0.056161 (1) 0.356159 (1) 0.060804 (1) 
Residue: TYR 102  1.000000 (1) 0.000000 (0) 
Residue: HIP 106  0.971653 (2) 0.022326 (1) 0.006021 (1) 
Residue: HIP 111  0.848559 (2) 0.106258 (1) 0.045183 (1) 
Residue: GL4 114  0.729776 (0) 0.150155 (1) 0.004318 (1) 0.108673 (1) 0.007078 (1) 
Residue: TYR 117  1.000000 (1) 0.000000 (0) 
Residue: GL4 122  0.425625 (0) 0.132818 (1) 0.152572 (1) 0.136878 (1) 0.152108 (1) 
Residue: TYR 127  1.000000 (1) 0.000000 (0) 
Residue: TYR 140  1.000000 (1) 0.000000 (0) 
Residue: GL4 143  0.417310 (0) 0.253434 (1) 0.039931 (1) 0.254664 (1) 0.034662 (1) 
Residue: TYR 145  1.000000 (1) 0.000000 (0) 
Residue: HIP 149  0.965015 (2) 0.025768 (1) 0.009217 (1) 
Residue: HIP 154  0.870047 (2) 0.095958 (1) 0.033996 (1) 
Residue: GL4 157  0.589392 (0) 0.202994 (1) 0.041126 (1) 0.135016 (1) 0.031472 (1) 
Residue: TYR 160  1.000000 (1) 0.000000 (0) 
Residue: GL4 165  0.432883 (0) 0.220582 (1) 0.064513 (1) 0.218303 (1) 0.063720 (1) 
Residue: TYR 170  0.999999 (1) 0.000001 (0) 
Residue: TYR 183  1.000000 (1) 0.000000 (0) 
Residue: GL4 186  0.043203 (0) 0.323446 (1) 0.153236 (1) 0.329025 (1) 0.151090 (1) 
Residue: TYR 188  1.000000 (1) 0.000000 (0) 
Residue: HIP 192  0.905472 (2) 0.066236 (1) 0.028292 (1) 
Residue: HIP 197  0.988671 (2) 0.008653 (1) 0.002677 (1) 
Residue: GL4 200  0.237371 (0) 0.169288 (1) 0.209151 (1) 0.194429 (1) 0.189760 (1) 
Residue: TYR 203  1.000000 (1) 0.000000 (0) 
Residue: GL4 208  0.036999 (0) 0.212398 (1) 0.268079 (1) 0.214491 (1) 0.268034 (1) 
Residue: TYR 213  1.000000 (1) 0.000000 (0) 
