   Residue Number     State  0     State  1     State  2     State  3     State  4 
-----------------------------------------------------------------------------------
Residue: TYR 11   1.000000 (1) 0.000000 (0) 
Residue: GL4 14   0.515681 (0) 0.125719 (1) 0.126309 (1) 0.124860 (1) 0.107430 (1) 
Residue: TYR 16   1.000000 (1) 0.000000 (0) 
Residue: HIP 20   0.801586 (2) 0.198128 (1) 0.000286 (1) 
Residue: HIP 25   0.800483 (2) 0.161917 (1) 0.037600 (1) 
Residue: GL4 28   0.433748 (0) 0.045270 (1) 0.214962 (1) 0.055827 (1) 0.250194 (1) 
Residue: TYR 31   1.000000 (1) 0.000000 (0) 
Residue: GL4 36   0.366730 (0) 0.262045 (1) 0.069744 (1) 0.230371 (1) 0.071109 (1) 
Residue: TYR 41   1.000000 (1) 0.000000 (0) 
Residue: TYR 54   1.000000 (1) 0.000000 (0) 
Residue: GL4 57   0.124586 (0) 0.220777 (1) 0.219129 (1) 0.218374 (1) 0.217134 (1) 
Residue: TYR 59   0.999999 (1) 0.000001 (0) 
Residue: HIP 63   0.985837 (2) 0.013350 (1) 0.000813 (1) 
Residue: HIP 68   0.955275 (2) 0.038160 (1) 0.006565 (1) 
Residue: GL4 71   0.246630 (0) 0.258330 (1) 0.113476 (1) 0.256769 (1) 0.124795 (1) 
Residue: TYR 74   1.000000 (1) 0.000000 (0) 
Residue: GL4 79   0.417617 (0) 0.201120 (1) 0.094500 (1) 0.202125 (1) 0.084638 (1) 
Residue: TYR 84   1.000000 (1) 0.000000 (0) 
Residue: TYR 97   1.000000 (1) 0.000000 (0) 
Residue: GL4 100  0.265134 (0) 0.306110 (1) 0.060763 (1) 0.306495 (1) 0.061498 (1) 
Residue: TYR 102  1.000000 (1) 0.000000 (0) 
Residue: HIP 106  0.930643 (2) 0.052841 (1) 0.016516 (1) 
Residue: HIP 111  0.687333 (2) 0.218667 (1) 0.094000 (1) 
Residue: GL4 114  0.719191 (0) 0.157408 (1) 0.004445 (1) 0.112440 (1) 0.006515 (1) 
Residue: TYR 117  1.000000 (1) 0.000000 (0) 
Residue: GL4 122  0.535327 (0) 0.085064 (1) 0.148051 (1) 0.085976 (1) 0.145582 (1) 
Residue: TYR 127  1.000000 (1) 0.000000 (0) 
Residue: TYR 140  1.000000 (1) 0.000000 (0) 
Residue: GL4 143  0.466748 (0) 0.226807 (1) 0.041793 (1) 0.229742 (1) 0.034911 (1) 
Residue: TYR 145  1.000000 (1) 0.000000 (0) 
Residue: HIP 149  0.920588 (2) 0.060598 (1) 0.018814 (1) 
Residue: HIP 154  0.754550 (2) 0.181758 (1) 0.063692 (1) 
Residue: GL4 157  0.659240 (0) 0.161449 (1) 0.039455 (1) 0.113131 (1) 0.026725 (1) 
Residue: TYR 160  1.000000 (1) 0.000000 (0) 
Residue: GL4 165  0.464770 (0) 0.214209 (1) 0.061972 (1) 0.202119 (1) 0.056931 (1) 
Residue: TYR 170  1.000000 (1) 0.000000 (0) 
Residue: TYR 183  1.000000 (1) 0.000000 (0) 
Residue: GL4 186  0.091344 (0) 0.291127 (1) 0.162913 (1) 0.295264 (1) 0.159352 (1) 
Residue: TYR 188  1.000000 (1) 0.000000 (0) 
Residue: HIP 192  0.780328 (2) 0.156167 (1) 0.063505 (1) 
Residue: HIP 197  0.973288 (2) 0.020610 (1) 0.006102 (1) 
Residue: GL4 200  0.270790 (0) 0.144944 (1) 0.217482 (1) 0.163619 (1) 0.203164 (1) 
Residue: TYR 203  1.000000 (1) 0.000000 (0) 
Residue: GL4 208  0.069083 (0) 0.163791 (1) 0.303539 (1) 0.166150 (1) 0.297437 (1) 
Residue: TYR 213  1.000000 (1) 0.000000 (0) 
