   Residue Number     State  0     State  1     State  2     State  3     State  4 
-----------------------------------------------------------------------------------
Residue: TYR 11   0.999999 (1) 0.000001 (0) 
Residue: GL4 14   0.578907 (0) 0.109959 (1) 0.109697 (1) 0.106418 (1) 0.095019 (1) 
Residue: TYR 16   1.000000 (1) 0.000000 (0) 
Residue: HIP 20   0.628769 (2) 0.370711 (1) 0.000520 (1) 
Residue: HIP 25   0.638209 (2) 0.291289 (1) 0.070503 (1) 
Residue: GL4 28   0.421469 (0) 0.042493 (1) 0.217794 (1) 0.056298 (1) 0.261946 (1) 
Residue: TYR 31   1.000000 (1) 0.000000 (0) 
Residue: GL4 36   0.383557 (0) 0.258899 (1) 0.063059 (1) 0.225498 (1) 0.068988 (1) 
Residue: TYR 41   1.000000 (1) 0.000000 (0) 
Residue: TYR 54   0.999999 (1) 0.000001 (0) 
Residue: GL4 57   0.213666 (0) 0.163550 (1) 0.224131 (1) 0.163433 (1) 0.235219 (1) 
Residue: TYR 59   0.999999 (1) 0.000001 (0) 
Residue: HIP 63   0.969001 (2) 0.029164 (1) 0.001835 (1) 
Residue: HIP 68   0.905702 (2) 0.080727 (1) 0.013572 (1) 
Residue: GL4 71   0.418447 (0) 0.190358 (1) 0.102101 (1) 0.188092 (1) 0.101003 (1) 
Residue: TYR 74   0.999999 (1) 0.000001 (0) 
Residue: GL4 79   0.538687 (0) 0.147263 (1) 0.085292 (1) 0.145643 (1) 0.083116 (1) 
Residue: TYR 84   0.999999 (1) 0.000001 (0) 
Residue: TYR 97   1.000000 (1) 0.000000 (0) 
Residue: GL4 100  0.375385 (0) 0.249794 (1) 0.065783 (1) 0.248709 (1) 0.060330 (1) 
Residue: TYR 102  1.000000 (1) 0.000000 (0) 
Residue: HIP 106  0.862060 (2) 0.104448 (1) 0.033492 (1) 
Residue: HIP 111  0.511697 (2) 0.344869 (1) 0.143433 (1) 
Residue: GL4 114  0.705752 (0) 0.169032 (1) 0.004318 (1) 0.115628 (1) 0.005269 (1) 
Residue: TYR 117  1.000000 (1) 0.000000 (0) 
Residue: GL4 122  0.617177 (0) 0.064172 (1) 0.127137 (1) 0.061133 (1) 0.130381 (1) 
Residue: TYR 127  1.000000 (1) 0.000000 (0) 
Residue: TYR 140  1.000000 (1) 0.000000 (0) 
Residue: GL4 143  0.526721 (0) 0.195025 (1) 0.041336 (1) 0.202854 (1) 0.034064 (1) 
Residue: TYR 145  1.000000 (1) 0.000000 (0) 
Residue: HIP 149  0.857574 (2) 0.113160 (1) 0.029266 (1) 
Residue: HIP 154  0.668208 (2) 0.249504 (1) 0.082288 (1) 
Residue: GL4 157  0.740758 (0) 0.121300 (1) 0.033433 (1) 0.082378 (1) 0.022131 (1) 
Residue: TYR 160  1.000000 (1) 0.000000 (0) 
Residue: GL4 165  0.514439 (0) 0.201719 (1) 0.056983 (1) 0.176819 (1) 0.050039 (1) 
Residue: TYR 170  1.000000 (1) 0.000000 (0) 
Residue: TYR 183  1.000000 (1) 0.000000 (0) 
Residue: GL4 186  0.172293 (0) 0.246735 (1) 0.170069 (1) 0.247054 (1) 0.163848 (1) 
Residue: TYR 188  0.999999 (1) 0.000001 (0) 
Residue: HIP 192  0.588594 (2) 0.302979 (1) 0.108428 (1) 
Residue: HIP 197  0.942398 (2) 0.044054 (1) 0.013548 (1) 
Residue: GL4 200  0.307216 (0) 0.119923 (1) 0.221492 (1) 0.131113 (1) 0.220255 (1) 
Residue: TYR 203  1.000000 (1) 0.000000 (0) 
Residue: GL4 208  0.126518 (0) 0.125349 (1) 0.310579 (1) 0.130387 (1) 0.307166 (1) 
Residue: TYR 213  1.000000 (1) 0.000000 (0) 
