   Residue Number     State  0     State  1     State  2     State  3     State  4 
-----------------------------------------------------------------------------------
Residue: TYR 11   1.000000 (1) 0.000000 (0) 
Residue: GL4 14   0.610102 (0) 0.102313 (1) 0.101289 (1) 0.098966 (1) 0.087329 (1) 
Residue: TYR 16   1.000000 (1) 0.000000 (0) 
Residue: HIP 20   0.451919 (2) 0.547323 (1) 0.000758 (1) 
Residue: HIP 25   0.479052 (2) 0.419611 (1) 0.101337 (1) 
Residue: GL4 28   0.427156 (0) 0.040100 (1) 0.216478 (1) 0.055099 (1) 0.261167 (1) 
Residue: TYR 31   1.000000 (1) 0.000000 (0) 
Residue: GL4 36   0.376517 (0) 0.271145 (1) 0.060554 (1) 0.223326 (1) 0.068458 (1) 
Residue: TYR 41   1.000000 (1) 0.000000 (0) 
Residue: TYR 54   0.999999 (1) 0.000001 (0) 
Residue: GL4 57   0.337972 (0) 0.109318 (1) 0.209268 (1) 0.111429 (1) 0.232014 (1) 
Residue: TYR 59   0.999998 (1) 0.000002 (0) 
Residue: HIP 63   0.942612 (2) 0.054193 (1) 0.003196 (1) 
Residue: HIP 68   0.823967 (2) 0.152138 (1) 0.023895 (1) 
Residue: GL4 71   0.596896 (0) 0.120434 (1) 0.090174 (1) 0.117582 (1) 0.074913 (1) 
Residue: TYR 74   1.000000 (1) 0.000000 (0) 
Residue: GL4 79   0.666430 (0) 0.096862 (1) 0.071912 (1) 0.095040 (1) 0.069757 (1) 
Residue: TYR 84   0.999998 (1) 0.000002 (0) 
Residue: TYR 97   1.000000 (1) 0.000000 (0) 
Residue: GL4 100  0.471522 (0) 0.206234 (1) 0.062998 (1) 0.202739 (1) 0.056508 (1) 
Residue: TYR 102  1.000000 (1) 0.000000 (0) 
Residue: HIP 106  0.771468 (2) 0.178494 (1) 0.050038 (1) 
Residue: HIP 111  0.361477 (2) 0.457406 (1) 0.181117 (1) 
Residue: GL4 114  0.695117 (0) 0.181894 (1) 0.003096 (1) 0.116109 (1) 0.003783 (1) 
Residue: TYR 117  1.000000 (1) 0.000000 (0) 
Residue: GL4 122  0.675521 (0) 0.056728 (1) 0.106329 (1) 0.053645 (1) 0.107777 (1) 
Residue: TYR 127  1.000000 (1) 0.000000 (0) 
Residue: TYR 140  1.000000 (1) 0.000000 (0) 
Residue: GL4 143  0.613462 (0) 0.155208 (1) 0.034343 (1) 0.166247 (1) 0.030740 (1) 
Residue: TYR 145  1.000000 (1) 0.000000 (0) 
Residue: HIP 149  0.791947 (2) 0.169048 (1) 0.039005 (1) 
Residue: HIP 154  0.603828 (2) 0.303707 (1) 0.092465 (1) 
Residue: GL4 157  0.811061 (0) 0.087447 (1) 0.025950 (1) 0.058753 (1) 0.016789 (1) 
Residue: TYR 160  1.000000 (1) 0.000000 (0) 
Residue: GL4 165  0.603246 (0) 0.167203 (1) 0.049757 (1) 0.135886 (1) 0.043908 (1) 
Residue: TYR 170  1.000000 (1) 0.000000 (0) 
Residue: TYR 183  0.999999 (1) 0.000001 (0) 
Residue: GL4 186  0.295686 (0) 0.191985 (1) 0.166951 (1) 0.192032 (1) 0.153346 (1) 
Residue: TYR 188  0.999999 (1) 0.000001 (0) 
Residue: HIP 192  0.389525 (2) 0.468667 (1) 0.141808 (1) 
Residue: HIP 197  0.883002 (2) 0.089029 (1) 0.027968 (1) 
Residue: GL4 200  0.351864 (0) 0.096418 (1) 0.217592 (1) 0.102089 (1) 0.232038 (1) 
Residue: TYR 203  0.999998 (1) 0.000002 (0) 
Residue: GL4 208  0.216415 (0) 0.091123 (1) 0.297103 (1) 0.097914 (1) 0.297444 (1) 
Residue: TYR 213  0.999999 (1) 0.000001 (0) 
