   Residue Number     State  0     State  1     State  2     State  3     State  4 
-----------------------------------------------------------------------------------
Residue: TYR 11   1.000000 (1) 0.000000 (0) 
Residue: GL4 14   0.668573 (0) 0.070885 (1) 0.096283 (1) 0.075219 (1) 0.089039 (1) 
Residue: TYR 16   1.000000 (1) 0.000000 (0) 
Residue: HIP 20   0.254109 (2) 0.744841 (1) 0.001049 (1) 
Residue: HIP 25   0.318164 (2) 0.568835 (1) 0.113001 (1) 
Residue: GL4 28   0.607617 (0) 0.030769 (1) 0.145342 (1) 0.037521 (1) 0.178751 (1) 
Residue: TYR 31   1.000000 (1) 0.000000 (0) 
Residue: GL4 36   0.426367 (0) 0.258579 (1) 0.054130 (1) 0.195131 (1) 0.065793 (1) 
Residue: TYR 41   1.000000 (1) 0.000000 (0) 
Residue: TYR 54   0.999994 (1) 0.000006 (0) 
Residue: GL4 57   0.647791 (0) 0.037643 (1) 0.132448 (1) 0.040015 (1) 0.142103 (1) 
Residue: TYR 59   0.999987 (1) 0.000013 (0) 
Residue: HIP 63   0.825578 (2) 0.167118 (1) 0.007304 (1) 
Residue: HIP 68   0.530974 (2) 0.417290 (1) 0.051736 (1) 
Residue: GL4 71   0.843767 (0) 0.037926 (1) 0.043516 (1) 0.038081 (1) 0.036711 (1) 
Residue: TYR 74   0.999999 (1) 0.000001 (0) 
Residue: GL4 79   0.865538 (0) 0.028018 (1) 0.041860 (1) 0.027625 (1) 0.036958 (1) 
Residue: TYR 84   0.999988 (1) 0.000012 (0) 
Residue: TYR 97   0.999999 (1) 0.000001 (0) 
Residue: GL4 100  0.676221 (0) 0.128219 (1) 0.038578 (1) 0.125756 (1) 0.031226 (1) 
Residue: TYR 102  1.000000 (1) 0.000000 (0) 
Residue: HIP 106  0.484638 (2) 0.443820 (1) 0.071542 (1) 
Residue: HIP 111  0.211999 (2) 0.606128 (1) 0.181873 (1) 
Residue: GL4 114  0.732372 (0) 0.171828 (1) 0.001973 (1) 0.092158 (1) 0.001669 (1) 
Residue: TYR 117  1.000000 (1) 0.000000 (0) 
Residue: GL4 122  0.785939 (0) 0.041036 (1) 0.062963 (1) 0.044049 (1) 0.066013 (1) 
Residue: TYR 127  1.000000 (1) 0.000000 (0) 
Residue: TYR 140  1.000000 (1) 0.000000 (0) 
Residue: GL4 143  0.768251 (0) 0.098296 (1) 0.020468 (1) 0.095660 (1) 0.017326 (1) 
Residue: TYR 145  1.000000 (1) 0.000000 (0) 
Residue: HIP 149  0.658666 (2) 0.276079 (1) 0.065255 (1) 
Residue: HIP 154  0.367151 (2) 0.508125 (1) 0.124723 (1) 
Residue: GL4 157  0.875707 (0) 0.062860 (1) 0.013876 (1) 0.039992 (1) 0.007565 (1) 
Residue: TYR 160  1.000000 (1) 0.000000 (0) 
Residue: GL4 165  0.751251 (0) 0.110943 (1) 0.034719 (1) 0.067589 (1) 0.035497 (1) 
Residue: TYR 170  1.000000 (1) 0.000000 (0) 
Residue: TYR 183  0.999997 (1) 0.000003 (0) 
Residue: GL4 186  0.632303 (0) 0.084107 (1) 0.099497 (1) 0.087723 (1) 0.096370 (1) 
Residue: TYR 188  0.999993 (1) 0.000007 (0) 
Residue: HIP 192  0.124503 (2) 0.729243 (1) 0.146253 (1) 
Residue: HIP 197  0.609508 (2) 0.302222 (1) 0.088270 (1) 
Residue: GL4 200  0.496215 (0) 0.063258 (1) 0.177082 (1) 0.062372 (1) 0.201074 (1) 
Residue: TYR 203  0.999992 (1) 0.000008 (0) 
Residue: GL4 208  0.494996 (0) 0.042044 (1) 0.204067 (1) 0.048636 (1) 0.210257 (1) 
Residue: TYR 213  0.999992 (1) 0.000008 (0) 
