   Residue Number     State  0     State  1     State  2     State  3     State  4 
-----------------------------------------------------------------------------------
Residue: TYR 11   1.000000 (1) 0.000000 (0) 
Residue: GL4 14   0.630177 (0) 0.091523 (1) 0.099721 (1) 0.091242 (1) 0.087337 (1) 
Residue: TYR 16   0.999997 (1) 0.000003 (0) 
Residue: HIP 20   0.328226 (2) 0.670789 (1) 0.000985 (1) 
Residue: HIP 25   0.376815 (2) 0.507595 (1) 0.115590 (1) 
Residue: GL4 28   0.483925 (0) 0.037023 (1) 0.191553 (1) 0.049048 (1) 0.238451 (1) 
Residue: TYR 31   1.000000 (1) 0.000000 (0) 
Residue: GL4 36   0.378574 (0) 0.281729 (1) 0.058937 (1) 0.209589 (1) 0.071171 (1) 
Residue: TYR 41   1.000000 (1) 0.000000 (0) 
Residue: TYR 54   0.999998 (1) 0.000002 (0) 
Residue: GL4 57   0.486730 (0) 0.067613 (1) 0.177845 (1) 0.070572 (1) 0.197240 (1) 
Residue: TYR 59   0.999996 (1) 0.000004 (0) 
Residue: HIP 63   0.896784 (2) 0.098339 (1) 0.004877 (1) 
Residue: HIP 68   0.697341 (2) 0.264602 (1) 0.038057 (1) 
Residue: GL4 71   0.740967 (0) 0.069218 (1) 0.069500 (1) 0.067554 (1) 0.052760 (1) 
Residue: TYR 74   1.000000 (1) 0.000000 (0) 
Residue: GL4 79   0.785701 (0) 0.054068 (1) 0.055004 (1) 0.053798 (1) 0.051429 (1) 
Residue: TYR 84   0.999997 (1) 0.000003 (0) 
Residue: TYR 97   0.999999 (1) 0.000001 (0) 
Residue: GL4 100  0.562002 (0) 0.170878 (1) 0.052636 (1) 0.169113 (1) 0.045370 (1) 
Residue: TYR 102  1.000000 (1) 0.000000 (0) 
Residue: HIP 106  0.650347 (2) 0.285672 (1) 0.063981 (1) 
Residue: HIP 111  0.263639 (2) 0.541604 (1) 0.194757 (1) 
Residue: GL4 114  0.698200 (0) 0.186682 (1) 0.002683 (1) 0.109978 (1) 0.002458 (1) 
Residue: TYR 117  1.000000 (1) 0.000000 (0) 
Residue: GL4 122  0.727178 (0) 0.050283 (1) 0.085740 (1) 0.051468 (1) 0.085331 (1) 
Residue: TYR 127  1.000000 (1) 0.000000 (0) 
Residue: TYR 140  1.000000 (1) 0.000000 (0) 
Residue: GL4 143  0.702022 (0) 0.120848 (1) 0.027486 (1) 0.126568 (1) 0.023076 (1) 
Residue: TYR 145  1.000000 (1) 0.000000 (0) 
Residue: HIP 149  0.722395 (2) 0.225326 (1) 0.052279 (1) 
Residue: HIP 154  0.507549 (2) 0.386592 (1) 0.105859 (1) 
Residue: GL4 157  0.852593 (0) 0.071900 (1) 0.019595 (1) 0.042606 (1) 0.013306 (1) 
Residue: TYR 160  1.000000 (1) 0.000000 (0) 
Residue: GL4 165  0.690470 (0) 0.133787 (1) 0.042986 (1) 0.093711 (1) 0.039047 (1) 
Residue: TYR 170  1.000000 (1) 0.000000 (0) 
Residue: TYR 183  1.000000 (1) 0.000000 (0) 
Residue: GL4 186  0.459940 (0) 0.133791 (1) 0.141401 (1) 0.134708 (1) 0.130160 (1) 
Residue: TYR 188  0.999997 (1) 0.000003 (0) 
Residue: HIP 192  0.230868 (2) 0.614512 (1) 0.154620 (1) 
Residue: HIP 197  0.776351 (2) 0.170959 (1) 0.052690 (1) 
Residue: GL4 200  0.408481 (0) 0.079889 (1) 0.202127 (1) 0.081581 (1) 0.227922 (1) 
Residue: TYR 203  0.999998 (1) 0.000002 (0) 
Residue: GL4 208  0.337684 (0) 0.064378 (1) 0.261539 (1) 0.068366 (1) 0.268034 (1) 
Residue: TYR 213  0.999997 (1) 0.000003 (0) 
