   Residue Number     State  0     State  1     State  2     State  3     State  4 
-----------------------------------------------------------------------------------
Residue: TYR 11   1.000000 (1) 0.000000 (0) 
Residue: GL4 14   0.799586 (0) 0.032092 (1) 0.067680 (1) 0.029974 (1) 0.070668 (1) 
Residue: TYR 16   0.999991 (1) 0.000009 (0) 
Residue: HIP 20   0.187062 (2) 0.811629 (1) 0.001309 (1) 
Residue: HIP 25   0.153668 (2) 0.755577 (1) 0.090755 (1) 
Residue: GL4 28   0.859298 (0) 0.011123 (1) 0.057862 (1) 0.011176 (1) 0.060542 (1) 
Residue: TYR 31   1.000000 (1) 0.000000 (0) 
Residue: GL4 36   0.717331 (0) 0.130251 (1) 0.023738 (1) 0.095936 (1) 0.032745 (1) 
Residue: TYR 41   0.999999 (1) 0.000001 (0) 
Residue: TYR 54   0.999933 (1) 0.000067 (0) 
Residue: GL4 57   0.911480 (0) 0.010466 (1) 0.028703 (1) 0.009751 (1) 0.039601 (1) 
Residue: TYR 59   0.999912 (1) 0.000088 (0) 
Residue: HIP 63   0.554198 (2) 0.434620 (1) 0.011183 (1) 
Residue: HIP 68   0.203015 (2) 0.732214 (1) 0.064771 (1) 
Residue: GL4 71   0.970883 (0) 0.008793 (1) 0.006206 (1) 0.009160 (1) 0.004958 (1) 
Residue: TYR 74   0.999990 (1) 0.000010 (0) 
Residue: GL4 79   0.955110 (0) 0.006667 (1) 0.017820 (1) 0.006744 (1) 0.013659 (1) 
Residue: TYR 84   0.999880 (1) 0.000120 (0) 
Residue: TYR 97   0.999998 (1) 0.000002 (0) 
Residue: GL4 100  0.900076 (0) 0.036903 (1) 0.015029 (1) 0.037926 (1) 0.010067 (1) 
Residue: TYR 102  0.999992 (1) 0.000008 (0) 
Residue: HIP 106  0.161169 (2) 0.767669 (1) 0.071162 (1) 
Residue: HIP 111  0.100712 (2) 0.763476 (1) 0.135812 (1) 
Residue: GL4 114  0.899107 (0) 0.064367 (1) 0.000171 (1) 0.035747 (1) 0.000609 (1) 
Residue: TYR 117  1.000000 (1) 0.000000 (0) 
Residue: GL4 122  0.916967 (0) 0.016422 (1) 0.019292 (1) 0.019777 (1) 0.027543 (1) 
Residue: TYR 127  0.999996 (1) 0.000004 (0) 
Residue: TYR 140  1.000000 (1) 0.000000 (0) 
Residue: GL4 143  0.896374 (0) 0.048926 (1) 0.005884 (1) 0.040845 (1) 0.007971 (1) 
Residue: TYR 145  0.999998 (1) 0.000002 (0) 
Residue: HIP 149  0.587265 (2) 0.362920 (1) 0.049815 (1) 
Residue: HIP 154  0.139553 (2) 0.725201 (1) 0.135245 (1) 
Residue: GL4 157  0.953187 (0) 0.019930 (1) 0.002412 (1) 0.023877 (1) 0.000595 (1) 
Residue: TYR 160  1.000000 (1) 0.000000 (0) 
Residue: GL4 165  0.889819 (0) 0.045313 (1) 0.015713 (1) 0.034118 (1) 0.015036 (1) 
Residue: TYR 170  0.999998 (1) 0.000002 (0) 
Residue: TYR 183  0.999960 (1) 0.000040 (0) 
Residue: GL4 186  0.907447 (0) 0.021056 (1) 0.027859 (1) 0.021432 (1) 0.022206 (1) 
Residue: TYR 188  0.999947 (1) 0.000053 (0) 
Residue: HIP 192  0.025741 (2) 0.862210 (1) 0.112049 (1) 
Residue: HIP 197  0.219498 (2) 0.619753 (1) 0.160749 (1) 
Residue: GL4 200  0.776212 (0) 0.034941 (1) 0.077674 (1) 0.026799 (1) 0.084373 (1) 
Residue: TYR 203  0.999973 (1) 0.000027 (0) 
Residue: GL4 208  0.864924 (0) 0.009660 (1) 0.057883 (1) 0.009409 (1) 0.058123 (1) 
Residue: TYR 213  0.999956 (1) 0.000044 (0) 
