   Residue Number     State  0     State  1     State  2     State  3     State  4 
-----------------------------------------------------------------------------------
Residue: TYR 11   0.999999 (1) 0.000001 (0) 
Residue: GL4 14   0.720381 (0) 0.050559 (1) 0.089295 (1) 0.055548 (1) 0.084217 (1) 
Residue: TYR 16   0.999996 (1) 0.000004 (0) 
Residue: HIP 20   0.214760 (2) 0.784136 (1) 0.001103 (1) 
Residue: HIP 25   0.248321 (2) 0.648501 (1) 0.103178 (1) 
Residue: GL4 28   0.739106 (0) 0.020879 (1) 0.101616 (1) 0.024229 (1) 0.114170 (1) 
Residue: TYR 31   1.000000 (1) 0.000000 (0) 
Residue: GL4 36   0.548289 (0) 0.203527 (1) 0.039494 (1) 0.156697 (1) 0.051993 (1) 
Residue: TYR 41   0.999999 (1) 0.000001 (0) 
Residue: TYR 54   0.999982 (1) 0.000018 (0) 
Residue: GL4 57   0.798974 (0) 0.019087 (1) 0.077228 (1) 0.021597 (1) 0.083114 (1) 
Residue: TYR 59   0.999972 (1) 0.000028 (0) 
Residue: HIP 63   0.717650 (2) 0.273298 (1) 0.009053 (1) 
Residue: HIP 68   0.358028 (2) 0.580660 (1) 0.061312 (1) 
Residue: GL4 71   0.920975 (0) 0.019921 (1) 0.020551 (1) 0.019593 (1) 0.018960 (1) 
Residue: TYR 74   0.999994 (1) 0.000006 (0) 
Residue: GL4 79   0.918276 (0) 0.013481 (1) 0.030733 (1) 0.014008 (1) 0.023502 (1) 
Residue: TYR 84   0.999962 (1) 0.000038 (0) 
Residue: TYR 97   1.000000 (1) 0.000000 (0) 
Residue: GL4 100  0.803064 (0) 0.076203 (1) 0.025749 (1) 0.076486 (1) 0.018498 (1) 
Residue: TYR 102  0.999998 (1) 0.000002 (0) 
Residue: HIP 106  0.300292 (2) 0.625106 (1) 0.074603 (1) 
Residue: HIP 111  0.161395 (2) 0.683969 (1) 0.154636 (1) 
Residue: GL4 114  0.805319 (0) 0.118871 (1) 0.000649 (1) 0.074405 (1) 0.000756 (1) 
Residue: TYR 117  1.000000 (1) 0.000000 (0) 
Residue: GL4 122  0.852766 (0) 0.029759 (1) 0.040476 (1) 0.033430 (1) 0.043569 (1) 
Residue: TYR 127  0.999999 (1) 0.000001 (0) 
Residue: TYR 140  1.000000 (1) 0.000000 (0) 
Residue: GL4 143  0.827907 (0) 0.078321 (1) 0.013609 (1) 0.067468 (1) 0.012695 (1) 
Residue: TYR 145  1.000000 (1) 0.000000 (0) 
Residue: HIP 149  0.627553 (2) 0.315633 (1) 0.056814 (1) 
Residue: HIP 154  0.239556 (2) 0.626462 (1) 0.133982 (1) 
Residue: GL4 157  0.917376 (0) 0.044305 (1) 0.007417 (1) 0.028657 (1) 0.002246 (1) 
Residue: TYR 160  1.000000 (1) 0.000000 (0) 
Residue: GL4 165  0.808463 (0) 0.084022 (1) 0.027679 (1) 0.051875 (1) 0.027961 (1) 
Residue: TYR 170  1.000000 (1) 0.000000 (0) 
Residue: TYR 183  0.999988 (1) 0.000012 (0) 
Residue: GL4 186  0.790033 (0) 0.048093 (1) 0.059579 (1) 0.049273 (1) 0.053021 (1) 
Residue: TYR 188  0.999982 (1) 0.000018 (0) 
Residue: HIP 192  0.060129 (2) 0.814196 (1) 0.125675 (1) 
Residue: HIP 197  0.402060 (2) 0.466730 (1) 0.131210 (1) 
Residue: GL4 200  0.618498 (0) 0.052724 (1) 0.136744 (1) 0.046134 (1) 0.145899 (1) 
Residue: TYR 203  0.999994 (1) 0.000006 (0) 
Residue: GL4 208  0.698204 (0) 0.021719 (1) 0.127943 (1) 0.026248 (1) 0.125885 (1) 
Residue: TYR 213  0.999992 (1) 0.000008 (0) 
