   Residue Number     State  0     State  1     State  2     State  3     State  4 
-----------------------------------------------------------------------------------
Residue: TYR 11   0.999999 (1) 0.000001 (0) 
Residue: GL4 14   0.887884 (0) 0.014483 (1) 0.038768 (1) 0.014139 (1) 0.044726 (1) 
Residue: TYR 16   0.999978 (1) 0.000022 (0) 
Residue: HIP 20   0.150838 (2) 0.847756 (1) 0.001407 (1) 
Residue: HIP 25   0.076518 (2) 0.844106 (1) 0.079377 (1) 
Residue: GL4 28   0.927677 (0) 0.004836 (1) 0.022827 (1) 0.004064 (1) 0.040597 (1) 
Residue: TYR 31   1.000000 (1) 0.000000 (0) 
Residue: GL4 36   0.858674 (0) 0.061719 (1) 0.010756 (1) 0.052850 (1) 0.016001 (1) 
Residue: TYR 41   0.999994 (1) 0.000006 (0) 
Residue: TYR 54   0.999852 (1) 0.000148 (0) 
Residue: GL4 57   0.964234 (0) 0.003846 (1) 0.009988 (1) 0.003040 (1) 0.018893 (1) 
Residue: TYR 59   0.999753 (1) 0.000247 (0) 
Residue: HIP 63   0.350900 (2) 0.636034 (1) 0.013066 (1) 
Residue: HIP 68   0.095569 (2) 0.840687 (1) 0.063744 (1) 
Residue: GL4 71   0.990596 (0) 0.003673 (1) 0.001187 (1) 0.003648 (1) 0.000896 (1) 
Residue: TYR 74   0.999968 (1) 0.000032 (0) 
Residue: GL4 79   0.978275 (0) 0.002818 (1) 0.009009 (1) 0.002812 (1) 0.007086 (1) 
Residue: TYR 84   0.999664 (1) 0.000336 (0) 
Residue: TYR 97   0.999997 (1) 0.000003 (0) 
Residue: GL4 100  0.959658 (0) 0.014773 (1) 0.006968 (1) 0.015354 (1) 0.003247 (1) 
Residue: TYR 102  0.999994 (1) 0.000006 (0) 
Residue: HIP 106  0.081366 (2) 0.851268 (1) 0.067366 (1) 
Residue: HIP 111  0.049301 (2) 0.831730 (1) 0.118969 (1) 
Residue: GL4 114  0.956837 (0) 0.028590 (1) 0.000029 (1) 0.014204 (1) 0.000339 (1) 
Residue: TYR 117  1.000000 (1) 0.000000 (0) 
Residue: GL4 122  0.964298 (0) 0.006621 (1) 0.009139 (1) 0.007476 (1) 0.012466 (1) 
Residue: TYR 127  0.999987 (1) 0.000013 (0) 
Residue: TYR 140  1.000000 (1) 0.000000 (0) 
Residue: GL4 143  0.951352 (0) 0.022091 (1) 0.003414 (1) 0.019266 (1) 0.003877 (1) 
Residue: TYR 145  0.999997 (1) 0.000003 (0) 
Residue: HIP 149  0.472135 (2) 0.478041 (1) 0.049823 (1) 
Residue: HIP 154  0.068610 (2) 0.794486 (1) 0.136903 (1) 
Residue: GL4 157  0.981067 (0) 0.006678 (1) 0.000360 (1) 0.011849 (1) 0.000046 (1) 
Residue: TYR 160  1.000000 (1) 0.000000 (0) 
Residue: GL4 165  0.952858 (0) 0.018037 (1) 0.005976 (1) 0.017138 (1) 0.005992 (1) 
Residue: TYR 170  0.999998 (1) 0.000002 (0) 
Residue: TYR 183  0.999922 (1) 0.000078 (0) 
Residue: GL4 186  0.963258 (0) 0.008568 (1) 0.010384 (1) 0.008302 (1) 0.009488 (1) 
Residue: TYR 188  0.999873 (1) 0.000127 (0) 
Residue: HIP 192  0.009780 (2) 0.883616 (1) 0.106604 (1) 
Residue: HIP 197  0.099928 (2) 0.721751 (1) 0.178321 (1) 
Residue: GL4 200  0.903669 (0) 0.016376 (1) 0.030132 (1) 0.011037 (1) 0.038787 (1) 
Residue: TYR 203  0.999905 (1) 0.000095 (0) 
Residue: GL4 208  0.948817 (0) 0.004210 (1) 0.022666 (1) 0.003144 (1) 0.021163 (1) 
Residue: TYR 213  0.999845 (1) 0.000155 (0) 
