   Residue Number     State  0     State  1     State  2     State  3     State  4 
-----------------------------------------------------------------------------------
Residue: TYR 11   0.999993 (1) 0.000007 (0) 
Residue: GL4 14   0.952554 (0) 0.005657 (1) 0.016652 (1) 0.005394 (1) 0.019743 (1) 
Residue: TYR 16   0.999932 (1) 0.000068 (0) 
Residue: HIP 20   0.099277 (2) 0.899236 (1) 0.001488 (1) 
Residue: HIP 25   0.031443 (2) 0.894734 (1) 0.073823 (1) 
Residue: GL4 28   0.968929 (0) 0.001773 (1) 0.010164 (1) 0.001501 (1) 0.017633 (1) 
Residue: TYR 31   1.000000 (1) 0.000000 (0) 
Residue: GL4 36   0.939908 (0) 0.025965 (1) 0.004011 (1) 0.024489 (1) 0.005627 (1) 
Residue: TYR 41   0.999982 (1) 0.000018 (0) 
Residue: TYR 54   0.999533 (1) 0.000467 (0) 
Residue: GL4 57   0.986573 (0) 0.001078 (1) 0.003719 (1) 0.000946 (1) 0.007683 (1) 
Residue: TYR 59   0.999301 (1) 0.000699 (0) 
Residue: HIP 63   0.175021 (2) 0.811081 (1) 0.013898 (1) 
Residue: HIP 68   0.038323 (2) 0.900756 (1) 0.060922 (1) 
Residue: GL4 71   0.996996 (0) 0.001327 (1) 0.000205 (1) 0.001278 (1) 0.000195 (1) 
Residue: TYR 74   0.999911 (1) 0.000089 (0) 
Residue: GL4 79   0.991689 (0) 0.000948 (1) 0.003456 (1) 0.000960 (1) 0.002948 (1) 
Residue: TYR 84   0.998930 (1) 0.001070 (0) 
Residue: TYR 97   0.999995 (1) 0.000005 (0) 
Residue: GL4 100  0.985049 (0) 0.005253 (1) 0.002219 (1) 0.006083 (1) 0.001396 (1) 
Residue: TYR 102  0.999982 (1) 0.000018 (0) 
Residue: HIP 106  0.038788 (2) 0.900114 (1) 0.061098 (1) 
Residue: HIP 111  0.020185 (2) 0.867701 (1) 0.112114 (1) 
Residue: GL4 114  0.985718 (0) 0.009652 (1) 0.000006 (1) 0.004589 (1) 0.000035 (1) 
Residue: TYR 117  0.999995 (1) 0.000005 (0) 
Residue: GL4 122  0.988149 (0) 0.002323 (1) 0.002987 (1) 0.002436 (1) 0.004106 (1) 
Residue: TYR 127  0.999970 (1) 0.000030 (0) 
Residue: TYR 140  0.999999 (1) 0.000001 (0) 
Residue: GL4 143  0.981405 (0) 0.008198 (1) 0.001841 (1) 0.007145 (1) 0.001411 (1) 
Residue: TYR 145  0.999990 (1) 0.000010 (0) 
Residue: HIP 149  0.294914 (2) 0.650579 (1) 0.054507 (1) 
Residue: HIP 154  0.027961 (2) 0.836490 (1) 0.135549 (1) 
Residue: GL4 157  0.993455 (0) 0.001760 (1) 0.000056 (1) 0.004724 (1) 0.000005 (1) 
Residue: TYR 160  0.999998 (1) 0.000002 (0) 
Residue: GL4 165  0.983507 (0) 0.005766 (1) 0.002390 (1) 0.006150 (1) 0.002187 (1) 
Residue: TYR 170  0.999990 (1) 0.000010 (0) 
Residue: TYR 183  0.999756 (1) 0.000244 (0) 
Residue: GL4 186  0.987140 (0) 0.002916 (1) 0.003537 (1) 0.002984 (1) 0.003423 (1) 
Residue: TYR 188  0.999572 (1) 0.000428 (0) 
Residue: HIP 192  0.003438 (2) 0.889089 (1) 0.107473 (1) 
Residue: HIP 197  0.038531 (2) 0.776176 (1) 0.185293 (1) 
Residue: GL4 200  0.966939 (0) 0.005564 (1) 0.010440 (1) 0.003601 (1) 0.013456 (1) 
Residue: TYR 203  0.999687 (1) 0.000313 (0) 
Residue: GL4 208  0.981527 (0) 0.001543 (1) 0.007934 (1) 0.000983 (1) 0.008012 (1) 
Residue: TYR 213  0.999580 (1) 0.000420 (0) 
