   Residue Number     State  0     State  1     State  2     State  3     State  4 
-----------------------------------------------------------------------------------
Residue: TYR 11   0.999977 (1) 0.000023 (0) 
Residue: GL4 14   0.983011 (0) 0.001961 (1) 0.006383 (1) 0.001793 (1) 0.006852 (1) 
Residue: TYR 16   0.999767 (1) 0.000233 (0) 
Residue: HIP 20   0.046708 (2) 0.951819 (1) 0.001473 (1) 
Residue: HIP 25   0.011267 (2) 0.917296 (1) 0.071438 (1) 
Residue: GL4 28   0.988881 (0) 0.000539 (1) 0.003856 (1) 0.000546 (1) 0.006178 (1) 
Residue: TYR 31   0.999998 (1) 0.000002 (0) 
Residue: GL4 36   0.978364 (0) 0.009508 (1) 0.001408 (1) 0.008877 (1) 0.001843 (1) 
Residue: TYR 41   0.999947 (1) 0.000053 (0) 
Residue: TYR 54   0.998544 (1) 0.001456 (0) 
Residue: GL4 57   0.995560 (0) 0.000401 (1) 0.001410 (1) 0.000315 (1) 0.002314 (1) 
Residue: TYR 59   0.997735 (1) 0.002265 (0) 
Residue: HIP 63   0.072131 (2) 0.913966 (1) 0.013903 (1) 
Residue: HIP 68   0.013887 (2) 0.926666 (1) 0.059448 (1) 
Residue: GL4 71   0.999002 (0) 0.000488 (1) 0.000048 (1) 0.000399 (1) 0.000063 (1) 
Residue: TYR 74   0.999695 (1) 0.000305 (0) 
Residue: GL4 79   0.997055 (0) 0.000360 (1) 0.001191 (1) 0.000321 (1) 0.001073 (1) 
Residue: TYR 84   0.996776 (1) 0.003224 (0) 
Residue: TYR 97   0.999984 (1) 0.000016 (0) 
Residue: GL4 100  0.994962 (0) 0.001709 (1) 0.000778 (1) 0.002030 (1) 0.000521 (1) 
Residue: TYR 102  0.999913 (1) 0.000087 (0) 
Residue: HIP 106  0.015583 (2) 0.927496 (1) 0.056922 (1) 
Residue: HIP 111  0.007174 (2) 0.881935 (1) 0.110891 (1) 
Residue: GL4 114  0.995571 (0) 0.003195 (1) 0.000000 (1) 0.001229 (1) 0.000005 (1) 
Residue: TYR 117  0.999995 (1) 0.000005 (0) 
Residue: GL4 122  0.995932 (0) 0.000943 (1) 0.001082 (1) 0.000769 (1) 0.001274 (1) 
Residue: TYR 127  0.999907 (1) 0.000093 (0) 
Residue: TYR 140  0.999996 (1) 0.000004 (0) 
Residue: GL4 143  0.994349 (0) 0.002583 (1) 0.000473 (1) 0.002262 (1) 0.000333 (1) 
Residue: TYR 145  0.999983 (1) 0.000017 (0) 
Residue: HIP 149  0.135913 (2) 0.802235 (1) 0.061852 (1) 
Residue: HIP 154  0.010140 (2) 0.857494 (1) 0.132366 (1) 
Residue: GL4 157  0.997834 (0) 0.000516 (1) 0.000015 (1) 0.001635 (1) 0.000000 (1) 
Residue: TYR 160  0.999999 (1) 0.000001 (0) 
Residue: GL4 165  0.994563 (0) 0.001633 (1) 0.000866 (1) 0.002135 (1) 0.000803 (1) 
Residue: TYR 170  0.999966 (1) 0.000034 (0) 
Residue: TYR 183  0.999207 (1) 0.000793 (0) 
Residue: GL4 186  0.995709 (0) 0.000917 (1) 0.001083 (1) 0.001002 (1) 0.001290 (1) 
Residue: TYR 188  0.998705 (1) 0.001295 (0) 
Residue: HIP 192  0.001241 (2) 0.889328 (1) 0.109431 (1) 
Residue: HIP 197  0.013258 (2) 0.798580 (1) 0.188162 (1) 
Residue: GL4 200  0.989082 (0) 0.001878 (1) 0.003349 (1) 0.001249 (1) 0.004443 (1) 
Residue: TYR 203  0.999046 (1) 0.000954 (0) 
Residue: GL4 208  0.993742 (0) 0.000526 (1) 0.002696 (1) 0.000298 (1) 0.002738 (1) 
Residue: TYR 213  0.998652 (1) 0.001348 (0) 
