   Residue Number     State  0     State  1     State  2     State  3     State  4 
-----------------------------------------------------------------------------------
Residue: TYR 11   0.999958 (1) 0.000042 (0) 
Residue: GL4 14   0.994208 (0) 0.000671 (1) 0.002273 (1) 0.000595 (1) 0.002253 (1) 
Residue: TYR 16   0.999318 (1) 0.000682 (0) 
Residue: HIP 20   0.017458 (2) 0.981024 (1) 0.001518 (1) 
Residue: HIP 25   0.003724 (2) 0.925317 (1) 0.070959 (1) 
Residue: GL4 28   0.996148 (0) 0.000193 (1) 0.001317 (1) 0.000174 (1) 0.002168 (1) 
Residue: TYR 31   0.999998 (1) 0.000002 (0) 
Residue: GL4 36   0.992740 (0) 0.003173 (1) 0.000476 (1) 0.003098 (1) 0.000514 (1) 
Residue: TYR 41   0.999842 (1) 0.000158 (0) 
Residue: TYR 54   0.995524 (1) 0.004476 (0) 
Residue: GL4 57   0.998775 (0) 0.000104 (1) 0.000448 (1) 0.000088 (1) 0.000585 (1) 
Residue: TYR 59   0.992817 (1) 0.007183 (0) 
Residue: HIP 63   0.025383 (2) 0.961214 (1) 0.013403 (1) 
Residue: HIP 68   0.004654 (2) 0.936627 (1) 0.058718 (1) 
Residue: GL4 71   0.999685 (0) 0.000148 (1) 0.000008 (1) 0.000140 (1) 0.000019 (1) 
Residue: TYR 74   0.999087 (1) 0.000913 (0) 
Residue: GL4 79   0.999032 (0) 0.000100 (1) 0.000462 (1) 0.000089 (1) 0.000318 (1) 
Residue: TYR 84   0.989877 (1) 0.010123 (0) 
Residue: TYR 97   0.999963 (1) 0.000037 (0) 
Residue: GL4 100  0.998447 (0) 0.000531 (1) 0.000233 (1) 0.000637 (1) 0.000153 (1) 
Residue: TYR 102  0.999770 (1) 0.000230 (0) 
Residue: HIP 106  0.005813 (2) 0.938758 (1) 0.055429 (1) 
Residue: HIP 111  0.002299 (2) 0.887411 (1) 0.110290 (1) 
Residue: GL4 114  0.998649 (0) 0.000992 (1) 0.000000 (1) 0.000359 (1) 0.000000 (1) 
Residue: TYR 117  0.999991 (1) 0.000009 (0) 
Residue: GL4 122  0.998709 (0) 0.000305 (1) 0.000300 (1) 0.000244 (1) 0.000442 (1) 
Residue: TYR 127  0.999679 (1) 0.000321 (0) 
Residue: TYR 140  0.999967 (1) 0.000033 (0) 
Residue: GL4 143  0.998372 (0) 0.000727 (1) 0.000158 (1) 0.000641 (1) 0.000103 (1) 
Residue: TYR 145  0.999931 (1) 0.000069 (0) 
Residue: HIP 149  0.050360 (2) 0.883152 (1) 0.066488 (1) 
Residue: HIP 154  0.003328 (2) 0.866756 (1) 0.129917 (1) 
Residue: GL4 157  0.999247 (0) 0.000161 (1) 0.000005 (1) 0.000587 (1) 0.000000 (1) 
Residue: TYR 160  0.999992 (1) 0.000008 (0) 
Residue: GL4 165  0.998347 (0) 0.000476 (1) 0.000238 (1) 0.000653 (1) 0.000287 (1) 
Residue: TYR 170  0.999912 (1) 0.000088 (0) 
Residue: TYR 183  0.997488 (1) 0.002512 (0) 
Residue: GL4 186  0.998586 (0) 0.000315 (1) 0.000374 (1) 0.000307 (1) 0.000418 (1) 
Residue: TYR 188  0.995934 (1) 0.004066 (0) 
Residue: HIP 192  0.000373 (2) 0.888134 (1) 0.111493 (1) 
Residue: HIP 197  0.004294 (2) 0.805795 (1) 0.189911 (1) 
Residue: GL4 200  0.996606 (0) 0.000607 (1) 0.001008 (1) 0.000390 (1) 0.001389 (1) 
Residue: TYR 203  0.996642 (1) 0.003358 (0) 
Residue: GL4 208  0.997894 (0) 0.000154 (1) 0.000862 (1) 0.000112 (1) 0.000978 (1) 
Residue: TYR 213  0.995688 (1) 0.004312 (0) 
