# 1    2
# pH   Residue
0.00 0.000 0.001 0.000 0.000 0.000 0.042 0.000 0.001 0.000 0.000 0.000 0.000 0.000 0.000 0.000 0.000 0.000 0.000 0.000 0.000 0.000 0.000 0.000 0.167 0.000 0.001 0.000 0.000 0.002 0.000 0.000 0.000 0.263 0.000 0.001 0.000 0.000 0.000 0.000 0.000 0.000 0.003 0.000 0.000 0.000  
0.50 0.000 0.003 0.000 0.000 0.000 0.067 0.000 0.002 0.000 0.000 0.000 0.000 0.000 0.000 0.000 0.000 0.001 0.000 0.000 0.001 0.000 0.000 0.000 0.268 0.000 0.002 0.000 0.000 0.004 0.000 0.000 0.000 0.404 0.000 0.004 0.000 0.000 0.000 0.000 0.000 0.000 0.007 0.000 0.000 0.000  
1.00 0.000 0.007 0.000 0.000 0.000 0.089 0.000 0.005 0.000 0.000 0.000 0.000 0.000 0.000 0.001 0.000 0.002 0.000 0.000 0.002 0.000 0.000 0.000 0.339 0.000 0.005 0.000 0.000 0.010 0.000 0.000 0.000 0.492 0.000 0.010 0.000 0.000 0.000 0.000 0.000 0.000 0.016 0.000 0.000 0.000  
1.50 0.000 0.020 0.000 0.000 0.000 0.124 0.000 0.015 0.000 0.000 0.001 0.000 0.000 0.000 0.003 0.000 0.005 0.000 0.000 0.006 0.000 0.000 0.001 0.395 0.000 0.014 0.000 0.000 0.026 0.000 0.000 0.001 0.526 0.000 0.029 0.000 0.000 0.001 0.000 0.000 0.000 0.036 0.000 0.000 0.000  
2.00 0.000 0.052 0.000 0.001 0.001 0.193 0.000 0.039 0.000 0.000 0.004 0.000 0.000 0.000 0.008 0.000 0.014 0.000 0.000 0.015 0.000 0.000 0.002 0.474 0.000 0.039 0.000 0.000 0.064 0.000 0.001 0.002 0.531 0.000 0.077 0.000 0.000 0.001 0.000 0.001 0.000 0.078 0.000 0.001 0.000  
2.50 0.000 0.116 0.000 0.004 0.004 0.291 0.000 0.090 0.000 0.000 0.009 0.000 0.000 0.001 0.016 0.000 0.034 0.000 0.000 0.033 0.000 0.001 0.006 0.579 0.000 0.092 0.000 0.000 0.134 0.000 0.001 0.005 0.526 0.000 0.173 0.000 0.000 0.004 0.000 0.004 0.000 0.133 0.000 0.004 0.000  
3.00 0.000 0.217 0.000 0.010 0.011 0.374 0.000 0.162 0.000 0.000 0.019 0.000 0.001 0.002 0.032 0.000 0.078 0.000 0.000 0.060 0.000 0.003 0.019 0.669 0.000 0.183 0.000 0.000 0.237 0.000 0.004 0.017 0.532 0.000 0.296 0.000 0.000 0.009 0.000 0.012 0.001 0.181 0.000 0.009 0.000  
3.50 0.000 0.331 0.000 0.031 0.033 0.422 0.000 0.242 0.000 0.000 0.036 0.000 0.002 0.007 0.064 0.000 0.158 0.000 0.000 0.099 0.000 0.010 0.058 0.716 0.000 0.296 0.000 0.000 0.345 0.000 0.013 0.050 0.551 0.000 0.391 0.000 0.000 0.020 0.000 0.036 0.004 0.212 0.000 0.018 0.000  
4.00 0.000 0.431 0.000 0.084 0.090 0.443 0.000 0.317 0.000 0.000 0.068 0.000 0.006 0.018 0.129 0.000 0.285 0.000 0.000 0.166 0.000 0.028 0.151 0.730 0.000 0.426 0.000 0.000 0.417 0.000 0.035 0.130 0.589 0.000 0.433 0.000 0.000 0.043 0.000 0.095 0.011 0.237 0.000 0.037 0.000  
4.50 0.000 0.516 0.000 0.198 0.200 0.434 0.000 0.367 0.000 0.000 0.125 0.000 0.014 0.045 0.247 0.000 0.418 0.000 0.000 0.265 0.000 0.069 0.313 0.719 0.000 0.535 0.000 0.000 0.467 0.000 0.079 0.245 0.659 0.000 0.465 0.000 0.000 0.091 0.000 0.220 0.027 0.271 0.000 0.069 0.000  
5.00 0.000 0.579 0.000 0.371 0.362 0.421 0.000 0.384 0.000 0.000 0.214 0.000 0.031 0.094 0.418 0.000 0.539 0.000 0.000 0.375 0.000 0.138 0.488 0.706 0.000 0.617 0.000 0.000 0.527 0.000 0.142 0.332 0.741 0.000 0.514 0.000 0.000 0.172 0.000 0.411 0.058 0.307 0.000 0.127 0.000  
5.50 0.000 0.610 0.000 0.548 0.521 0.427 0.000 0.377 0.000 0.000 0.338 0.000 0.057 0.176 0.597 0.000 0.666 0.000 0.000 0.472 0.000 0.229 0.639 0.695 0.000 0.676 0.000 0.000 0.613 0.000 0.208 0.396 0.811 0.000 0.603 0.000 0.000 0.296 0.000 0.610 0.117 0.352 0.000 0.216 0.000  
6.00 0.000 0.630 0.000 0.672 0.623 0.484 0.000 0.379 0.000 0.000 0.487 0.000 0.103 0.303 0.741 0.000 0.786 0.000 0.000 0.562 0.000 0.350 0.736 0.698 0.000 0.727 0.000 0.000 0.702 0.000 0.278 0.492 0.853 0.000 0.690 0.000 0.000 0.460 0.000 0.769 0.224 0.408 0.000 0.338 0.000  
6.50 0.000 0.669 0.000 0.746 0.682 0.608 0.000 0.426 0.000 0.000 0.648 0.000 0.174 0.469 0.844 0.000 0.866 0.000 0.000 0.676 0.000 0.515 0.788 0.732 0.000 0.786 0.000 0.000 0.768 0.000 0.341 0.633 0.876 0.000 0.751 0.000 0.000 0.632 0.000 0.875 0.390 0.496 0.000 0.495 0.000  
7.00 0.000 0.720 0.000 0.785 0.752 0.739 0.000 0.548 0.000 0.000 0.799 0.000 0.282 0.642 0.921 0.000 0.918 0.000 0.000 0.803 0.000 0.700 0.839 0.805 0.000 0.853 0.000 0.000 0.828 0.000 0.372 0.760 0.917 0.000 0.808 0.000 0.000 0.790 0.000 0.940 0.598 0.618 0.000 0.698 0.000  
7.50 0.000 0.800 0.000 0.813 0.846 0.859 0.000 0.717 0.000 0.000 0.911 0.000 0.446 0.797 0.971 0.000 0.955 0.000 0.000 0.900 0.000 0.839 0.899 0.899 0.000 0.917 0.000 0.000 0.896 0.000 0.413 0.860 0.953 0.000 0.890 0.000 0.000 0.907 0.000 0.974 0.781 0.776 0.000 0.865 0.000  
8.00 0.000 0.888 0.000 0.849 0.923 0.928 0.000 0.859 0.000 0.000 0.964 0.000 0.649 0.904 0.991 0.000 0.978 0.000 0.000 0.960 0.000 0.919 0.951 0.957 0.000 0.964 0.000 0.000 0.951 0.000 0.528 0.931 0.981 0.000 0.953 0.000 0.000 0.963 0.000 0.990 0.900 0.904 0.000 0.949 0.000  
8.50 0.000 0.953 0.000 0.901 0.969 0.969 0.000 0.940 0.000 0.000 0.987 0.001 0.825 0.962 0.997 0.000 0.992 0.001 0.000 0.985 0.000 0.961 0.980 0.986 0.000 0.988 0.000 0.000 0.981 0.000 0.705 0.972 0.993 0.000 0.984 0.000 0.000 0.987 0.000 0.997 0.961 0.967 0.000 0.982 0.000  
9.00 0.000 0.983 0.000 0.953 0.989 0.989 0.000 0.978 0.000 0.001 0.996 0.002 0.928 0.986 0.999 0.000 0.997 0.003 0.000 0.995 0.000 0.984 0.993 0.996 0.000 0.996 0.000 0.000 0.994 0.000 0.864 0.990 0.998 0.000 0.995 0.000 0.001 0.996 0.001 0.999 0.987 0.989 0.001 0.994 0.001  
9.50 0.000 0.994 0.001 0.983 0.996 0.996 0.000 0.993 0.000 0.004 0.999 0.007 0.975 0.995 1.000 0.001 0.999 0.010 0.000 0.998 0.000 0.994 0.998 0.999 0.000 0.999 0.000 0.000 0.998 0.000 0.950 0.997 0.999 0.000 0.998 0.000 0.003 0.999 0.004 1.000 0.996 0.997 0.003 0.998 0.004  
10.00 0.000 0.998 0.002 0.994 0.999 0.999 0.000 0.998 0.000 0.014 1.000 0.022 0.991 0.999 1.000 0.003 1.000 0.032 0.000 1.000 0.001 0.998 0.999 1.000 0.000 1.000 0.001 0.000 0.999 0.000 0.983 0.999 1.000 0.000 0.999 0.000 0.008 1.000 0.012 1.000 0.999 0.999 0.011 0.999 0.013  
10.50 0.001 0.999 0.006 0.998 1.000 1.000 0.000 0.999 0.002 0.045 1.000 0.067 0.997 0.999 1.000 0.009 1.000 0.098 0.000 1.000 0.002 0.999 1.000 1.000 0.000 1.000 0.003 0.000 1.000 0.001 0.994 1.000 1.000 0.000 1.000 0.001 0.025 1.000 0.038 1.000 1.000 1.000 0.035 1.000 0.042  
11.00 0.002 1.000 0.017 0.999 1.000 1.000 0.000 1.000 0.005 0.146 1.000 0.183 0.999 1.000 1.000 0.027 1.000 0.271 0.001 1.000 0.007 1.000 1.000 1.000 0.001 1.000 0.008 0.001 1.000 0.002 0.998 1.000 1.000 0.000 1.000 0.003 0.077 1.000 0.112 1.000 1.000 1.000 0.113 1.000 0.130  
11.50 0.012 1.000 0.037 1.000 1.000 1.000 0.000 1.000 0.016 0.397 1.000 0.399 1.000 1.000 1.000 0.079 1.000 0.565 0.004 1.000 0.017 1.000 1.000 1.000 0.002 1.000 0.019 0.003 1.000 0.005 0.999 1.000 1.000 0.000 1.000 0.007 0.226 1.000 0.283 1.000 1.000 1.000 0.334 1.000 0.341  
12.00 0.060 1.000 0.066 1.000 1.000 1.000 0.001 1.000 0.054 0.743 1.000 0.639 1.000 1.000 1.000 0.223 1.000 0.821 0.008 1.000 0.033 1.000 1.000 1.000 0.006 1.000 0.039 0.013 1.000 0.013 1.000 1.000 1.000 0.001 1.000 0.019 0.514 1.000 0.553 1.000 1.000 1.000 0.690 1.000 0.639  
12.50 0.204 1.000 0.117 1.000 1.000 1.000 0.003 1.000 0.156 0.920 1.000 0.812 1.000 1.000 1.000 0.488 1.000 0.930 0.018 1.000 0.054 1.000 1.000 1.000 0.019 1.000 0.073 0.044 1.000 0.030 1.000 1.000 1.000 0.002 1.000 0.047 0.780 1.000 0.784 1.000 1.000 1.000 0.894 1.000 0.839  
13.00 0.468 1.000 0.220 1.000 1.000 1.000 0.006 1.000 0.355 0.978 1.000 0.904 1.000 1.000 1.000 0.757 1.000 0.975 0.041 1.000 0.089 1.000 1.000 1.000 0.056 1.000 0.138 0.130 1.000 0.068 1.000 1.000 1.000 0.007 1.000 0.098 0.916 1.000 0.903 1.000 1.000 1.000 0.967 1.000 0.929  
13.50 0.731 1.000 0.417 1.000 1.000 1.000 0.015 1.000 0.601 0.994 1.000 0.951 1.000 1.000 1.000 0.906 1.000 0.991 0.103 1.000 0.162 1.000 1.000 1.000 0.160 1.000 0.277 0.300 1.000 0.129 1.000 1.000 1.000 0.019 1.000 0.146 0.966 1.000 0.954 1.000 1.000 1.000 0.990 1.000 0.964  
