   Residue Number     State  0     State  1     State  2     State  3     State  4 
-----------------------------------------------------------------------------------
Residue: GL4 4    1.000000 (0) 0.000000 (1) 0.000000 (1) 0.000000 (1) 0.000000 (1) 
Residue: TYR 14   0.197235 (1) 0.802765 (0) 
Residue: GL4 17   0.999982 (0) 0.000011 (1) 0.000002 (1) 0.000004 (1) 0.000001 (1) 
Residue: TYR 19   0.931559 (1) 0.068441 (0) 
Residue: HIP 26   0.000118 (2) 0.921433 (1) 0.078448 (1) 
Residue: HIP 31   0.000241 (2) 0.956987 (1) 0.042773 (1) 
Residue: GL4 34   0.999997 (0) 0.000000 (1) 0.000000 (1) 0.000003 (1) 0.000000 (1) 
Residue: TYR 37   0.875927 (1) 0.124073 (0) 
Residue: GL4 42   0.999987 (0) 0.000008 (1) 0.000003 (1) 0.000003 (1) 0.000000 (1) 
Residue: TYR 47   0.867658 (1) 0.132342 (0) 
Residue: LYS 50   0.444457 (3) 0.555543 (2) 
