   Residue Number     State  0     State  1     State  2     State  3     State  4 
-----------------------------------------------------------------------------------
Residue: GL4 4    0.999996 (0) 0.000003 (1) 0.000000 (1) 0.000002 (1) 0.000000 (1) 
Residue: TYR 14   0.440705 (1) 0.559295 (0) 
Residue: GL4 17   0.999975 (0) 0.000012 (1) 0.000001 (1) 0.000013 (1) 0.000000 (1) 
Residue: TYR 19   0.970827 (1) 0.029173 (0) 
Residue: HIP 26   0.000300 (2) 0.919633 (1) 0.080067 (1) 
Residue: HIP 31   0.000575 (2) 0.956115 (1) 0.043310 (1) 
Residue: GL4 34   0.999990 (0) 0.000003 (1) 0.000000 (1) 0.000007 (1) 0.000000 (1) 
Residue: TYR 37   0.954692 (1) 0.045308 (0) 
Residue: GL4 42   0.999969 (0) 0.000014 (1) 0.000000 (1) 0.000017 (1) 0.000000 (1) 
Residue: TYR 47   0.941055 (1) 0.058945 (0) 
Residue: LYS 50   0.693212 (3) 0.306788 (2) 
