   Residue Number     State  0     State  1     State  2     State  3     State  4 
-----------------------------------------------------------------------------------
Residue: GL4 4    1.000000 (0) 0.000000 (1) 0.000000 (1) 0.000000 (1) 0.000000 (1) 
Residue: TYR 14   0.026910 (1) 0.973090 (0) 
Residue: GL4 17   1.000000 (0) 0.000000 (1) 0.000000 (1) 0.000000 (1) 0.000000 (1) 
Residue: TYR 19   0.733042 (1) 0.266958 (0) 
Residue: HIP 26   0.000011 (2) 0.923696 (1) 0.076293 (1) 
Residue: HIP 31   0.000022 (2) 0.958443 (1) 0.041535 (1) 
Residue: GL4 34   0.999997 (0) 0.000000 (1) 0.000000 (1) 0.000003 (1) 0.000000 (1) 
Residue: TYR 37   0.435252 (1) 0.564748 (0) 
Residue: GL4 42   1.000000 (0) 0.000000 (1) 0.000000 (1) 0.000000 (1) 0.000000 (1) 
Residue: TYR 47   0.601142 (1) 0.398858 (0) 
Residue: LYS 50   0.114043 (3) 0.885957 (2) 
