   Residue Number     State  0     State  1     State  2     State  3     State  4 
-----------------------------------------------------------------------------------
Residue: GL4 4    1.000000 (0) 0.000000 (1) 0.000000 (1) 0.000000 (1) 0.000000 (1) 
Residue: TYR 14   0.074964 (1) 0.925036 (0) 
Residue: GL4 17   0.999997 (0) 0.000002 (1) 0.000000 (1) 0.000001 (1) 0.000000 (1) 
Residue: TYR 19   0.853417 (1) 0.146583 (0) 
Residue: HIP 26   0.000044 (2) 0.922996 (1) 0.076960 (1) 
Residue: HIP 31   0.000103 (2) 0.957992 (1) 0.041906 (1) 
Residue: GL4 34   0.999999 (0) 0.000000 (1) 0.000000 (1) 0.000001 (1) 0.000000 (1) 
Residue: TYR 37   0.699244 (1) 0.300756 (0) 
Residue: GL4 42   0.999999 (0) 0.000000 (1) 0.000000 (1) 0.000001 (1) 0.000000 (1) 
Residue: TYR 47   0.750748 (1) 0.249252 (0) 
Residue: LYS 50   0.238111 (3) 0.761889 (2) 
