   Residue Number     State  0     State  1     State  2     State  3     State  4 
-----------------------------------------------------------------------------------
Residue: GL4 4    1.000000 (0) 0.000000 (1) 0.000000 (1) 0.000000 (1) 0.000000 (1) 
Residue: TYR 14   0.003185 (1) 0.996815 (0) 
Residue: GL4 17   1.000000 (0) 0.000000 (1) 0.000000 (1) 0.000000 (1) 0.000000 (1) 
Residue: TYR 19   0.424041 (1) 0.575959 (0) 
Residue: HIP 26   0.000002 (2) 0.923902 (1) 0.076097 (1) 
Residue: HIP 31   0.000013 (2) 0.959797 (1) 0.040191 (1) 
Residue: GL4 34   1.000000 (0) 0.000000 (1) 0.000000 (1) 0.000000 (1) 0.000000 (1) 
Residue: TYR 37   0.082323 (1) 0.917677 (0) 
Residue: GL4 42   0.999999 (0) 0.000001 (1) 0.000000 (1) 0.000000 (1) 0.000000 (1) 
Residue: TYR 47   0.309868 (1) 0.690132 (0) 
Residue: LYS 50   0.019865 (3) 0.980135 (2) 
