   Residue Number     State  0     State  1     State  2     State  3     State  4 
-----------------------------------------------------------------------------------
Residue: GL4 4    1.000000 (0) 0.000000 (1) 0.000000 (1) 0.000000 (1) 0.000000 (1) 
Residue: TYR 14   0.009357 (1) 0.990643 (0) 
Residue: GL4 17   1.000000 (0) 0.000000 (1) 0.000000 (1) 0.000000 (1) 0.000000 (1) 
Residue: TYR 19   0.591227 (1) 0.408773 (0) 
Residue: HIP 26   0.000004 (2) 0.924216 (1) 0.075780 (1) 
Residue: HIP 31   0.000008 (2) 0.959550 (1) 0.040442 (1) 
Residue: GL4 34   0.999998 (0) 0.000001 (1) 0.000000 (1) 0.000000 (1) 0.000001 (1) 
Residue: TYR 37   0.206019 (1) 0.793981 (0) 
Residue: GL4 42   1.000000 (0) 0.000000 (1) 0.000000 (1) 0.000000 (1) 0.000000 (1) 
Residue: TYR 47   0.452188 (1) 0.547812 (0) 
Residue: LYS 50   0.048698 (3) 0.951302 (2) 
