   Residue Number     State  0     State  1     State  2     State  3     State  4 
-----------------------------------------------------------------------------------
Residue: GL4 4    1.000000 (0) 0.000000 (1) 0.000000 (1) 0.000000 (1) 0.000000 (1) 
Residue: TYR 14   0.001021 (1) 0.998979 (0) 
Residue: GL4 17   1.000000 (0) 0.000000 (1) 0.000000 (1) 0.000000 (1) 0.000000 (1) 
Residue: TYR 19   0.234994 (1) 0.765006 (0) 
Residue: HIP 26   0.000000 (2) 0.925458 (1) 0.074542 (1) 
Residue: HIP 31   0.000004 (2) 0.960377 (1) 0.039618 (1) 
Residue: GL4 34   1.000000 (0) 0.000000 (1) 0.000000 (1) 0.000000 (1) 0.000000 (1) 
Residue: TYR 37   0.030164 (1) 0.969836 (0) 
Residue: GL4 42   1.000000 (0) 0.000000 (1) 0.000000 (1) 0.000000 (1) 0.000000 (1) 
Residue: TYR 47   0.165863 (1) 0.834137 (0) 
Residue: LYS 50   0.007566 (3) 0.992434 (2) 
