   Residue Number     State  0     State  1     State  2     State  3     State  4 
-----------------------------------------------------------------------------------
Residue: GL4 4    1.000000 (0) 0.000000 (1) 0.000000 (1) 0.000000 (1) 0.000000 (1) 
Residue: TYR 14   0.000373 (1) 0.999627 (0) 
Residue: GL4 17   1.000000 (0) 0.000000 (1) 0.000000 (1) 0.000000 (1) 0.000000 (1) 
Residue: TYR 19   0.098113 (1) 0.901887 (0) 
Residue: HIP 26   0.000002 (2) 0.928767 (1) 0.071231 (1) 
Residue: HIP 31   0.000003 (2) 0.960728 (1) 0.039269 (1) 
Residue: GL4 34   1.000000 (0) 0.000000 (1) 0.000000 (1) 0.000000 (1) 0.000000 (1) 
Residue: TYR 37   0.010343 (1) 0.989657 (0) 
Residue: GL4 42   1.000000 (0) 0.000000 (1) 0.000000 (1) 0.000000 (1) 0.000000 (1) 
Residue: TYR 47   0.066894 (1) 0.933106 (0) 
Residue: LYS 50   0.002747 (3) 0.997253 (2) 
