   Residue Number     State  0     State  1     State  2     State  3     State  4 
-----------------------------------------------------------------------------------
Residue: GL4 4    0.017989 (0) 0.287189 (1) 0.189318 (1) 0.289915 (1) 0.215589 (1) 
Residue: TYR 14   1.000000 (1) 0.000000 (0) 
Residue: GL4 17   0.004061 (0) 0.455160 (1) 0.044213 (1) 0.451751 (1) 0.044814 (1) 
Residue: TYR 19   1.000000 (1) 0.000000 (0) 
Residue: HIP 26   0.999618 (2) 0.000303 (1) 0.000079 (1) 
Residue: HIP 31   0.999477 (2) 0.000465 (1) 0.000058 (1) 
Residue: GL4 34   0.019068 (0) 0.457757 (1) 0.030349 (1) 0.462486 (1) 0.030339 (1) 
Residue: TYR 37   1.000000 (1) 0.000000 (0) 
Residue: GL4 42   0.003988 (0) 0.459687 (1) 0.037581 (1) 0.461895 (1) 0.036850 (1) 
Residue: TYR 47   1.000000 (1) 0.000000 (0) 
Residue: LYS 50   1.000000 (3) 0.000000 (2) 
