   Residue Number     State  0     State  1     State  2     State  3     State  4 
-----------------------------------------------------------------------------------
Residue: GL4 4    0.006097 (0) 0.289869 (1) 0.191535 (1) 0.293690 (1) 0.218809 (1) 
Residue: TYR 14   1.000000 (1) 0.000000 (0) 
Residue: GL4 17   0.001190 (0) 0.456295 (1) 0.044210 (1) 0.453609 (1) 0.044696 (1) 
Residue: TYR 19   1.000000 (1) 0.000000 (0) 
Residue: HIP 26   0.999901 (2) 0.000078 (1) 0.000022 (1) 
Residue: HIP 31   0.999825 (2) 0.000154 (1) 0.000021 (1) 
Residue: GL4 34   0.006268 (0) 0.463953 (1) 0.030729 (1) 0.468283 (1) 0.030767 (1) 
Residue: TYR 37   1.000000 (1) 0.000000 (0) 
Residue: GL4 42   0.001261 (0) 0.461699 (1) 0.037571 (1) 0.462620 (1) 0.036849 (1) 
Residue: TYR 47   1.000000 (1) 0.000000 (0) 
Residue: LYS 50   1.000000 (3) 0.000000 (2) 
