   Residue Number     State  0     State  1     State  2     State  3     State  4 
-----------------------------------------------------------------------------------
Residue: GL4 4    0.051598 (0) 0.277394 (1) 0.183035 (1) 0.280040 (1) 0.207934 (1) 
Residue: TYR 14   1.000000 (1) 0.000000 (0) 
Residue: GL4 17   0.012105 (0) 0.450925 (1) 0.044346 (1) 0.447559 (1) 0.045066 (1) 
Residue: TYR 19   1.000000 (1) 0.000000 (0) 
Residue: HIP 26   0.998960 (2) 0.000864 (1) 0.000176 (1) 
Residue: HIP 31   0.998346 (2) 0.001433 (1) 0.000222 (1) 
Residue: GL4 34   0.057118 (0) 0.441310 (1) 0.029536 (1) 0.442781 (1) 0.029255 (1) 
Residue: TYR 37   1.000000 (1) 0.000000 (0) 
Residue: GL4 42   0.012317 (0) 0.455991 (1) 0.037351 (1) 0.457759 (1) 0.036583 (1) 
Residue: TYR 47   1.000000 (1) 0.000000 (0) 
Residue: LYS 50   1.000000 (3) 0.000000 (2) 
