   Residue Number     State  0     State  1     State  2     State  3     State  4 
-----------------------------------------------------------------------------------
Residue: GL4 4    0.138750 (0) 0.251053 (1) 0.167481 (1) 0.255147 (1) 0.187569 (1) 
Residue: TYR 14   1.000000 (1) 0.000000 (0) 
Residue: GL4 17   0.035198 (0) 0.438233 (1) 0.044245 (1) 0.437378 (1) 0.044947 (1) 
Residue: TYR 19   1.000000 (1) 0.000000 (0) 
Residue: HIP 26   0.997109 (2) 0.002416 (1) 0.000475 (1) 
Residue: HIP 31   0.995174 (2) 0.004253 (1) 0.000573 (1) 
Residue: GL4 34   0.161203 (0) 0.392903 (1) 0.026030 (1) 0.393529 (1) 0.026335 (1) 
Residue: TYR 37   1.000000 (1) 0.000000 (0) 
Residue: GL4 42   0.035863 (0) 0.447420 (1) 0.036479 (1) 0.444303 (1) 0.035935 (1) 
Residue: TYR 47   1.000000 (1) 0.000000 (0) 
Residue: LYS 50   0.999999 (3) 0.000001 (2) 
