   Residue Number     State  0     State  1     State  2     State  3     State  4 
-----------------------------------------------------------------------------------
Residue: GL4 4    0.319955 (0) 0.198090 (1) 0.133347 (1) 0.202326 (1) 0.146282 (1) 
Residue: TYR 14   0.999994 (1) 0.000006 (0) 
Residue: GL4 17   0.095010 (0) 0.410372 (1) 0.043424 (1) 0.406906 (1) 0.044288 (1) 
Residue: TYR 19   1.000000 (1) 0.000000 (0) 
Residue: HIP 26   0.992732 (2) 0.006170 (1) 0.001098 (1) 
Residue: HIP 31   0.988638 (2) 0.010050 (1) 0.001312 (1) 
Residue: GL4 34   0.366387 (0) 0.295836 (1) 0.020079 (1) 0.297830 (1) 0.019868 (1) 
Residue: TYR 37   1.000000 (1) 0.000000 (0) 
Residue: GL4 42   0.098262 (0) 0.419910 (1) 0.033927 (1) 0.414620 (1) 0.033281 (1) 
Residue: TYR 47   1.000000 (1) 0.000000 (0) 
Residue: LYS 50   0.999997 (3) 0.000003 (2) 
