   Residue Number     State  0     State  1     State  2     State  3     State  4 
-----------------------------------------------------------------------------------
Residue: GL4 4    0.572448 (0) 0.125873 (1) 0.084752 (1) 0.126708 (1) 0.090219 (1) 
Residue: TYR 14   0.999987 (1) 0.000013 (0) 
Residue: GL4 17   0.219423 (0) 0.350673 (1) 0.038971 (1) 0.349587 (1) 0.041347 (1) 
Residue: TYR 19   1.000000 (1) 0.000000 (0) 
Residue: HIP 26   0.982297 (2) 0.015324 (1) 0.002378 (1) 
Residue: HIP 31   0.977099 (2) 0.020538 (1) 0.002363 (1) 
Residue: GL4 34   0.627645 (0) 0.173854 (1) 0.011753 (1) 0.174933 (1) 0.011816 (1) 
Residue: TYR 37   0.999999 (1) 0.000001 (0) 
Residue: GL4 42   0.239634 (0) 0.354989 (1) 0.027776 (1) 0.350350 (1) 0.027252 (1) 
Residue: TYR 47   0.999999 (1) 0.000001 (0) 
Residue: LYS 50   0.999991 (3) 0.000009 (2) 
