   Residue Number     State  0     State  1     State  2     State  3     State  4 
-----------------------------------------------------------------------------------
Residue: GL4 4    0.780123 (0) 0.065645 (1) 0.044625 (1) 0.063366 (1) 0.046241 (1) 
Residue: TYR 14   0.999972 (1) 0.000028 (0) 
Residue: GL4 17   0.420111 (0) 0.259181 (1) 0.029780 (1) 0.259678 (1) 0.031250 (1) 
Residue: TYR 19   0.999998 (1) 0.000002 (0) 
Residue: HIP 26   0.957024 (2) 0.038013 (1) 0.004963 (1) 
Residue: HIP 31   0.956079 (2) 0.040233 (1) 0.003688 (1) 
Residue: GL4 34   0.821704 (0) 0.082843 (1) 0.005582 (1) 0.083993 (1) 0.005879 (1) 
Residue: TYR 37   1.000000 (1) 0.000000 (0) 
Residue: GL4 42   0.470080 (0) 0.248045 (1) 0.018900 (1) 0.244831 (1) 0.018144 (1) 
Residue: TYR 47   0.999996 (1) 0.000004 (0) 
Residue: LYS 50   0.999954 (3) 0.000046 (2) 
