   Residue Number     State  0     State  1     State  2     State  3     State  4 
-----------------------------------------------------------------------------------
Residue: GL4 4    0.897102 (0) 0.030423 (1) 0.020798 (1) 0.029536 (1) 0.022143 (1) 
Residue: TYR 14   0.999922 (1) 0.000078 (0) 
Residue: GL4 17   0.659676 (0) 0.152181 (1) 0.016933 (1) 0.152865 (1) 0.018345 (1) 
Residue: TYR 19   0.999997 (1) 0.000003 (0) 
Residue: HIP 26   0.892781 (2) 0.096471 (1) 0.010748 (1) 
Residue: HIP 31   0.908436 (2) 0.085313 (1) 0.006251 (1) 
Residue: GL4 34   0.919864 (0) 0.037450 (1) 0.002522 (1) 0.037266 (1) 0.002898 (1) 
Residue: TYR 37   0.999992 (1) 0.000008 (0) 
Residue: GL4 42   0.712532 (0) 0.134345 (1) 0.009700 (1) 0.133793 (1) 0.009629 (1) 
Residue: TYR 47   0.999996 (1) 0.000004 (0) 
Residue: LYS 50   0.999896 (3) 0.000104 (2) 
