   Residue Number     State  0     State  1     State  2     State  3     State  4 
-----------------------------------------------------------------------------------
Residue: GL4 4    0.980817 (0) 0.005525 (1) 0.003872 (1) 0.005851 (1) 0.003935 (1) 
Residue: TYR 14   0.999469 (1) 0.000531 (0) 
Residue: GL4 17   0.942279 (0) 0.026465 (1) 0.002665 (1) 0.026113 (1) 0.002478 (1) 
Residue: TYR 19   0.999986 (1) 0.000014 (0) 
Residue: HIP 26   0.475213 (2) 0.481811 (1) 0.042976 (1) 
Residue: HIP 31   0.581053 (2) 0.398374 (1) 0.020573 (1) 
Residue: GL4 34   0.979576 (0) 0.009330 (1) 0.000613 (1) 0.009658 (1) 0.000823 (1) 
Residue: TYR 37   0.999969 (1) 0.000031 (0) 
Residue: GL4 42   0.953062 (0) 0.021968 (1) 0.001494 (1) 0.022083 (1) 0.001393 (1) 
Residue: TYR 47   0.999959 (1) 0.000041 (0) 
Residue: LYS 50   0.999661 (3) 0.000339 (2) 
