   Residue Number     State  0     State  1     State  2     State  3     State  4 
-----------------------------------------------------------------------------------
Residue: GL4 4    0.955209 (0) 0.012931 (1) 0.008920 (1) 0.013153 (1) 0.009788 (1) 
Residue: TYR 14   0.999796 (1) 0.000204 (0) 
Residue: GL4 17   0.845845 (0) 0.068801 (1) 0.007748 (1) 0.069809 (1) 0.007797 (1) 
Residue: TYR 19   0.999991 (1) 0.000009 (0) 
Residue: HIP 26   0.736868 (2) 0.239999 (1) 0.023133 (1) 
Residue: HIP 31   0.797136 (2) 0.191215 (1) 0.011649 (1) 
Residue: GL4 34   0.961001 (0) 0.018031 (1) 0.001226 (1) 0.018243 (1) 0.001500 (1) 
Residue: TYR 37   0.999991 (1) 0.000009 (0) 
Residue: GL4 42   0.875822 (0) 0.057563 (1) 0.004028 (1) 0.058561 (1) 0.004027 (1) 
Residue: TYR 47   0.999980 (1) 0.000020 (0) 
Residue: LYS 50   0.999827 (3) 0.000173 (2) 
