   Residue Number     State  0     State  1     State  2     State  3     State  4 
-----------------------------------------------------------------------------------
Residue: GL4 4    0.992760 (0) 0.002094 (1) 0.001471 (1) 0.002221 (1) 0.001454 (1) 
Residue: TYR 14   0.998465 (1) 0.001535 (0) 
Residue: GL4 17   0.980250 (0) 0.009017 (1) 0.000798 (1) 0.009096 (1) 0.000839 (1) 
Residue: TYR 19   0.999947 (1) 0.000053 (0) 
Residue: HIP 26   0.219144 (2) 0.718241 (1) 0.062614 (1) 
Residue: HIP 31   0.317199 (2) 0.651687 (1) 0.031113 (1) 
Residue: GL4 34   0.989847 (0) 0.004658 (1) 0.000343 (1) 0.004764 (1) 0.000388 (1) 
Residue: TYR 37   0.999935 (1) 0.000065 (0) 
Residue: GL4 42   0.983727 (0) 0.007698 (1) 0.000467 (1) 0.007658 (1) 0.000449 (1) 
Residue: TYR 47   0.999933 (1) 0.000067 (0) 
Residue: LYS 50   0.999197 (3) 0.000803 (2) 
