   Residue Number     State  0     State  1     State  2     State  3     State  4 
-----------------------------------------------------------------------------------
Residue: GL4 4    0.997419 (0) 0.000758 (1) 0.000499 (1) 0.000804 (1) 0.000520 (1) 
Residue: TYR 14   0.995785 (1) 0.004215 (0) 
Residue: GL4 17   0.993567 (0) 0.002988 (1) 0.000242 (1) 0.002963 (1) 0.000242 (1) 
Residue: TYR 19   0.999800 (1) 0.000200 (0) 
Residue: HIP 26   0.076274 (2) 0.849632 (1) 0.074093 (1) 
Residue: HIP 31   0.129868 (2) 0.831857 (1) 0.038275 (1) 
Residue: GL4 34   0.995989 (0) 0.001901 (1) 0.000143 (1) 0.001811 (1) 0.000156 (1) 
Residue: TYR 37   0.999830 (1) 0.000170 (0) 
Residue: GL4 42   0.994374 (0) 0.002694 (1) 0.000133 (1) 0.002634 (1) 0.000164 (1) 
Residue: TYR 47   0.999701 (1) 0.000299 (0) 
Residue: LYS 50   0.997989 (3) 0.002011 (2) 
