   Residue Number     State  0     State  1     State  2     State  3     State  4 
-----------------------------------------------------------------------------------
Residue: GL4 4    0.999706 (0) 0.000079 (1) 0.000076 (1) 0.000093 (1) 0.000047 (1) 
Residue: TYR 14   0.963516 (1) 0.036484 (0) 
Residue: GL4 17   0.999411 (0) 0.000274 (1) 0.000023 (1) 0.000267 (1) 0.000026 (1) 
Residue: TYR 19   0.998507 (1) 0.001493 (0) 
Residue: HIP 26   0.007398 (2) 0.911597 (1) 0.081006 (1) 
Residue: HIP 31   0.015038 (2) 0.941844 (1) 0.043118 (1) 
Residue: GL4 34   0.999507 (0) 0.000229 (1) 0.000013 (1) 0.000214 (1) 0.000036 (1) 
Residue: TYR 37   0.998382 (1) 0.001618 (0) 
Residue: GL4 42   0.999441 (0) 0.000268 (1) 0.000017 (1) 0.000254 (1) 0.000021 (1) 
Residue: TYR 47   0.997502 (1) 0.002498 (0) 
Residue: LYS 50   0.984082 (3) 0.015918 (2) 
