   Residue Number     State  0     State  1     State  2     State  3     State  4 
-----------------------------------------------------------------------------------
Residue: GL4 4    0.999137 (0) 0.000253 (1) 0.000193 (1) 0.000266 (1) 0.000151 (1) 
Residue: TYR 14   0.987843 (1) 0.012157 (0) 
Residue: GL4 17   0.997951 (0) 0.000973 (1) 0.000095 (1) 0.000920 (1) 0.000061 (1) 
Residue: TYR 19   0.999466 (1) 0.000534 (0) 
Residue: HIP 26   0.023890 (2) 0.896777 (1) 0.079333 (1) 
Residue: HIP 31   0.044763 (2) 0.913328 (1) 0.041909 (1) 
Residue: GL4 34   0.998452 (0) 0.000741 (1) 0.000042 (1) 0.000693 (1) 0.000073 (1) 
Residue: TYR 37   0.999522 (1) 0.000478 (0) 
Residue: GL4 42   0.998304 (0) 0.000829 (1) 0.000045 (1) 0.000773 (1) 0.000049 (1) 
Residue: TYR 47   0.999152 (1) 0.000848 (0) 
Residue: LYS 50   0.994742 (3) 0.005258 (2) 
