   Residue Number     State  0     State  1     State  2     State  3     State  4 
-----------------------------------------------------------------------------------
Residue: GL4 4    0.999894 (0) 0.000022 (1) 0.000038 (1) 0.000037 (1) 0.000010 (1) 
Residue: TYR 14   0.893306 (1) 0.106694 (0) 
Residue: GL4 17   0.999779 (0) 0.000118 (1) 0.000006 (1) 0.000096 (1) 0.000001 (1) 
Residue: TYR 19   0.995834 (1) 0.004166 (0) 
Residue: HIP 26   0.002490 (2) 0.915832 (1) 0.081678 (1) 
Residue: HIP 31   0.005068 (2) 0.952108 (1) 0.042824 (1) 
Residue: GL4 34   0.999810 (0) 0.000075 (1) 0.000011 (1) 0.000080 (1) 0.000024 (1) 
Residue: TYR 37   0.994914 (1) 0.005086 (0) 
Residue: GL4 42   0.999803 (0) 0.000073 (1) 0.000003 (1) 0.000108 (1) 0.000013 (1) 
Residue: TYR 47   0.992595 (1) 0.007405 (0) 
Residue: LYS 50   0.954701 (3) 0.045299 (2) 
