   Residue Number     State  0     State  1     State  2     State  3     State  4 
-----------------------------------------------------------------------------------
Residue: GL4 4    0.999963 (0) 0.000008 (1) 0.000023 (1) 0.000004 (1) 0.000001 (1) 
Residue: TYR 14   0.721154 (1) 0.278846 (0) 
Residue: GL4 17   0.999916 (0) 0.000044 (1) 0.000002 (1) 0.000035 (1) 0.000003 (1) 
Residue: TYR 19   0.988589 (1) 0.011411 (0) 
Residue: HIP 26   0.000813 (2) 0.917772 (1) 0.081414 (1) 
Residue: HIP 31   0.001713 (2) 0.955680 (1) 0.042608 (1) 
Residue: GL4 34   0.999947 (0) 0.000030 (1) 0.000001 (1) 0.000009 (1) 0.000013 (1) 
Residue: TYR 37   0.984763 (1) 0.015237 (0) 
Residue: GL4 42   0.999888 (0) 0.000042 (1) 0.000004 (1) 0.000060 (1) 0.000006 (1) 
Residue: TYR 47   0.977778 (1) 0.022222 (0) 
Residue: LYS 50   0.872659 (3) 0.127341 (2) 
