# 1    2
# pH   Residue
2.00 0.006 0.000 0.001 0.000 0.000 0.000 0.006 0.000 0.001 0.000 0.000  
2.50 0.018 0.000 0.004 0.000 0.000 0.001 0.019 0.000 0.004 0.000 0.000  
3.00 0.052 0.000 0.012 0.000 0.001 0.002 0.057 0.000 0.012 0.000 0.000  
3.50 0.139 0.000 0.035 0.000 0.003 0.005 0.161 0.000 0.036 0.000 0.000  
4.00 0.320 0.000 0.095 0.000 0.007 0.011 0.366 0.000 0.098 0.000 0.000  
4.50 0.572 0.000 0.219 0.000 0.018 0.023 0.628 0.000 0.240 0.000 0.000  
5.00 0.780 0.000 0.420 0.000 0.043 0.044 0.822 0.000 0.470 0.000 0.000  
5.50 0.897 0.000 0.660 0.000 0.107 0.092 0.920 0.000 0.713 0.000 0.000  
6.00 0.955 0.000 0.846 0.000 0.263 0.203 0.961 0.000 0.876 0.000 0.000  
6.50 0.981 0.001 0.942 0.000 0.525 0.419 0.980 0.000 0.953 0.000 0.000  
7.00 0.993 0.002 0.980 0.000 0.781 0.683 0.990 0.000 0.984 0.000 0.001  
7.50 0.997 0.004 0.994 0.000 0.924 0.870 0.996 0.000 0.994 0.000 0.002  
8.00 0.999 0.012 0.998 0.001 0.976 0.955 0.998 0.000 0.998 0.001 0.005  
8.50 1.000 0.036 0.999 0.001 0.993 0.985 1.000 0.002 0.999 0.002 0.016  
9.00 1.000 0.107 1.000 0.004 0.998 0.995 1.000 0.005 1.000 0.007 0.045  
9.50 1.000 0.279 1.000 0.011 0.999 0.998 1.000 0.015 1.000 0.022 0.127  
10.00 1.000 0.559 1.000 0.029 1.000 0.999 1.000 0.045 1.000 0.059 0.307  
10.50 1.000 0.803 1.000 0.068 1.000 1.000 1.000 0.124 1.000 0.132 0.556  
11.00 1.000 0.925 1.000 0.147 1.000 1.000 1.000 0.301 1.000 0.249 0.762  
11.50 1.000 0.973 1.000 0.267 1.000 1.000 1.000 0.565 1.000 0.399 0.886  
12.00 1.000 0.991 1.000 0.409 1.000 1.000 1.000 0.794 1.000 0.548 0.951  
12.50 1.000 0.997 1.000 0.576 1.000 1.000 1.000 0.918 1.000 0.690 0.980  
13.00 1.000 0.999 1.000 0.765 1.000 1.000 1.000 0.970 1.000 0.834 0.992  
13.50 1.000 1.000 1.000 0.902 1.000 1.000 1.000 0.990 1.000 0.933 0.997  
