   Residue Number     State  0     State  1     State  2     State  3     State  4 
-----------------------------------------------------------------------------------
Residue: TYR 11   1.000000 (1) 0.000000 (0) 
Residue: GL4 14   0.001291 (0) 0.459421 (1) 0.041543 (1) 0.459637 (1) 0.038108 (1) 
Residue: TYR 16   1.000000 (1) 0.000000 (0) 
Residue: HIP 20   0.999994 (2) 0.000006 (1) 0.000000 (1) 
Residue: HIP 25   0.999986 (2) 0.000014 (1) 0.000000 (1) 
Residue: GL4 28   0.019392 (0) 0.427113 (1) 0.053674 (1) 0.432686 (1) 0.067135 (1) 
Residue: TYR 31   1.000000 (1) 0.000000 (0) 
Residue: GL4 36   0.000313 (0) 0.442320 (1) 0.060765 (1) 0.436095 (1) 0.060508 (1) 
Residue: TYR 41   1.000000 (1) 0.000000 (0) 
Residue: TYR 54   1.000000 (1) 0.000000 (0) 
Residue: GL4 57   0.000062 (0) 0.435994 (1) 0.065248 (1) 0.438975 (1) 0.059722 (1) 
Residue: TYR 59   1.000000 (1) 0.000000 (0) 
Residue: HIP 63   1.000000 (2) 0.000000 (1) 0.000000 (1) 
Residue: HIP 68   0.999997 (2) 0.000003 (1) 0.000001 (1) 
Residue: GL4 71   0.000373 (0) 0.451955 (1) 0.045448 (1) 0.473750 (1) 0.028475 (1) 
Residue: TYR 74   1.000000 (1) 0.000000 (0) 
Residue: GL4 79   0.000212 (0) 0.449937 (1) 0.049326 (1) 0.451468 (1) 0.049058 (1) 
Residue: TYR 84   1.000000 (1) 0.000000 (0) 
Residue: TYR 97   1.000000 (1) 0.000000 (0) 
Residue: GL4 100  0.000099 (0) 0.412807 (1) 0.069997 (1) 0.447653 (1) 0.069444 (1) 
Residue: TYR 102  1.000000 (1) 0.000000 (0) 
Residue: HIP 106  0.999997 (2) 0.000003 (1) 0.000001 (1) 
Residue: HIP 111  1.000000 (2) 0.000000 (1) 0.000000 (1) 
Residue: GL4 114  0.004946 (0) 0.483357 (1) 0.041488 (1) 0.429243 (1) 0.040967 (1) 
Residue: TYR 117  1.000000 (1) 0.000000 (0) 
Residue: GL4 122  0.000008 (0) 0.414280 (1) 0.084098 (1) 0.417979 (1) 0.083635 (1) 
Residue: TYR 127  1.000000 (1) 0.000000 (0) 
Residue: TYR 140  0.999999 (1) 0.000001 (0) 
Residue: GL4 143  0.000735 (0) 0.459238 (1) 0.038750 (1) 0.466807 (1) 0.034470 (1) 
Residue: TYR 145  1.000000 (1) 0.000000 (0) 
Residue: HIP 149  0.999967 (2) 0.000033 (1) 0.000000 (1) 
Residue: HIP 154  0.999994 (2) 0.000005 (1) 0.000001 (1) 
Residue: GL4 157  0.141524 (0) 0.408141 (1) 0.018056 (1) 0.416741 (1) 0.015538 (1) 
Residue: TYR 160  1.000000 (1) 0.000000 (0) 
Residue: GL4 165  0.001564 (0) 0.467402 (1) 0.030309 (1) 0.469122 (1) 0.031603 (1) 
Residue: TYR 170  1.000000 (1) 0.000000 (0) 
