   Residue Number     State  0     State  1     State  2     State  3     State  4 
-----------------------------------------------------------------------------------
Residue: TYR 11   1.000000 (1) 0.000000 (0) 
Residue: GL4 14   0.003521 (0) 0.459440 (1) 0.038643 (1) 0.461857 (1) 0.036539 (1) 
Residue: TYR 16   1.000000 (1) 0.000000 (0) 
Residue: HIP 20   0.999972 (2) 0.000028 (1) 0.000000 (1) 
Residue: HIP 25   0.999956 (2) 0.000041 (1) 0.000003 (1) 
Residue: GL4 28   0.045683 (0) 0.388424 (1) 0.074236 (1) 0.390682 (1) 0.100974 (1) 
Residue: TYR 31   1.000000 (1) 0.000000 (0) 
Residue: GL4 36   0.000676 (0) 0.445100 (1) 0.060410 (1) 0.433651 (1) 0.060163 (1) 
Residue: TYR 41   1.000000 (1) 0.000000 (0) 
Residue: TYR 54   1.000000 (1) 0.000000 (0) 
Residue: GL4 57   0.000140 (0) 0.436443 (1) 0.064218 (1) 0.439921 (1) 0.059278 (1) 
Residue: TYR 59   1.000000 (1) 0.000000 (0) 
Residue: HIP 63   0.999996 (2) 0.000004 (1) 0.000000 (1) 
Residue: HIP 68   0.999995 (2) 0.000004 (1) 0.000001 (1) 
Residue: GL4 71   0.000918 (0) 0.441935 (1) 0.055832 (1) 0.466699 (1) 0.034617 (1) 
Residue: TYR 74   1.000000 (1) 0.000000 (0) 
Residue: GL4 79   0.000553 (0) 0.450575 (1) 0.048367 (1) 0.451164 (1) 0.049343 (1) 
Residue: TYR 84   1.000000 (1) 0.000000 (0) 
Residue: TYR 97   1.000000 (1) 0.000000 (0) 
Residue: GL4 100  0.000253 (0) 0.410447 (1) 0.068857 (1) 0.451820 (1) 0.068623 (1) 
Residue: TYR 102  1.000000 (1) 0.000000 (0) 
Residue: HIP 106  0.999992 (2) 0.000006 (1) 0.000003 (1) 
Residue: HIP 111  0.999989 (2) 0.000011 (1) 0.000000 (1) 
Residue: GL4 114  0.010328 (0) 0.474235 (1) 0.041313 (1) 0.431185 (1) 0.042938 (1) 
Residue: TYR 117  1.000000 (1) 0.000000 (0) 
Residue: GL4 122  0.000034 (0) 0.417252 (1) 0.084160 (1) 0.415544 (1) 0.083010 (1) 
Residue: TYR 127  1.000000 (1) 0.000000 (0) 
Residue: TYR 140  1.000000 (1) 0.000000 (0) 
Residue: GL4 143  0.002110 (0) 0.459979 (1) 0.036753 (1) 0.468595 (1) 0.032563 (1) 
Residue: TYR 145  1.000000 (1) 0.000000 (0) 
Residue: HIP 149  0.999889 (2) 0.000111 (1) 0.000000 (1) 
Residue: HIP 154  0.999978 (2) 0.000018 (1) 0.000004 (1) 
Residue: GL4 157  0.334978 (0) 0.309759 (1) 0.016513 (1) 0.318544 (1) 0.020206 (1) 
Residue: TYR 160  0.999999 (1) 0.000001 (0) 
Residue: GL4 165  0.004595 (0) 0.464239 (1) 0.031184 (1) 0.468405 (1) 0.031578 (1) 
Residue: TYR 170  1.000000 (1) 0.000000 (0) 
