   Residue Number     State  0     State  1     State  2     State  3     State  4 
-----------------------------------------------------------------------------------
Residue: TYR 11   1.000000 (1) 0.000000 (0) 
Residue: GL4 14   0.009110 (0) 0.456810 (1) 0.035291 (1) 0.463144 (1) 0.035645 (1) 
Residue: TYR 16   1.000000 (1) 0.000000 (0) 
Residue: HIP 20   0.999934 (2) 0.000066 (1) 0.000000 (1) 
Residue: HIP 25   0.999865 (2) 0.000125 (1) 0.000010 (1) 
Residue: GL4 28   0.077499 (0) 0.336440 (1) 0.096873 (1) 0.347870 (1) 0.141317 (1) 
Residue: TYR 31   1.000000 (1) 0.000000 (0) 
Residue: GL4 36   0.001858 (0) 0.444660 (1) 0.061611 (1) 0.430857 (1) 0.061015 (1) 
Residue: TYR 41   1.000000 (1) 0.000000 (0) 
Residue: TYR 54   1.000000 (1) 0.000000 (0) 
Residue: GL4 57   0.000441 (0) 0.437105 (1) 0.062778 (1) 0.441166 (1) 0.058510 (1) 
Residue: TYR 59   1.000000 (1) 0.000000 (0) 
Residue: HIP 63   0.999994 (2) 0.000006 (1) 0.000000 (1) 
Residue: HIP 68   0.999975 (2) 0.000010 (1) 0.000015 (1) 
Residue: GL4 71   0.001823 (0) 0.427880 (1) 0.067677 (1) 0.461027 (1) 0.041593 (1) 
Residue: TYR 74   1.000000 (1) 0.000000 (0) 
Residue: GL4 79   0.001366 (0) 0.448110 (1) 0.048254 (1) 0.452379 (1) 0.049891 (1) 
Residue: TYR 84   1.000000 (1) 0.000000 (0) 
Residue: TYR 97   1.000000 (1) 0.000000 (0) 
Residue: GL4 100  0.000565 (0) 0.405421 (1) 0.068432 (1) 0.457168 (1) 0.068414 (1) 
Residue: TYR 102  1.000000 (1) 0.000000 (0) 
Residue: HIP 106  0.999976 (2) 0.000018 (1) 0.000006 (1) 
Residue: HIP 111  0.999969 (2) 0.000029 (1) 0.000002 (1) 
Residue: GL4 114  0.016704 (0) 0.460264 (1) 0.041527 (1) 0.436963 (1) 0.044543 (1) 
Residue: TYR 117  1.000000 (1) 0.000000 (0) 
Residue: GL4 122  0.000132 (0) 0.420070 (1) 0.083620 (1) 0.414320 (1) 0.081858 (1) 
Residue: TYR 127  1.000000 (1) 0.000000 (0) 
Residue: TYR 140  1.000000 (1) 0.000000 (0) 
Residue: GL4 143  0.005363 (0) 0.461198 (1) 0.034563 (1) 0.468488 (1) 0.030389 (1) 
Residue: TYR 145  1.000000 (1) 0.000000 (0) 
Residue: HIP 149  0.999819 (2) 0.000176 (1) 0.000005 (1) 
Residue: HIP 154  0.999946 (2) 0.000038 (1) 0.000016 (1) 
Residue: GL4 157  0.571267 (0) 0.188983 (1) 0.015969 (1) 0.197953 (1) 0.025828 (1) 
Residue: TYR 160  0.999999 (1) 0.000001 (0) 
Residue: GL4 165  0.011528 (0) 0.459701 (1) 0.031878 (1) 0.465192 (1) 0.031701 (1) 
Residue: TYR 170  1.000000 (1) 0.000000 (0) 
