   Residue Number     State  0     State  1     State  2     State  3     State  4 
-----------------------------------------------------------------------------------
Residue: TYR 11   1.000000 (1) 0.000000 (0) 
Residue: GL4 14   0.024378 (0) 0.447020 (1) 0.035981 (1) 0.455981 (1) 0.036640 (1) 
Residue: TYR 16   1.000000 (1) 0.000000 (0) 
Residue: HIP 20   0.999799 (2) 0.000200 (1) 0.000001 (1) 
Residue: HIP 25   0.999562 (2) 0.000384 (1) 0.000054 (1) 
Residue: GL4 28   0.101649 (0) 0.301444 (1) 0.110670 (1) 0.318751 (1) 0.167486 (1) 
Residue: TYR 31   1.000000 (1) 0.000000 (0) 
Residue: GL4 36   0.005363 (0) 0.438071 (1) 0.067404 (1) 0.422967 (1) 0.066194 (1) 
Residue: TYR 41   1.000000 (1) 0.000000 (0) 
Residue: TYR 54   1.000000 (1) 0.000000 (0) 
Residue: GL4 57   0.001305 (0) 0.435881 (1) 0.065412 (1) 0.435154 (1) 0.062248 (1) 
Residue: TYR 59   1.000000 (1) 0.000000 (0) 
Residue: HIP 63   0.999967 (2) 0.000025 (1) 0.000008 (1) 
Residue: HIP 68   0.999927 (2) 0.000055 (1) 0.000018 (1) 
Residue: GL4 71   0.003483 (0) 0.418219 (1) 0.075410 (1) 0.456149 (1) 0.046739 (1) 
Residue: TYR 74   1.000000 (1) 0.000000 (0) 
Residue: GL4 79   0.003887 (0) 0.444560 (1) 0.050097 (1) 0.449430 (1) 0.052028 (1) 
Residue: TYR 84   1.000000 (1) 0.000000 (0) 
Residue: TYR 97   1.000000 (1) 0.000000 (0) 
Residue: GL4 100  0.001458 (0) 0.404385 (1) 0.068399 (1) 0.457715 (1) 0.068042 (1) 
Residue: TYR 102  1.000000 (1) 0.000000 (0) 
Residue: HIP 106  0.999943 (2) 0.000049 (1) 0.000008 (1) 
Residue: HIP 111  0.999914 (2) 0.000078 (1) 0.000008 (1) 
Residue: GL4 114  0.021543 (0) 0.454429 (1) 0.042558 (1) 0.435565 (1) 0.045906 (1) 
Residue: TYR 117  1.000000 (1) 0.000000 (0) 
Residue: GL4 122  0.000410 (0) 0.421440 (1) 0.082600 (1) 0.413479 (1) 0.082071 (1) 
Residue: TYR 127  1.000000 (1) 0.000000 (0) 
Residue: TYR 140  1.000000 (1) 0.000000 (0) 
Residue: GL4 143  0.014536 (0) 0.460668 (1) 0.033165 (1) 0.463089 (1) 0.028543 (1) 
Residue: TYR 145  1.000000 (1) 0.000000 (0) 
Residue: HIP 149  0.999754 (2) 0.000241 (1) 0.000005 (1) 
Residue: HIP 154  0.999813 (2) 0.000136 (1) 0.000051 (1) 
Residue: GL4 157  0.736256 (0) 0.106245 (1) 0.015622 (1) 0.112608 (1) 0.029269 (1) 
Residue: TYR 160  1.000000 (1) 0.000000 (0) 
Residue: GL4 165  0.031826 (0) 0.448987 (1) 0.032366 (1) 0.455552 (1) 0.031269 (1) 
Residue: TYR 170  1.000000 (1) 0.000000 (0) 
