   Residue Number     State  0     State  1     State  2     State  3     State  4 
-----------------------------------------------------------------------------------
Residue: TYR 11   0.999757 (1) 0.000243 (0) 
Residue: GL4 14   0.999562 (0) 0.000053 (1) 0.000165 (1) 0.000046 (1) 0.000175 (1) 
Residue: TYR 16   0.997070 (1) 0.002930 (0) 
Residue: HIP 20   0.002066 (2) 0.995392 (1) 0.002543 (1) 
Residue: HIP 25   0.000628 (2) 0.922140 (1) 0.077232 (1) 
Residue: GL4 28   0.998887 (0) 0.000453 (1) 0.000112 (1) 0.000488 (1) 0.000060 (1) 
Residue: TYR 31   0.999897 (1) 0.000103 (0) 
Residue: GL4 36   0.999005 (0) 0.000428 (1) 0.000167 (1) 0.000263 (1) 0.000137 (1) 
Residue: TYR 41   0.999339 (1) 0.000661 (0) 
Residue: TYR 54   0.980931 (1) 0.019069 (0) 
Residue: GL4 57   0.999741 (0) 0.000033 (1) 0.000134 (1) 0.000024 (1) 0.000068 (1) 
Residue: TYR 59   0.976647 (1) 0.023353 (0) 
Residue: HIP 63   0.004510 (2) 0.957871 (1) 0.037619 (1) 
Residue: HIP 68   0.001698 (2) 0.914414 (1) 0.083888 (1) 
Residue: GL4 71   0.999841 (0) 0.000078 (1) 0.000024 (1) 0.000053 (1) 0.000005 (1) 
Residue: TYR 74   0.996509 (1) 0.003491 (0) 
Residue: GL4 79   0.999851 (0) 0.000019 (1) 0.000052 (1) 0.000028 (1) 0.000050 (1) 
Residue: TYR 84   0.979541 (1) 0.020459 (0) 
Residue: TYR 97   0.990662 (1) 0.009338 (0) 
Residue: GL4 100  0.999713 (0) 0.000072 (1) 0.000081 (1) 0.000071 (1) 0.000063 (1) 
Residue: TYR 102  0.995642 (1) 0.004358 (0) 
Residue: HIP 106  0.001054 (2) 0.974687 (1) 0.024258 (1) 
Residue: HIP 111  0.001411 (2) 0.801632 (1) 0.196957 (1) 
Residue: GL4 114  0.999658 (0) 0.000104 (1) 0.000084 (1) 0.000060 (1) 0.000093 (1) 
Residue: TYR 117  0.994105 (1) 0.005895 (0) 
Residue: GL4 122  0.998677 (0) 0.000052 (1) 0.000492 (1) 0.000044 (1) 0.000735 (1) 
Residue: TYR 127  0.995077 (1) 0.004923 (0) 
Residue: TYR 140  0.999817 (1) 0.000183 (0) 
Residue: GL4 143  0.999526 (0) 0.000158 (1) 0.000118 (1) 0.000137 (1) 0.000063 (1) 
Residue: TYR 145  0.999644 (1) 0.000356 (0) 
Residue: HIP 149  0.001593 (2) 0.977175 (1) 0.021232 (1) 
Residue: HIP 154  0.001037 (2) 0.883161 (1) 0.115803 (1) 
Residue: GL4 157  0.999692 (0) 0.000078 (1) 0.000026 (1) 0.000199 (1) 0.000005 (1) 
Residue: TYR 160  0.999963 (1) 0.000037 (0) 
Residue: GL4 165  0.999662 (0) 0.000092 (1) 0.000092 (1) 0.000114 (1) 0.000041 (1) 
Residue: TYR 170  0.999274 (1) 0.000726 (0) 
