   Residue Number     State  0     State  1     State  2     State  3     State  4 
-----------------------------------------------------------------------------------
Residue: TYR 11   0.999177 (1) 0.000823 (0) 
Residue: GL4 14   0.999822 (0) 0.000019 (1) 0.000066 (1) 0.000023 (1) 0.000070 (1) 
Residue: TYR 16   0.991050 (1) 0.008950 (0) 
Residue: HIP 20   0.000647 (2) 0.996645 (1) 0.002708 (1) 
Residue: HIP 25   0.000217 (2) 0.921325 (1) 0.078458 (1) 
Residue: GL4 28   0.999655 (0) 0.000150 (1) 0.000030 (1) 0.000149 (1) 0.000016 (1) 
Residue: TYR 31   0.999646 (1) 0.000354 (0) 
Residue: GL4 36   0.999646 (0) 0.000176 (1) 0.000040 (1) 0.000083 (1) 0.000055 (1) 
Residue: TYR 41   0.997985 (1) 0.002015 (0) 
Residue: TYR 54   0.941682 (1) 0.058318 (0) 
Residue: GL4 57   0.999927 (0) 0.000008 (1) 0.000034 (1) 0.000011 (1) 0.000021 (1) 
Residue: TYR 59   0.929148 (1) 0.070852 (0) 
Residue: HIP 63   0.001546 (2) 0.960588 (1) 0.037866 (1) 
Residue: HIP 68   0.000505 (2) 0.915947 (1) 0.083548 (1) 
Residue: GL4 71   0.999937 (0) 0.000021 (1) 0.000022 (1) 0.000018 (1) 0.000003 (1) 
Residue: TYR 74   0.989087 (1) 0.010913 (0) 
Residue: GL4 79   0.999976 (0) 0.000002 (1) 0.000010 (1) 0.000008 (1) 0.000005 (1) 
Residue: TYR 84   0.937073 (1) 0.062927 (0) 
Residue: TYR 97   0.970473 (1) 0.029527 (0) 
Residue: GL4 100  0.999913 (0) 0.000030 (1) 0.000025 (1) 0.000014 (1) 0.000018 (1) 
Residue: TYR 102  0.986002 (1) 0.013998 (0) 
Residue: HIP 106  0.000286 (2) 0.975716 (1) 0.023998 (1) 
Residue: HIP 111  0.000456 (2) 0.804924 (1) 0.194620 (1) 
Residue: GL4 114  0.999871 (0) 0.000033 (1) 0.000025 (1) 0.000023 (1) 0.000048 (1) 
Residue: TYR 117  0.981095 (1) 0.018905 (0) 
Residue: GL4 122  0.999528 (0) 0.000022 (1) 0.000186 (1) 0.000024 (1) 0.000240 (1) 
Residue: TYR 127  0.984787 (1) 0.015213 (0) 
Residue: TYR 140  0.999395 (1) 0.000605 (0) 
Residue: GL4 143  0.999867 (0) 0.000046 (1) 0.000025 (1) 0.000040 (1) 0.000023 (1) 
Residue: TYR 145  0.998942 (1) 0.001058 (0) 
Residue: HIP 149  0.000515 (2) 0.978847 (1) 0.020638 (1) 
Residue: HIP 154  0.000345 (2) 0.883393 (1) 0.116262 (1) 
Residue: GL4 157  0.999907 (0) 0.000025 (1) 0.000005 (1) 0.000063 (1) 0.000000 (1) 
Residue: TYR 160  0.999873 (1) 0.000127 (0) 
Residue: GL4 165  0.999890 (0) 0.000033 (1) 0.000025 (1) 0.000041 (1) 0.000011 (1) 
Residue: TYR 170  0.997784 (1) 0.002216 (0) 
