   Residue Number     State  0     State  1     State  2     State  3     State  4 
-----------------------------------------------------------------------------------
Residue: TYR 11   0.983173 (1) 0.016827 (0) 
Residue: GL4 14   0.999975 (0) 0.000000 (1) 0.000005 (1) 0.000005 (1) 0.000015 (1) 
Residue: TYR 16   0.944839 (1) 0.055161 (0) 
Residue: HIP 20   0.000093 (2) 0.996669 (1) 0.003238 (1) 
Residue: HIP 25   0.000030 (2) 0.915023 (1) 0.084947 (1) 
Residue: GL4 28   0.999978 (0) 0.000006 (1) 0.000000 (1) 0.000016 (1) 0.000000 (1) 
Residue: TYR 31   0.996862 (1) 0.003138 (0) 
Residue: GL4 36   0.999957 (0) 0.000019 (1) 0.000001 (1) 0.000013 (1) 0.000010 (1) 
Residue: TYR 41   0.980623 (1) 0.019377 (0) 
Residue: TYR 54   0.592458 (1) 0.407542 (0) 
Residue: GL4 57   0.999993 (0) 0.000003 (1) 0.000003 (1) 0.000001 (1) 0.000000 (1) 
Residue: TYR 59   0.586952 (1) 0.413048 (0) 
Residue: HIP 63   0.000211 (2) 0.960031 (1) 0.039758 (1) 
Residue: HIP 68   0.000057 (2) 0.918647 (1) 0.081297 (1) 
Residue: GL4 71   0.999987 (0) 0.000008 (1) 0.000001 (1) 0.000005 (1) 0.000000 (1) 
Residue: TYR 74   0.899503 (1) 0.100497 (0) 
Residue: GL4 79   1.000000 (0) 0.000000 (1) 0.000000 (1) 0.000000 (1) 0.000000 (1) 
Residue: TYR 84   0.576140 (1) 0.423860 (0) 
Residue: TYR 97   0.742339 (1) 0.257661 (0) 
Residue: GL4 100  0.999996 (0) 0.000000 (1) 0.000004 (1) 0.000000 (1) 0.000000 (1) 
Residue: TYR 102  0.879417 (1) 0.120583 (0) 
Residue: HIP 106  0.000039 (2) 0.975130 (1) 0.024831 (1) 
Residue: HIP 111  0.000043 (2) 0.809778 (1) 0.190178 (1) 
Residue: GL4 114  0.999979 (0) 0.000008 (1) 0.000005 (1) 0.000003 (1) 0.000005 (1) 
Residue: TYR 117  0.809837 (1) 0.190163 (0) 
Residue: GL4 122  0.999971 (0) 0.000003 (1) 0.000000 (1) 0.000001 (1) 0.000025 (1) 
Residue: TYR 127  0.864797 (1) 0.135203 (0) 
Residue: TYR 140  0.993916 (1) 0.006084 (0) 
Residue: GL4 143  0.999966 (0) 0.000010 (1) 0.000000 (1) 0.000008 (1) 0.000016 (1) 
Residue: TYR 145  0.991760 (1) 0.008240 (0) 
Residue: HIP 149  0.000058 (2) 0.978641 (1) 0.021302 (1) 
Residue: HIP 154  0.000034 (2) 0.880609 (1) 0.119357 (1) 
Residue: GL4 157  0.999997 (0) 0.000001 (1) 0.000000 (1) 0.000002 (1) 0.000000 (1) 
Residue: TYR 160  0.998498 (1) 0.001502 (0) 
Residue: GL4 165  0.999984 (0) 0.000005 (1) 0.000000 (1) 0.000006 (1) 0.000005 (1) 
Residue: TYR 170  0.981551 (1) 0.018449 (0) 
