   Residue Number     State  0     State  1     State  2     State  3     State  4 
-----------------------------------------------------------------------------------
Residue: TYR 11   0.996619 (1) 0.003381 (0) 
Residue: GL4 14   0.999934 (0) 0.000007 (1) 0.000030 (1) 0.000004 (1) 0.000025 (1) 
Residue: TYR 16   0.975794 (1) 0.024206 (0) 
Residue: HIP 20   0.000214 (2) 0.997071 (1) 0.002715 (1) 
Residue: HIP 25   0.000076 (2) 0.919291 (1) 0.080633 (1) 
Residue: GL4 28   0.999903 (0) 0.000043 (1) 0.000018 (1) 0.000031 (1) 0.000005 (1) 
Residue: TYR 31   0.998926 (1) 0.001074 (0) 
Residue: GL4 36   0.999910 (0) 0.000046 (1) 0.000005 (1) 0.000019 (1) 0.000020 (1) 
Residue: TYR 41   0.993873 (1) 0.006127 (0) 
Residue: TYR 54   0.834430 (1) 0.165570 (0) 
Residue: GL4 57   0.999981 (0) 0.000002 (1) 0.000018 (1) 0.000000 (1) 0.000000 (1) 
Residue: TYR 59   0.807857 (1) 0.192143 (0) 
Residue: HIP 63   0.000588 (2) 0.960957 (1) 0.038455 (1) 
Residue: HIP 68   0.000187 (2) 0.917327 (1) 0.082487 (1) 
Residue: GL4 71   0.999990 (0) 0.000003 (1) 0.000000 (1) 0.000007 (1) 0.000000 (1) 
Residue: TYR 74   0.965902 (1) 0.034098 (0) 
Residue: GL4 79   0.999982 (0) 0.000008 (1) 0.000000 (1) 0.000010 (1) 0.000000 (1) 
Residue: TYR 84   0.821378 (1) 0.178622 (0) 
Residue: TYR 97   0.909202 (1) 0.090798 (0) 
Residue: GL4 100  0.999948 (0) 0.000016 (1) 0.000013 (1) 0.000006 (1) 0.000017 (1) 
Residue: TYR 102  0.958077 (1) 0.041923 (0) 
Residue: HIP 106  0.000130 (2) 0.976102 (1) 0.023768 (1) 
Residue: HIP 111  0.000155 (2) 0.808472 (1) 0.191373 (1) 
Residue: GL4 114  0.999951 (0) 0.000015 (1) 0.000018 (1) 0.000003 (1) 0.000013 (1) 
Residue: TYR 117  0.939249 (1) 0.060751 (0) 
Residue: GL4 122  0.999857 (0) 0.000008 (1) 0.000040 (1) 0.000011 (1) 0.000085 (1) 
Residue: TYR 127  0.954043 (1) 0.045957 (0) 
Residue: TYR 140  0.998152 (1) 0.001848 (0) 
Residue: GL4 143  0.999953 (0) 0.000003 (1) 0.000005 (1) 0.000021 (1) 0.000018 (1) 
Residue: TYR 145  0.996857 (1) 0.003143 (0) 
Residue: HIP 149  0.000157 (2) 0.979656 (1) 0.020188 (1) 
Residue: HIP 154  0.000109 (2) 0.882322 (1) 0.117568 (1) 
Residue: GL4 157  0.999962 (0) 0.000006 (1) 0.000000 (1) 0.000033 (1) 0.000000 (1) 
Residue: TYR 160  0.999541 (1) 0.000459 (0) 
Residue: GL4 165  0.999944 (0) 0.000016 (1) 0.000005 (1) 0.000025 (1) 0.000010 (1) 
Residue: TYR 170  0.993362 (1) 0.006638 (0) 
