   Residue Number     State  0     State  1     State  2     State  3     State  4 
-----------------------------------------------------------------------------------
Residue: TYR 11   0.908623 (1) 0.091377 (0) 
Residue: GL4 14   0.999993 (0) 0.000001 (1) 0.000000 (1) 0.000006 (1) 0.000000 (1) 
Residue: TYR 16   0.896641 (1) 0.103359 (0) 
Residue: HIP 20   0.000043 (2) 0.995072 (1) 0.004885 (1) 
Residue: HIP 25   0.000011 (2) 0.908703 (1) 0.091286 (1) 
Residue: GL4 28   0.999994 (0) 0.000003 (1) 0.000000 (1) 0.000003 (1) 0.000000 (1) 
Residue: TYR 31   0.992502 (1) 0.007498 (0) 
Residue: GL4 36   0.999993 (0) 0.000002 (1) 0.000000 (1) 0.000005 (1) 0.000000 (1) 
Residue: TYR 41   0.937116 (1) 0.062884 (0) 
Residue: TYR 54   0.257538 (1) 0.742462 (0) 
Residue: GL4 57   0.999990 (0) 0.000006 (1) 0.000000 (1) 0.000004 (1) 0.000000 (1) 
Residue: TYR 59   0.358135 (1) 0.641865 (0) 
Residue: HIP 63   0.000082 (2) 0.961907 (1) 0.038012 (1) 
Residue: HIP 68   0.000020 (2) 0.922544 (1) 0.077436 (1) 
Residue: GL4 71   0.999992 (0) 0.000005 (1) 0.000000 (1) 0.000003 (1) 0.000000 (1) 
Residue: TYR 74   0.736727 (1) 0.263273 (0) 
Residue: GL4 79   0.999998 (0) 0.000000 (1) 0.000001 (1) 0.000001 (1) 0.000000 (1) 
Residue: TYR 84   0.273342 (1) 0.726658 (0) 
Residue: TYR 97   0.440575 (1) 0.559425 (0) 
Residue: GL4 100  0.999982 (0) 0.000003 (1) 0.000014 (1) 0.000000 (1) 0.000002 (1) 
Residue: TYR 102  0.702394 (1) 0.297606 (0) 
Residue: HIP 106  0.000018 (2) 0.971380 (1) 0.028602 (1) 
Residue: HIP 111  0.000018 (2) 0.816862 (1) 0.183120 (1) 
Residue: GL4 114  0.999995 (0) 0.000003 (1) 0.000000 (1) 0.000003 (1) 0.000000 (1) 
Residue: TYR 117  0.507095 (1) 0.492905 (0) 
Residue: GL4 122  1.000000 (0) 0.000000 (1) 0.000000 (1) 0.000000 (1) 0.000000 (1) 
Residue: TYR 127  0.655925 (1) 0.344075 (0) 
Residue: TYR 140  0.980342 (1) 0.019658 (0) 
Residue: GL4 143  0.999987 (0) 0.000003 (1) 0.000000 (1) 0.000000 (1) 0.000010 (1) 
Residue: TYR 145  0.982122 (1) 0.017878 (0) 
Residue: HIP 149  0.000021 (2) 0.976019 (1) 0.023960 (1) 
Residue: HIP 154  0.000014 (2) 0.879994 (1) 0.119992 (1) 
Residue: GL4 157  1.000000 (0) 0.000000 (1) 0.000000 (1) 0.000000 (1) 0.000000 (1) 
Residue: TYR 160  0.994161 (1) 0.005839 (0) 
Residue: GL4 165  1.000000 (0) 0.000000 (1) 0.000000 (1) 0.000000 (1) 0.000000 (1) 
Residue: TYR 170  0.950837 (1) 0.049163 (0) 
