   Residue Number     State  0     State  1     State  2     State  3     State  4 
-----------------------------------------------------------------------------------
Residue: TYR 11   0.669846 (1) 0.330154 (0) 
Residue: GL4 14   0.999998 (0) 0.000000 (1) 0.000000 (1) 0.000002 (1) 0.000000 (1) 
Residue: TYR 16   0.824300 (1) 0.175700 (0) 
Residue: HIP 20   0.000019 (2) 0.993610 (1) 0.006371 (1) 
Residue: HIP 25   0.000004 (2) 0.906221 (1) 0.093775 (1) 
Residue: GL4 28   0.999998 (0) 0.000001 (1) 0.000000 (1) 0.000001 (1) 0.000000 (1) 
Residue: TYR 31   0.983934 (1) 0.016066 (0) 
Residue: GL4 36   1.000000 (0) 0.000000 (1) 0.000000 (1) 0.000000 (1) 0.000000 (1) 
Residue: TYR 41   0.818537 (1) 0.181463 (0) 
Residue: TYR 54   0.060379 (1) 0.939621 (0) 
Residue: GL4 57   1.000000 (0) 0.000000 (1) 0.000000 (1) 0.000000 (1) 0.000000 (1) 
Residue: TYR 59   0.209133 (1) 0.790867 (0) 
Residue: HIP 63   0.000031 (2) 0.962202 (1) 0.037768 (1) 
Residue: HIP 68   0.000003 (2) 0.923102 (1) 0.076894 (1) 
Residue: GL4 71   1.000000 (0) 0.000000 (1) 0.000000 (1) 0.000000 (1) 0.000000 (1) 
Residue: TYR 74   0.455250 (1) 0.544750 (0) 
Residue: GL4 79   1.000000 (0) 0.000000 (1) 0.000000 (1) 0.000000 (1) 0.000000 (1) 
Residue: TYR 84   0.095247 (1) 0.904753 (0) 
Residue: TYR 97   0.183987 (1) 0.816013 (0) 
Residue: GL4 100  0.999993 (0) 0.000002 (1) 0.000002 (1) 0.000003 (1) 0.000000 (1) 
Residue: TYR 102  0.439916 (1) 0.560084 (0) 
Residue: HIP 106  0.000004 (2) 0.964572 (1) 0.035424 (1) 
Residue: HIP 111  0.000007 (2) 0.828843 (1) 0.171150 (1) 
Residue: GL4 114  1.000000 (0) 0.000000 (1) 0.000000 (1) 0.000000 (1) 0.000000 (1) 
Residue: TYR 117  0.199717 (1) 0.800283 (0) 
Residue: GL4 122  1.000000 (0) 0.000000 (1) 0.000000 (1) 0.000000 (1) 0.000000 (1) 
Residue: TYR 127  0.362079 (1) 0.637921 (0) 
Residue: TYR 140  0.941630 (1) 0.058370 (0) 
Residue: GL4 143  0.999995 (0) 0.000002 (1) 0.000000 (1) 0.000003 (1) 0.000000 (1) 
Residue: TYR 145  0.970160 (1) 0.029840 (0) 
Residue: HIP 149  0.000011 (2) 0.972680 (1) 0.027309 (1) 
Residue: HIP 154  0.000005 (2) 0.869187 (1) 0.130808 (1) 
Residue: GL4 157  1.000000 (0) 0.000000 (1) 0.000000 (1) 0.000000 (1) 0.000000 (1) 
Residue: TYR 160  0.978847 (1) 0.021153 (0) 
Residue: GL4 165  1.000000 (0) 0.000000 (1) 0.000000 (1) 0.000000 (1) 0.000000 (1) 
Residue: TYR 170  0.894093 (1) 0.105907 (0) 
