   Residue Number     State  0     State  1     State  2     State  3     State  4 
-----------------------------------------------------------------------------------
Residue: TYR 11   0.153752 (1) 0.846248 (0) 
Residue: GL4 14   1.000000 (0) 0.000000 (1) 0.000000 (1) 0.000000 (1) 0.000000 (1) 
Residue: TYR 16   0.497205 (1) 0.502795 (0) 
Residue: HIP 20   0.000001 (2) 0.993897 (1) 0.006103 (1) 
Residue: HIP 25   0.000000 (2) 0.906759 (1) 0.093241 (1) 
Residue: GL4 28   1.000000 (0) 0.000000 (1) 0.000000 (1) 0.000000 (1) 0.000000 (1) 
Residue: TYR 31   0.925977 (1) 0.074023 (0) 
Residue: GL4 36   1.000000 (0) 0.000000 (1) 0.000000 (1) 0.000000 (1) 0.000000 (1) 
Residue: TYR 41   0.409460 (1) 0.590540 (0) 
Residue: TYR 54   0.002988 (1) 0.997012 (0) 
Residue: GL4 57   1.000000 (0) 0.000000 (1) 0.000000 (1) 0.000000 (1) 0.000000 (1) 
Residue: TYR 59   0.068986 (1) 0.931014 (0) 
Residue: HIP 63   0.000005 (2) 0.961673 (1) 0.038322 (1) 
Residue: HIP 68   0.000000 (2) 0.921229 (1) 0.078771 (1) 
Residue: GL4 71   1.000000 (0) 0.000000 (1) 0.000000 (1) 0.000000 (1) 0.000000 (1) 
Residue: TYR 74   0.082374 (1) 0.917626 (0) 
Residue: GL4 79   1.000000 (0) 0.000000 (1) 0.000000 (1) 0.000000 (1) 0.000000 (1) 
Residue: TYR 84   0.012842 (1) 0.987158 (0) 
Residue: TYR 97   0.032448 (1) 0.967552 (0) 
Residue: GL4 100  0.999996 (0) 0.000004 (1) 0.000000 (1) 0.000000 (1) 0.000000 (1) 
Residue: TYR 102  0.093348 (1) 0.906652 (0) 
Residue: HIP 106  0.000000 (2) 0.962777 (1) 0.037223 (1) 
Residue: HIP 111  0.000001 (2) 0.831188 (1) 0.168811 (1) 
Residue: GL4 114  1.000000 (0) 0.000000 (1) 0.000000 (1) 0.000000 (1) 0.000000 (1) 
Residue: TYR 117  0.021288 (1) 0.978712 (0) 
Residue: GL4 122  1.000000 (0) 0.000000 (1) 0.000000 (1) 0.000000 (1) 0.000000 (1) 
Residue: TYR 127  0.064341 (1) 0.935659 (0) 
Residue: TYR 140  0.680075 (1) 0.319925 (0) 
Residue: GL4 143  0.999996 (0) 0.000003 (1) 0.000000 (1) 0.000002 (1) 0.000000 (1) 
Residue: TYR 145  0.941633 (1) 0.058367 (0) 
Residue: HIP 149  0.000000 (2) 0.971855 (1) 0.028145 (1) 
Residue: HIP 154  0.000001 (2) 0.867512 (1) 0.132487 (1) 
Residue: GL4 157  1.000000 (0) 0.000000 (1) 0.000000 (1) 0.000000 (1) 0.000000 (1) 
Residue: TYR 160  0.827175 (1) 0.172825 (0) 
Residue: GL4 165  1.000000 (0) 0.000000 (1) 0.000000 (1) 0.000000 (1) 0.000000 (1) 
Residue: TYR 170  0.753279 (1) 0.246721 (0) 
