   Residue Number     State  0     State  1     State  2     State  3     State  4 
-----------------------------------------------------------------------------------
Residue: TYR 11   0.359950 (1) 0.640050 (0) 
Residue: GL4 14   1.000000 (0) 0.000000 (1) 0.000000 (1) 0.000000 (1) 0.000000 (1) 
Residue: TYR 16   0.700181 (1) 0.299819 (0) 
Residue: HIP 20   0.000003 (2) 0.993502 (1) 0.006495 (1) 
Residue: HIP 25   0.000000 (2) 0.905335 (1) 0.094665 (1) 
Residue: GL4 28   1.000000 (0) 0.000000 (1) 0.000000 (1) 0.000000 (1) 0.000000 (1) 
Residue: TYR 31   0.966537 (1) 0.033463 (0) 
Residue: GL4 36   1.000000 (0) 0.000000 (1) 0.000000 (1) 0.000000 (1) 0.000000 (1) 
Residue: TYR 41   0.618846 (1) 0.381154 (0) 
Residue: TYR 54   0.012837 (1) 0.987163 (0) 
Residue: GL4 57   1.000000 (0) 0.000000 (1) 0.000000 (1) 0.000000 (1) 0.000000 (1) 
Residue: TYR 59   0.123839 (1) 0.876161 (0) 
Residue: HIP 63   0.000015 (2) 0.961132 (1) 0.038853 (1) 
Residue: HIP 68   0.000000 (2) 0.921486 (1) 0.078514 (1) 
Residue: GL4 71   1.000000 (0) 0.000000 (1) 0.000000 (1) 0.000000 (1) 0.000000 (1) 
Residue: TYR 74   0.206278 (1) 0.793722 (0) 
Residue: GL4 79   1.000000 (0) 0.000000 (1) 0.000000 (1) 0.000000 (1) 0.000000 (1) 
Residue: TYR 84   0.034968 (1) 0.965032 (0) 
Residue: TYR 97   0.074309 (1) 0.925691 (0) 
Residue: GL4 100  0.999996 (0) 0.000004 (1) 0.000000 (1) 0.000000 (1) 0.000000 (1) 
Residue: TYR 102  0.212084 (1) 0.787916 (0) 
Residue: HIP 106  0.000000 (2) 0.963312 (1) 0.036688 (1) 
Residue: HIP 111  0.000003 (2) 0.827235 (1) 0.172762 (1) 
Residue: GL4 114  0.999999 (0) 0.000000 (1) 0.000000 (1) 0.000000 (1) 0.000001 (1) 
Residue: TYR 117  0.067291 (1) 0.932709 (0) 
Residue: GL4 122  1.000000 (0) 0.000000 (1) 0.000000 (1) 0.000000 (1) 0.000000 (1) 
Residue: TYR 127  0.161281 (1) 0.838719 (0) 
Residue: TYR 140  0.854607 (1) 0.145393 (0) 
Residue: GL4 143  1.000000 (0) 0.000000 (1) 0.000000 (1) 0.000000 (1) 0.000000 (1) 
Residue: TYR 145  0.957938 (1) 0.042062 (0) 
Residue: HIP 149  0.000003 (2) 0.971787 (1) 0.028211 (1) 
Residue: HIP 154  0.000000 (2) 0.869007 (1) 0.130993 (1) 
Residue: GL4 157  1.000000 (0) 0.000000 (1) 0.000000 (1) 0.000000 (1) 0.000000 (1) 
Residue: TYR 160  0.936206 (1) 0.063794 (0) 
Residue: GL4 165  1.000000 (0) 0.000000 (1) 0.000000 (1) 0.000000 (1) 0.000000 (1) 
Residue: TYR 170  0.832672 (1) 0.167328 (0) 
