   Residue Number     State  0     State  1     State  2     State  3     State  4 
-----------------------------------------------------------------------------------
Residue: TYR 11   1.000000 (1) 0.000000 (0) 
Residue: GL4 14   0.063828 (0) 0.420722 (1) 0.041518 (1) 0.431292 (1) 0.042640 (1) 
Residue: TYR 16   1.000000 (1) 0.000000 (0) 
Residue: HIP 20   0.999431 (2) 0.000568 (1) 0.000001 (1) 
Residue: HIP 25   0.998660 (2) 0.001167 (1) 0.000173 (1) 
Residue: GL4 28   0.119237 (0) 0.285536 (1) 0.115847 (1) 0.302034 (1) 0.177346 (1) 
Residue: TYR 31   1.000000 (1) 0.000000 (0) 
Residue: GL4 36   0.014975 (0) 0.417515 (1) 0.086416 (1) 0.400349 (1) 0.080745 (1) 
Residue: TYR 41   1.000000 (1) 0.000000 (0) 
Residue: TYR 54   1.000000 (1) 0.000000 (0) 
Residue: GL4 57   0.003859 (0) 0.424145 (1) 0.075507 (1) 0.422517 (1) 0.073972 (1) 
Residue: TYR 59   1.000000 (1) 0.000000 (0) 
Residue: HIP 63   0.999949 (2) 0.000044 (1) 0.000007 (1) 
Residue: HIP 68   0.999793 (2) 0.000164 (1) 0.000043 (1) 
Residue: GL4 71   0.007622 (0) 0.412339 (1) 0.079895 (1) 0.450282 (1) 0.049863 (1) 
Residue: TYR 74   1.000000 (1) 0.000000 (0) 
Residue: GL4 79   0.010425 (0) 0.436099 (1) 0.056728 (1) 0.438673 (1) 0.058075 (1) 
Residue: TYR 84   1.000000 (1) 0.000000 (0) 
Residue: TYR 97   1.000000 (1) 0.000000 (0) 
Residue: GL4 100  0.003918 (0) 0.405700 (1) 0.068856 (1) 0.452698 (1) 0.068828 (1) 
Residue: TYR 102  1.000000 (1) 0.000000 (0) 
Residue: HIP 106  0.999794 (2) 0.000183 (1) 0.000023 (1) 
Residue: HIP 111  0.999837 (2) 0.000135 (1) 0.000028 (1) 
Residue: GL4 114  0.027903 (0) 0.450628 (1) 0.045771 (1) 0.428153 (1) 0.047545 (1) 
Residue: TYR 117  1.000000 (1) 0.000000 (0) 
Residue: GL4 122  0.001191 (0) 0.423695 (1) 0.082478 (1) 0.410197 (1) 0.082438 (1) 
Residue: TYR 127  1.000000 (1) 0.000000 (0) 
Residue: TYR 140  1.000000 (1) 0.000000 (0) 
Residue: GL4 143  0.037662 (0) 0.450324 (1) 0.033307 (1) 0.449845 (1) 0.028863 (1) 
Residue: TYR 145  1.000000 (1) 0.000000 (0) 
Residue: HIP 149  0.999610 (2) 0.000377 (1) 0.000013 (1) 
Residue: HIP 154  0.999422 (2) 0.000465 (1) 0.000113 (1) 
Residue: GL4 157  0.808067 (0) 0.068622 (1) 0.016571 (1) 0.075798 (1) 0.030943 (1) 
Residue: TYR 160  1.000000 (1) 0.000000 (0) 
Residue: GL4 165  0.084366 (0) 0.425275 (1) 0.031214 (1) 0.428990 (1) 0.030154 (1) 
Residue: TYR 170  1.000000 (1) 0.000000 (0) 
