   Residue Number     State  0     State  1     State  2     State  3     State  4 
-----------------------------------------------------------------------------------
Residue: TYR 11   1.000000 (1) 0.000000 (0) 
Residue: GL4 14   0.153721 (0) 0.361965 (1) 0.055441 (1) 0.372384 (1) 0.056489 (1) 
Residue: TYR 16   1.000000 (1) 0.000000 (0) 
Residue: HIP 20   0.998267 (2) 0.001731 (1) 0.000003 (1) 
Residue: HIP 25   0.995703 (2) 0.003613 (1) 0.000683 (1) 
Residue: GL4 28   0.142133 (0) 0.275746 (1) 0.116169 (1) 0.289425 (1) 0.176527 (1) 
Residue: TYR 31   1.000000 (1) 0.000000 (0) 
Residue: GL4 36   0.036320 (0) 0.368447 (1) 0.130467 (1) 0.351475 (1) 0.113291 (1) 
Residue: TYR 41   1.000000 (1) 0.000000 (0) 
Residue: TYR 54   1.000000 (1) 0.000000 (0) 
Residue: GL4 57   0.009340 (0) 0.394816 (1) 0.100340 (1) 0.394728 (1) 0.100776 (1) 
Residue: TYR 59   1.000000 (1) 0.000000 (0) 
Residue: HIP 63   0.999792 (2) 0.000189 (1) 0.000018 (1) 
Residue: HIP 68   0.999339 (2) 0.000517 (1) 0.000144 (1) 
Residue: GL4 71   0.017543 (0) 0.406121 (1) 0.085335 (1) 0.437114 (1) 0.053888 (1) 
Residue: TYR 74   1.000000 (1) 0.000000 (0) 
Residue: GL4 79   0.027150 (0) 0.412994 (1) 0.071386 (1) 0.416197 (1) 0.072273 (1) 
Residue: TYR 84   1.000000 (1) 0.000000 (0) 
Residue: TYR 97   1.000000 (1) 0.000000 (0) 
Residue: GL4 100  0.009277 (0) 0.410737 (1) 0.070560 (1) 0.439360 (1) 0.070067 (1) 
Residue: TYR 102  1.000000 (1) 0.000000 (0) 
Residue: HIP 106  0.999467 (2) 0.000453 (1) 0.000079 (1) 
Residue: HIP 111  0.999515 (2) 0.000398 (1) 0.000087 (1) 
Residue: GL4 114  0.040683 (0) 0.441112 (1) 0.053078 (1) 0.411262 (1) 0.053866 (1) 
Residue: TYR 117  1.000000 (1) 0.000000 (0) 
Residue: GL4 122  0.003194 (0) 0.427056 (1) 0.086253 (1) 0.400205 (1) 0.083293 (1) 
Residue: TYR 127  1.000000 (1) 0.000000 (0) 
Residue: TYR 140  1.000000 (1) 0.000000 (0) 
Residue: GL4 143  0.087917 (0) 0.424610 (1) 0.034483 (1) 0.420654 (1) 0.032338 (1) 
Residue: TYR 145  1.000000 (1) 0.000000 (0) 
Residue: HIP 149  0.999174 (2) 0.000783 (1) 0.000043 (1) 
Residue: HIP 154  0.998148 (2) 0.001436 (1) 0.000416 (1) 
Residue: GL4 157  0.827827 (0) 0.056069 (1) 0.018551 (1) 0.065199 (1) 0.032353 (1) 
Residue: TYR 160  1.000000 (1) 0.000000 (0) 
Residue: GL4 165  0.206237 (0) 0.368094 (1) 0.028723 (1) 0.369442 (1) 0.027505 (1) 
Residue: TYR 170  1.000000 (1) 0.000000 (0) 
