   Residue Number     State  0     State  1     State  2     State  3     State  4 
-----------------------------------------------------------------------------------
Residue: TYR 11   0.999999 (1) 0.000001 (0) 
Residue: GL4 14   0.298873 (0) 0.272509 (1) 0.075747 (1) 0.279412 (1) 0.073460 (1) 
Residue: TYR 16   1.000000 (1) 0.000000 (0) 
Residue: HIP 20   0.994747 (2) 0.005242 (1) 0.000011 (1) 
Residue: HIP 25   0.986189 (2) 0.011719 (1) 0.002092 (1) 
Residue: GL4 28   0.180733 (0) 0.259974 (1) 0.113927 (1) 0.276345 (1) 0.169021 (1) 
Residue: TYR 31   1.000000 (1) 0.000000 (0) 
Residue: GL4 36   0.070446 (0) 0.290859 (1) 0.201966 (1) 0.273164 (1) 0.163566 (1) 
Residue: TYR 41   1.000000 (1) 0.000000 (0) 
Residue: TYR 54   1.000000 (1) 0.000000 (0) 
Residue: GL4 57   0.019927 (0) 0.350648 (1) 0.140108 (1) 0.346787 (1) 0.142531 (1) 
Residue: TYR 59   1.000000 (1) 0.000000 (0) 
Residue: HIP 63   0.999295 (2) 0.000655 (1) 0.000050 (1) 
Residue: HIP 68   0.997967 (2) 0.001600 (1) 0.000433 (1) 
Residue: GL4 71   0.041233 (0) 0.387494 (1) 0.096119 (1) 0.411323 (1) 0.063831 (1) 
Residue: TYR 74   1.000000 (1) 0.000000 (0) 
Residue: GL4 79   0.058453 (0) 0.375609 (1) 0.094466 (1) 0.376948 (1) 0.094525 (1) 
Residue: TYR 84   1.000000 (1) 0.000000 (0) 
Residue: TYR 97   1.000000 (1) 0.000000 (0) 
Residue: GL4 100  0.019962 (0) 0.412715 (1) 0.073810 (1) 0.420718 (1) 0.072796 (1) 
Residue: TYR 102  1.000000 (1) 0.000000 (0) 
Residue: HIP 106  0.998276 (2) 0.001482 (1) 0.000243 (1) 
Residue: HIP 111  0.998561 (2) 0.001143 (1) 0.000297 (1) 
Residue: GL4 114  0.064852 (0) 0.420630 (1) 0.066603 (1) 0.380717 (1) 0.067198 (1) 
Residue: TYR 117  0.999999 (1) 0.000001 (0) 
Residue: GL4 122  0.006938 (0) 0.426845 (1) 0.096017 (1) 0.381739 (1) 0.088462 (1) 
Residue: TYR 127  1.000000 (1) 0.000000 (0) 
Residue: TYR 140  1.000000 (1) 0.000000 (0) 
Residue: GL4 143  0.162034 (0) 0.381852 (1) 0.038314 (1) 0.379118 (1) 0.038682 (1) 
Residue: TYR 145  0.999999 (1) 0.000001 (0) 
Residue: HIP 149  0.998082 (2) 0.001762 (1) 0.000156 (1) 
Residue: HIP 154  0.994287 (2) 0.004372 (1) 0.001341 (1) 
Residue: GL4 157  0.824094 (0) 0.055708 (1) 0.020830 (1) 0.066708 (1) 0.032661 (1) 
Residue: TYR 160  1.000000 (1) 0.000000 (0) 
Residue: GL4 165  0.401340 (0) 0.273906 (1) 0.024183 (1) 0.276579 (1) 0.023993 (1) 
Residue: TYR 170  1.000000 (1) 0.000000 (0) 
