   Residue Number     State  0     State  1     State  2     State  3     State  4 
-----------------------------------------------------------------------------------
Residue: TYR 11   1.000000 (1) 0.000000 (0) 
Residue: GL4 14   0.454466 (0) 0.180066 (1) 0.094848 (1) 0.182962 (1) 0.087658 (1) 
Residue: TYR 16   1.000000 (1) 0.000000 (0) 
Residue: HIP 20   0.985011 (2) 0.014957 (1) 0.000033 (1) 
Residue: HIP 25   0.957818 (2) 0.035315 (1) 0.006867 (1) 
Residue: GL4 28   0.252065 (0) 0.237394 (1) 0.106015 (1) 0.252813 (1) 0.151713 (1) 
Residue: TYR 31   1.000000 (1) 0.000000 (0) 
Residue: GL4 36   0.101596 (0) 0.217731 (1) 0.270698 (1) 0.204307 (1) 0.205669 (1) 
Residue: TYR 41   1.000000 (1) 0.000000 (0) 
Residue: TYR 54   1.000000 (1) 0.000000 (0) 
Residue: GL4 57   0.035177 (0) 0.297793 (1) 0.186378 (1) 0.290915 (1) 0.189738 (1) 
Residue: TYR 59   1.000000 (1) 0.000000 (0) 
Residue: HIP 63   0.997877 (2) 0.001943 (1) 0.000180 (1) 
Residue: HIP 68   0.994198 (2) 0.004566 (1) 0.001236 (1) 
Residue: GL4 71   0.088238 (0) 0.345198 (1) 0.119064 (1) 0.361959 (1) 0.085541 (1) 
Residue: TYR 74   1.000000 (1) 0.000000 (0) 
Residue: GL4 79   0.107038 (0) 0.331573 (1) 0.117073 (1) 0.332105 (1) 0.112212 (1) 
Residue: TYR 84   1.000000 (1) 0.000000 (0) 
Residue: TYR 97   0.999999 (1) 0.000001 (0) 
Residue: GL4 100  0.037994 (0) 0.408505 (1) 0.079520 (1) 0.397377 (1) 0.076604 (1) 
Residue: TYR 102  1.000000 (1) 0.000000 (0) 
Residue: HIP 106  0.994942 (2) 0.004245 (1) 0.000813 (1) 
Residue: HIP 111  0.996172 (2) 0.002998 (1) 0.000831 (1) 
Residue: GL4 114  0.110424 (0) 0.378635 (1) 0.085426 (1) 0.331015 (1) 0.094499 (1) 
Residue: TYR 117  1.000000 (1) 0.000000 (0) 
Residue: GL4 122  0.012626 (0) 0.416098 (1) 0.115514 (1) 0.355981 (1) 0.099781 (1) 
Residue: TYR 127  1.000000 (1) 0.000000 (0) 
Residue: TYR 140  1.000000 (1) 0.000000 (0) 
Residue: GL4 143  0.238333 (0) 0.338286 (1) 0.041768 (1) 0.336366 (1) 0.045248 (1) 
Residue: TYR 145  1.000000 (1) 0.000000 (0) 
Residue: HIP 149  0.994844 (2) 0.004712 (1) 0.000444 (1) 
Residue: HIP 154  0.982049 (2) 0.013547 (1) 0.004404 (1) 
Residue: GL4 157  0.804337 (0) 0.067639 (1) 0.019468 (1) 0.079999 (1) 0.028556 (1) 
Residue: TYR 160  0.999999 (1) 0.000001 (0) 
Residue: GL4 165  0.598937 (0) 0.178403 (1) 0.020773 (1) 0.181773 (1) 0.020114 (1) 
Residue: TYR 170  1.000000 (1) 0.000000 (0) 
