   Residue Number     State  0     State  1     State  2     State  3     State  4 
-----------------------------------------------------------------------------------
Residue: TYR 11   1.000000 (1) 0.000000 (0) 
Residue: GL4 14   0.635283 (0) 0.085107 (1) 0.101564 (1) 0.087333 (1) 0.090713 (1) 
Residue: TYR 16   1.000000 (1) 0.000000 (0) 
Residue: HIP 20   0.893661 (2) 0.106047 (1) 0.000293 (1) 
Residue: HIP 25   0.718106 (2) 0.230521 (1) 0.051373 (1) 
Residue: GL4 28   0.478901 (0) 0.178075 (1) 0.076573 (1) 0.164481 (1) 0.101970 (1) 
Residue: TYR 31   1.000000 (1) 0.000000 (0) 
Residue: GL4 36   0.147445 (0) 0.193030 (1) 0.252466 (1) 0.192393 (1) 0.214665 (1) 
Residue: TYR 41   1.000000 (1) 0.000000 (0) 
Residue: TYR 54   0.999999 (1) 0.000001 (0) 
Residue: GL4 57   0.101123 (0) 0.206053 (1) 0.249481 (1) 0.190302 (1) 0.253042 (1) 
Residue: TYR 59   0.999998 (1) 0.000002 (0) 
Residue: HIP 63   0.981894 (2) 0.016697 (1) 0.001409 (1) 
Residue: HIP 68   0.960986 (2) 0.030927 (1) 0.008088 (1) 
Residue: GL4 71   0.251665 (0) 0.203945 (1) 0.181161 (1) 0.218542 (1) 0.144687 (1) 
Residue: TYR 74   0.999999 (1) 0.000001 (0) 
Residue: GL4 79   0.338393 (0) 0.218456 (1) 0.115351 (1) 0.217940 (1) 0.109860 (1) 
Residue: TYR 84   1.000000 (1) 0.000000 (0) 
Residue: TYR 97   1.000000 (1) 0.000000 (0) 
Residue: GL4 100  0.145789 (0) 0.345311 (1) 0.090322 (1) 0.326770 (1) 0.091808 (1) 
Residue: TYR 102  0.999999 (1) 0.000001 (0) 
Residue: HIP 106  0.958231 (2) 0.035425 (1) 0.006344 (1) 
Residue: HIP 111  0.973587 (2) 0.020600 (1) 0.005813 (1) 
Residue: GL4 114  0.250682 (0) 0.247709 (1) 0.128861 (1) 0.210737 (1) 0.162012 (1) 
Residue: TYR 117  1.000000 (1) 0.000000 (0) 
Residue: GL4 122  0.038440 (0) 0.304723 (1) 0.195627 (1) 0.285924 (1) 0.175287 (1) 
Residue: TYR 127  1.000000 (1) 0.000000 (0) 
Residue: TYR 140  1.000000 (1) 0.000000 (0) 
Residue: GL4 143  0.370406 (0) 0.270922 (1) 0.049308 (1) 0.266414 (1) 0.042951 (1) 
Residue: TYR 145  1.000000 (1) 0.000000 (0) 
Residue: HIP 149  0.966586 (2) 0.030998 (1) 0.002417 (1) 
Residue: HIP 154  0.869247 (2) 0.096348 (1) 0.034405 (1) 
Residue: GL4 157  0.730786 (0) 0.108299 (1) 0.009878 (1) 0.136829 (1) 0.014208 (1) 
Residue: TYR 160  1.000000 (1) 0.000000 (0) 
Residue: GL4 165  0.821766 (0) 0.072071 (1) 0.016625 (1) 0.073085 (1) 0.016453 (1) 
Residue: TYR 170  1.000000 (1) 0.000000 (0) 
