   Residue Number     State  0     State  1     State  2     State  3     State  4 
-----------------------------------------------------------------------------------
Residue: TYR 11   1.000000 (1) 0.000000 (0) 
Residue: GL4 14   0.568610 (0) 0.118038 (1) 0.102189 (1) 0.118610 (1) 0.092552 (1) 
Residue: TYR 16   1.000000 (1) 0.000000 (0) 
Residue: HIP 20   0.958530 (2) 0.041368 (1) 0.000103 (1) 
Residue: HIP 25   0.880942 (2) 0.098312 (1) 0.020746 (1) 
Residue: GL4 28   0.360334 (0) 0.206696 (1) 0.091408 (1) 0.212083 (1) 0.129479 (1) 
Residue: TYR 31   0.999999 (1) 0.000001 (0) 
Residue: GL4 36   0.125310 (0) 0.185565 (1) 0.290459 (1) 0.174235 (1) 0.224431 (1) 
Residue: TYR 41   1.000000 (1) 0.000000 (0) 
Residue: TYR 54   1.000000 (1) 0.000000 (0) 
Residue: GL4 57   0.059039 (0) 0.255424 (1) 0.222403 (1) 0.238829 (1) 0.224305 (1) 
Residue: TYR 59   1.000000 (1) 0.000000 (0) 
Residue: HIP 63   0.993443 (2) 0.006073 (1) 0.000483 (1) 
Residue: HIP 68   0.984103 (2) 0.012542 (1) 0.003355 (1) 
Residue: GL4 71   0.165756 (0) 0.273548 (1) 0.153268 (1) 0.288985 (1) 0.118443 (1) 
Residue: TYR 74   0.999999 (1) 0.000001 (0) 
Residue: GL4 79   0.188573 (0) 0.284931 (1) 0.125220 (1) 0.282974 (1) 0.118301 (1) 
Residue: TYR 84   1.000000 (1) 0.000000 (0) 
Residue: TYR 97   0.999999 (1) 0.000001 (0) 
Residue: GL4 100  0.073885 (0) 0.390445 (1) 0.084303 (1) 0.369348 (1) 0.082018 (1) 
Residue: TYR 102  1.000000 (1) 0.000000 (0) 
Residue: HIP 106  0.985281 (2) 0.012560 (1) 0.002159 (1) 
Residue: HIP 111  0.990085 (2) 0.007793 (1) 0.002122 (1) 
Residue: GL4 114  0.175859 (0) 0.315612 (1) 0.109079 (1) 0.267565 (1) 0.131884 (1) 
Residue: TYR 117  1.000000 (1) 0.000000 (0) 
Residue: GL4 122  0.022009 (0) 0.378068 (1) 0.146344 (1) 0.327660 (1) 0.125918 (1) 
Residue: TYR 127  1.000000 (1) 0.000000 (0) 
Residue: TYR 140  1.000000 (1) 0.000000 (0) 
Residue: GL4 143  0.300104 (0) 0.303779 (1) 0.049199 (1) 0.300549 (1) 0.046368 (1) 
Residue: TYR 145  1.000000 (1) 0.000000 (0) 
Residue: HIP 149  0.985818 (2) 0.013011 (1) 0.001171 (1) 
Residue: HIP 154  0.947500 (2) 0.039260 (1) 0.013240 (1) 
Residue: GL4 157  0.772586 (0) 0.086659 (1) 0.014920 (1) 0.105634 (1) 0.020201 (1) 
Residue: TYR 160  1.000000 (1) 0.000000 (0) 
Residue: GL4 165  0.735451 (0) 0.113488 (1) 0.018863 (1) 0.114546 (1) 0.017651 (1) 
Residue: TYR 170  1.000000 (1) 0.000000 (0) 
