   Residue Number     State  0     State  1     State  2     State  3     State  4 
-----------------------------------------------------------------------------------
Residue: TYR 11   1.000000 (1) 0.000000 (0) 
Residue: GL4 14   0.680507 (0) 0.068948 (1) 0.094781 (1) 0.072083 (1) 0.083682 (1) 
Residue: TYR 16   1.000000 (1) 0.000000 (0) 
Residue: HIP 20   0.756576 (2) 0.242734 (1) 0.000689 (1) 
Residue: HIP 25   0.516235 (2) 0.396951 (1) 0.086814 (1) 
Residue: GL4 28   0.555247 (0) 0.156847 (1) 0.068392 (1) 0.140852 (1) 0.078663 (1) 
Residue: TYR 31   1.000000 (1) 0.000000 (0) 
Residue: GL4 36   0.181784 (0) 0.227311 (1) 0.179628 (1) 0.236032 (1) 0.175244 (1) 
Residue: TYR 41   1.000000 (1) 0.000000 (0) 
Residue: TYR 54   1.000000 (1) 0.000000 (0) 
Residue: GL4 57   0.176655 (0) 0.150134 (1) 0.268545 (1) 0.144522 (1) 0.260144 (1) 
Residue: TYR 59   1.000000 (1) 0.000000 (0) 
Residue: HIP 63   0.956044 (2) 0.040594 (1) 0.003362 (1) 
Residue: HIP 68   0.921047 (2) 0.063002 (1) 0.015952 (1) 
Residue: GL4 71   0.335230 (0) 0.154443 (1) 0.188439 (1) 0.169295 (1) 0.152593 (1) 
Residue: TYR 74   1.000000 (1) 0.000000 (0) 
Residue: GL4 79   0.538113 (0) 0.137185 (1) 0.097421 (1) 0.135438 (1) 0.091843 (1) 
Residue: TYR 84   1.000000 (1) 0.000000 (0) 
Residue: TYR 97   0.999999 (1) 0.000001 (0) 
Residue: GL4 100  0.260624 (0) 0.276003 (1) 0.096206 (1) 0.267556 (1) 0.099612 (1) 
Residue: TYR 102  1.000000 (1) 0.000000 (0) 
Residue: HIP 106  0.891800 (2) 0.092053 (1) 0.016147 (1) 
Residue: HIP 111  0.936008 (2) 0.049927 (1) 0.014065 (1) 
Residue: GL4 114  0.315609 (0) 0.192644 (1) 0.145795 (1) 0.173523 (1) 0.172428 (1) 
Residue: TYR 117  0.999999 (1) 0.000001 (0) 
Residue: GL4 122  0.063974 (0) 0.219363 (1) 0.258037 (1) 0.217869 (1) 0.240757 (1) 
Residue: TYR 127  1.000000 (1) 0.000000 (0) 
Residue: TYR 140  1.000000 (1) 0.000000 (0) 
Residue: GL4 143  0.457690 (0) 0.230271 (1) 0.047722 (1) 0.225299 (1) 0.039019 (1) 
Residue: TYR 145  1.000000 (1) 0.000000 (0) 
Residue: HIP 149  0.930483 (2) 0.065068 (1) 0.004449 (1) 
Residue: HIP 154  0.753546 (2) 0.181942 (1) 0.064512 (1) 
Residue: GL4 157  0.702176 (0) 0.124888 (1) 0.006174 (1) 0.155566 (1) 0.011196 (1) 
Residue: TYR 160  1.000000 (1) 0.000000 (0) 
Residue: GL4 165  0.872962 (0) 0.048806 (1) 0.013863 (1) 0.049346 (1) 0.015023 (1) 
Residue: TYR 170  1.000000 (1) 0.000000 (0) 
