   Residue Number     State  0     State  1     State  2     State  3     State  4 
-----------------------------------------------------------------------------------
Residue: TYR 11   1.000000 (1) 0.000000 (0) 
Residue: GL4 14   0.713628 (0) 0.061917 (1) 0.080475 (1) 0.065189 (1) 0.078791 (1) 
Residue: TYR 16   0.999999 (1) 0.000001 (0) 
Residue: HIP 20   0.555356 (2) 0.443384 (1) 0.001260 (1) 
Residue: HIP 25   0.373848 (2) 0.520986 (1) 0.105166 (1) 
Residue: GL4 28   0.582834 (0) 0.145809 (1) 0.064951 (1) 0.139510 (1) 0.066896 (1) 
Residue: TYR 31   1.000000 (1) 0.000000 (0) 
Residue: GL4 36   0.221749 (0) 0.253457 (1) 0.129870 (1) 0.257449 (1) 0.137475 (1) 
Residue: TYR 41   1.000000 (1) 0.000000 (0) 
Residue: TYR 54   0.999998 (1) 0.000002 (0) 
Residue: GL4 57   0.293209 (0) 0.101959 (1) 0.259931 (1) 0.102354 (1) 0.242547 (1) 
Residue: TYR 59   1.000000 (1) 0.000000 (0) 
Residue: HIP 63   0.912007 (2) 0.081473 (1) 0.006520 (1) 
Residue: HIP 68   0.850264 (2) 0.120997 (1) 0.028739 (1) 
Residue: GL4 71   0.444734 (0) 0.119883 (1) 0.174706 (1) 0.127959 (1) 0.132718 (1) 
Residue: TYR 74   1.000000 (1) 0.000000 (0) 
Residue: GL4 79   0.698080 (0) 0.074183 (1) 0.081200 (1) 0.073370 (1) 0.073168 (1) 
Residue: TYR 84   0.999999 (1) 0.000001 (0) 
Residue: TYR 97   0.999999 (1) 0.000001 (0) 
Residue: GL4 100  0.403535 (0) 0.203628 (1) 0.091377 (1) 0.201432 (1) 0.100028 (1) 
Residue: TYR 102  1.000000 (1) 0.000000 (0) 
Residue: HIP 106  0.753276 (2) 0.210594 (1) 0.036130 (1) 
Residue: HIP 111  0.855746 (2) 0.111779 (1) 0.032475 (1) 
Residue: GL4 114  0.382962 (0) 0.157251 (1) 0.149344 (1) 0.145464 (1) 0.164978 (1) 
Residue: TYR 117  1.000000 (1) 0.000000 (0) 
Residue: GL4 122  0.103365 (0) 0.165648 (1) 0.287578 (1) 0.157033 (1) 0.286376 (1) 
Residue: TYR 127  1.000000 (1) 0.000000 (0) 
Residue: TYR 140  1.000000 (1) 0.000000 (0) 
Residue: GL4 143  0.548004 (0) 0.187168 (1) 0.043702 (1) 0.185713 (1) 0.035413 (1) 
Residue: TYR 145  1.000000 (1) 0.000000 (0) 
Residue: HIP 149  0.872537 (2) 0.119976 (1) 0.007487 (1) 
Residue: HIP 154  0.622946 (2) 0.281115 (1) 0.095939 (1) 
Residue: GL4 157  0.695856 (0) 0.134919 (1) 0.005268 (1) 0.153698 (1) 0.010258 (1) 
Residue: TYR 160  1.000000 (1) 0.000000 (0) 
Residue: GL4 165  0.898856 (0) 0.037334 (1) 0.012953 (1) 0.036373 (1) 0.014485 (1) 
Residue: TYR 170  1.000000 (1) 0.000000 (0) 
