   Residue Number     State  0     State  1     State  2     State  3     State  4 
-----------------------------------------------------------------------------------
Residue: TYR 11   1.000000 (1) 0.000000 (0) 
Residue: GL4 14   0.738092 (0) 0.052877 (1) 0.070311 (1) 0.059187 (1) 0.079533 (1) 
Residue: TYR 16   0.999999 (1) 0.000001 (0) 
Residue: HIP 20   0.386908 (2) 0.611377 (1) 0.001715 (1) 
Residue: HIP 25   0.282157 (2) 0.604877 (1) 0.112966 (1) 
Residue: GL4 28   0.591458 (0) 0.139451 (1) 0.056818 (1) 0.149599 (1) 0.062674 (1) 
Residue: TYR 31   0.999999 (1) 0.000001 (0) 
Residue: GL4 36   0.292074 (0) 0.251712 (1) 0.106992 (1) 0.236063 (1) 0.113159 (1) 
Residue: TYR 41   1.000000 (1) 0.000000 (0) 
Residue: TYR 54   0.999997 (1) 0.000003 (0) 
Residue: GL4 57   0.448811 (0) 0.066888 (1) 0.214993 (1) 0.067534 (1) 0.201774 (1) 
Residue: TYR 59   0.999995 (1) 0.000005 (0) 
Residue: HIP 63   0.848446 (2) 0.140500 (1) 0.011054 (1) 
Residue: HIP 68   0.736631 (2) 0.215550 (1) 0.047818 (1) 
Residue: GL4 71   0.583370 (0) 0.090763 (1) 0.130829 (1) 0.087198 (1) 0.107840 (1) 
Residue: TYR 74   0.999998 (1) 0.000002 (0) 
Residue: GL4 79   0.790770 (0) 0.041644 (1) 0.064901 (1) 0.041301 (1) 0.061384 (1) 
Residue: TYR 84   0.999997 (1) 0.000003 (0) 
Residue: TYR 97   0.999999 (1) 0.000001 (0) 
Residue: GL4 100  0.562104 (0) 0.138238 (1) 0.073070 (1) 0.140284 (1) 0.086303 (1) 
Residue: TYR 102  1.000000 (1) 0.000000 (0) 
Residue: HIP 106  0.540110 (2) 0.396184 (1) 0.063706 (1) 
Residue: HIP 111  0.720138 (2) 0.215007 (1) 0.064855 (1) 
Residue: GL4 114  0.489640 (0) 0.124236 (1) 0.136024 (1) 0.109636 (1) 0.140464 (1) 
Residue: TYR 117  0.999998 (1) 0.000002 (0) 
Residue: GL4 122  0.182057 (0) 0.131011 (1) 0.276069 (1) 0.115871 (1) 0.294992 (1) 
Residue: TYR 127  1.000000 (1) 0.000000 (0) 
Residue: TYR 140  1.000000 (1) 0.000000 (0) 
Residue: GL4 143  0.635532 (0) 0.147914 (1) 0.037123 (1) 0.148428 (1) 0.031002 (1) 
Residue: TYR 145  1.000000 (1) 0.000000 (0) 
Residue: HIP 149  0.791086 (2) 0.197659 (1) 0.011255 (1) 
Residue: HIP 154  0.487894 (2) 0.386528 (1) 0.125578 (1) 
Residue: GL4 157  0.706828 (0) 0.137204 (1) 0.005130 (1) 0.142612 (1) 0.008226 (1) 
Residue: TYR 160  1.000000 (1) 0.000000 (0) 
Residue: GL4 165  0.900843 (0) 0.036084 (1) 0.014123 (1) 0.033353 (1) 0.015597 (1) 
Residue: TYR 170  1.000000 (1) 0.000000 (0) 
