   Residue Number     State  0     State  1     State  2     State  3     State  4 
-----------------------------------------------------------------------------------
Residue: TYR 11   1.000000 (1) 0.000000 (0) 
Residue: GL4 14   0.769304 (0) 0.042765 (1) 0.066623 (1) 0.047082 (1) 0.074227 (1) 
Residue: TYR 16   0.999997 (1) 0.000003 (0) 
Residue: HIP 20   0.305702 (2) 0.692324 (1) 0.001974 (1) 
Residue: HIP 25   0.211023 (2) 0.671479 (1) 0.117498 (1) 
Residue: GL4 28   0.610366 (0) 0.134023 (1) 0.048466 (1) 0.154160 (1) 0.052985 (1) 
Residue: TYR 31   1.000000 (1) 0.000000 (0) 
Residue: GL4 36   0.425386 (0) 0.215869 (1) 0.092990 (1) 0.170135 (1) 0.095620 (1) 
Residue: TYR 41   1.000000 (1) 0.000000 (0) 
Residue: TYR 54   0.999995 (1) 0.000005 (0) 
Residue: GL4 57   0.638094 (0) 0.039996 (1) 0.147585 (1) 0.038597 (1) 0.135728 (1) 
Residue: TYR 59   0.999982 (1) 0.000018 (0) 
Residue: HIP 63   0.747174 (2) 0.236445 (1) 0.016381 (1) 
Residue: HIP 68   0.582670 (2) 0.352208 (1) 0.065122 (1) 
Residue: GL4 71   0.735302 (0) 0.058050 (1) 0.079611 (1) 0.052127 (1) 0.074910 (1) 
Residue: TYR 74   0.999998 (1) 0.000002 (0) 
Residue: GL4 79   0.854685 (0) 0.024804 (1) 0.050033 (1) 0.024505 (1) 0.045973 (1) 
Residue: TYR 84   0.999992 (1) 0.000008 (0) 
Residue: TYR 97   0.999994 (1) 0.000006 (0) 
Residue: GL4 100  0.722708 (0) 0.082535 (1) 0.050695 (1) 0.082773 (1) 0.061288 (1) 
Residue: TYR 102  0.999999 (1) 0.000001 (0) 
Residue: HIP 106  0.345157 (2) 0.571213 (1) 0.083630 (1) 
Residue: HIP 111  0.553249 (2) 0.342316 (1) 0.104435 (1) 
Residue: GL4 114  0.617996 (0) 0.083802 (1) 0.122166 (1) 0.068272 (1) 0.107764 (1) 
Residue: TYR 117  0.999997 (1) 0.000003 (0) 
Residue: GL4 122  0.334389 (0) 0.096231 (1) 0.234419 (1) 0.076118 (1) 0.258844 (1) 
Residue: TYR 127  0.999996 (1) 0.000004 (0) 
Residue: TYR 140  1.000000 (1) 0.000000 (0) 
Residue: GL4 143  0.720375 (0) 0.113263 (1) 0.029121 (1) 0.111023 (1) 0.026218 (1) 
Residue: TYR 145  1.000000 (1) 0.000000 (0) 
Residue: HIP 149  0.657779 (2) 0.325264 (1) 0.016958 (1) 
Residue: HIP 154  0.373541 (2) 0.489541 (1) 0.136918 (1) 
Residue: GL4 157  0.741931 (0) 0.124177 (1) 0.004485 (1) 0.123225 (1) 0.006182 (1) 
Residue: TYR 160  1.000000 (1) 0.000000 (0) 
Residue: GL4 165  0.886568 (0) 0.040527 (1) 0.017127 (1) 0.036154 (1) 0.019624 (1) 
Residue: TYR 170  1.000000 (1) 0.000000 (0) 
