   Residue Number     State  0     State  1     State  2     State  3     State  4 
-----------------------------------------------------------------------------------
Residue: TYR 11   1.000000 (1) 0.000000 (0) 
Residue: GL4 14   0.838307 (0) 0.027346 (1) 0.051582 (1) 0.031058 (1) 0.051707 (1) 
Residue: TYR 16   0.999992 (1) 0.000008 (0) 
Residue: HIP 20   0.264820 (2) 0.733402 (1) 0.001778 (1) 
Residue: HIP 25   0.143293 (2) 0.747219 (1) 0.109488 (1) 
Residue: GL4 28   0.675858 (0) 0.109505 (1) 0.037231 (1) 0.141522 (1) 0.035884 (1) 
Residue: TYR 31   1.000000 (1) 0.000000 (0) 
Residue: GL4 36   0.633590 (0) 0.148439 (1) 0.059489 (1) 0.095852 (1) 0.062630 (1) 
Residue: TYR 41   0.999999 (1) 0.000001 (0) 
Residue: TYR 54   0.999982 (1) 0.000018 (0) 
Residue: GL4 57   0.805063 (0) 0.021414 (1) 0.085338 (1) 0.017058 (1) 0.071127 (1) 
Residue: TYR 59   0.999968 (1) 0.000032 (0) 
Residue: HIP 63   0.603417 (2) 0.376042 (1) 0.020541 (1) 
Residue: HIP 68   0.404924 (2) 0.516758 (1) 0.078318 (1) 
Residue: GL4 71   0.871224 (0) 0.030572 (1) 0.034777 (1) 0.028678 (1) 0.034750 (1) 
Residue: TYR 74   0.999994 (1) 0.000006 (0) 
Residue: GL4 79   0.913855 (0) 0.013712 (1) 0.033689 (1) 0.013814 (1) 0.024930 (1) 
Residue: TYR 84   0.999985 (1) 0.000015 (0) 
Residue: TYR 97   0.999987 (1) 0.000013 (0) 
Residue: GL4 100  0.845139 (0) 0.042153 (1) 0.034088 (1) 0.042674 (1) 0.035946 (1) 
Residue: TYR 102  0.999993 (1) 0.000007 (0) 
Residue: HIP 106  0.230102 (2) 0.683969 (1) 0.085929 (1) 
Residue: HIP 111  0.372360 (2) 0.489135 (1) 0.138505 (1) 
Residue: GL4 114  0.748151 (0) 0.049992 (1) 0.088085 (1) 0.035634 (1) 0.078138 (1) 
Residue: TYR 117  0.999991 (1) 0.000009 (0) 
Residue: GL4 122  0.534071 (0) 0.045333 (1) 0.176436 (1) 0.032149 (1) 0.212011 (1) 
Residue: TYR 127  0.999992 (1) 0.000008 (0) 
Residue: TYR 140  0.999999 (1) 0.000001 (0) 
Residue: GL4 143  0.811796 (0) 0.077782 (1) 0.019641 (1) 0.068739 (1) 0.022043 (1) 
Residue: TYR 145  0.999997 (1) 0.000003 (0) 
Residue: HIP 149  0.461460 (2) 0.515315 (1) 0.023226 (1) 
Residue: HIP 154  0.271030 (2) 0.589029 (1) 0.139941 (1) 
Residue: GL4 157  0.818662 (0) 0.084066 (1) 0.004109 (1) 0.087420 (1) 0.005743 (1) 
Residue: TYR 160  1.000000 (1) 0.000000 (0) 
Residue: GL4 165  0.892602 (0) 0.037754 (1) 0.015106 (1) 0.033737 (1) 0.020801 (1) 
Residue: TYR 170  0.999999 (1) 0.000001 (0) 
