   Residue Number     State  0     State  1     State  2     State  3     State  4 
-----------------------------------------------------------------------------------
Residue: TYR 11   0.999999 (1) 0.000001 (0) 
Residue: GL4 14   0.908185 (0) 0.012993 (1) 0.033820 (1) 0.013723 (1) 0.031280 (1) 
Residue: TYR 16   0.999984 (1) 0.000016 (0) 
Residue: HIP 20   0.208646 (2) 0.789606 (1) 0.001748 (1) 
Residue: HIP 25   0.087923 (2) 0.816067 (1) 0.096011 (1) 
Residue: GL4 28   0.803264 (0) 0.071516 (1) 0.019435 (1) 0.089538 (1) 0.016247 (1) 
Residue: TYR 31   0.999998 (1) 0.000002 (0) 
Residue: GL4 36   0.797519 (0) 0.089568 (1) 0.029923 (1) 0.053606 (1) 0.029383 (1) 
Residue: TYR 41   0.999999 (1) 0.000001 (0) 
Residue: TYR 54   0.999942 (1) 0.000058 (0) 
Residue: GL4 57   0.919938 (0) 0.008543 (1) 0.036137 (1) 0.006930 (1) 0.028452 (1) 
Residue: TYR 59   0.999917 (1) 0.000083 (0) 
Residue: HIP 63   0.428849 (2) 0.543279 (1) 0.027873 (1) 
Residue: HIP 68   0.234509 (2) 0.682942 (1) 0.082549 (1) 
Residue: GL4 71   0.949056 (0) 0.017067 (1) 0.011212 (1) 0.012268 (1) 0.010398 (1) 
Residue: TYR 74   0.999981 (1) 0.000019 (0) 
Residue: GL4 79   0.959697 (0) 0.006619 (1) 0.015368 (1) 0.006951 (1) 0.011366 (1) 
Residue: TYR 84   0.999934 (1) 0.000066 (0) 
Residue: TYR 97   0.999966 (1) 0.000034 (0) 
Residue: GL4 100  0.927968 (0) 0.019440 (1) 0.017018 (1) 0.019807 (1) 0.015767 (1) 
Residue: TYR 102  0.999982 (1) 0.000018 (0) 
Residue: HIP 106  0.148598 (2) 0.781609 (1) 0.069793 (1) 
Residue: HIP 111  0.212526 (2) 0.622598 (1) 0.164876 (1) 
Residue: GL4 114  0.870592 (0) 0.025463 (1) 0.045773 (1) 0.018373 (1) 0.039799 (1) 
Residue: TYR 117  0.999981 (1) 0.000019 (0) 
Residue: GL4 122  0.746236 (0) 0.015456 (1) 0.103227 (1) 0.011581 (1) 0.123500 (1) 
Residue: TYR 127  0.999982 (1) 0.000018 (0) 
Residue: TYR 140  1.000000 (1) 0.000000 (0) 
Residue: GL4 143  0.903297 (0) 0.036945 (1) 0.010230 (1) 0.033608 (1) 0.015920 (1) 
Residue: TYR 145  0.999997 (1) 0.000003 (0) 
Residue: HIP 149  0.251720 (2) 0.720587 (1) 0.027693 (1) 
Residue: HIP 154  0.166704 (2) 0.714025 (1) 0.119271 (1) 
Residue: GL4 157  0.911620 (0) 0.037504 (1) 0.003100 (1) 0.043517 (1) 0.004259 (1) 
Residue: TYR 160  0.999998 (1) 0.000002 (0) 
Residue: GL4 165  0.924638 (0) 0.022654 (1) 0.013963 (1) 0.021280 (1) 0.017465 (1) 
Residue: TYR 170  0.999998 (1) 0.000002 (0) 
