   Residue Number     State  0     State  1     State  2     State  3     State  4 
-----------------------------------------------------------------------------------
Residue: TYR 11   0.999990 (1) 0.000010 (0) 
Residue: GL4 14   0.985873 (0) 0.001560 (1) 0.005523 (1) 0.001619 (1) 0.005424 (1) 
Residue: TYR 16   0.999906 (1) 0.000094 (0) 
Residue: HIP 20   0.048701 (2) 0.949422 (1) 0.001877 (1) 
Residue: HIP 25   0.017568 (2) 0.903203 (1) 0.079228 (1) 
Residue: GL4 28   0.967489 (0) 0.012216 (1) 0.003126 (1) 0.014962 (1) 0.002208 (1) 
Residue: TYR 31   0.999997 (1) 0.000003 (0) 
Residue: GL4 36   0.970289 (0) 0.013278 (1) 0.004296 (1) 0.008268 (1) 0.003869 (1) 
Residue: TYR 41   0.999983 (1) 0.000017 (0) 
Residue: TYR 54   0.999335 (1) 0.000665 (0) 
Residue: GL4 57   0.991848 (0) 0.000891 (1) 0.004385 (1) 0.000891 (1) 0.001985 (1) 
Residue: TYR 59   0.999222 (1) 0.000778 (0) 
Residue: HIP 63   0.109048 (2) 0.855210 (1) 0.035742 (1) 
Residue: HIP 68   0.043219 (2) 0.874266 (1) 0.082515 (1) 
Residue: GL4 71   0.994660 (0) 0.002265 (1) 0.000843 (1) 0.001734 (1) 0.000498 (1) 
Residue: TYR 74   0.999898 (1) 0.000102 (0) 
Residue: GL4 79   0.993750 (0) 0.000906 (1) 0.002840 (1) 0.000997 (1) 0.001508 (1) 
Residue: TYR 84   0.999362 (1) 0.000638 (0) 
Residue: TYR 97   0.999700 (1) 0.000300 (0) 
Residue: GL4 100  0.990567 (0) 0.002766 (1) 0.002134 (1) 0.002830 (1) 0.001703 (1) 
Residue: TYR 102  0.999859 (1) 0.000141 (0) 
Residue: HIP 106  0.029393 (2) 0.937901 (1) 0.032706 (1) 
Residue: HIP 111  0.039206 (2) 0.767359 (1) 0.193435 (1) 
Residue: GL4 114  0.987176 (0) 0.003118 (1) 0.003531 (1) 0.003007 (1) 0.003169 (1) 
Residue: TYR 117  0.999816 (1) 0.000184 (0) 
Residue: GL4 122  0.961189 (0) 0.001627 (1) 0.016149 (1) 0.001443 (1) 0.019593 (1) 
Residue: TYR 127  0.999844 (1) 0.000156 (0) 
Residue: TYR 140  0.999994 (1) 0.000006 (0) 
Residue: GL4 143  0.985897 (0) 0.004460 (1) 0.003038 (1) 0.004548 (1) 0.002057 (1) 
Residue: TYR 145  0.999985 (1) 0.000015 (0) 
Residue: HIP 149  0.042349 (2) 0.935098 (1) 0.022553 (1) 
Residue: HIP 154  0.031740 (2) 0.856364 (1) 0.111896 (1) 
Residue: GL4 157  0.990788 (0) 0.002693 (1) 0.000686 (1) 0.005093 (1) 0.000740 (1) 
Residue: TYR 160  0.999998 (1) 0.000002 (0) 
Residue: GL4 165  0.989375 (0) 0.003045 (1) 0.002164 (1) 0.003611 (1) 0.001805 (1) 
Residue: TYR 170  0.999980 (1) 0.000020 (0) 
