   Residue Number     State  0     State  1     State  2     State  3     State  4 
-----------------------------------------------------------------------------------
Residue: TYR 11   1.000000 (1) 0.000000 (0) 
Residue: GL4 14   0.958149 (0) 0.005124 (1) 0.016501 (1) 0.005128 (1) 0.015098 (1) 
Residue: TYR 16   0.999965 (1) 0.000035 (0) 
Residue: HIP 20   0.112765 (2) 0.885465 (1) 0.001770 (1) 
Residue: HIP 25   0.043804 (2) 0.873243 (1) 0.082953 (1) 
Residue: GL4 28   0.913157 (0) 0.030242 (1) 0.008327 (1) 0.041663 (1) 0.006612 (1) 
Residue: TYR 31   0.999999 (1) 0.000001 (0) 
Residue: GL4 36   0.913535 (0) 0.039983 (1) 0.012083 (1) 0.024444 (1) 0.009956 (1) 
Residue: TYR 41   0.999997 (1) 0.000003 (0) 
Residue: TYR 54   0.999787 (1) 0.000213 (0) 
Residue: GL4 57   0.973685 (0) 0.003091 (1) 0.012638 (1) 0.002633 (1) 0.007953 (1) 
Residue: TYR 59   0.999732 (1) 0.000268 (0) 
Residue: HIP 63   0.249143 (2) 0.717700 (1) 0.033158 (1) 
Residue: HIP 68   0.110883 (2) 0.806500 (1) 0.082617 (1) 
Residue: GL4 71   0.984022 (0) 0.006555 (1) 0.002660 (1) 0.004701 (1) 0.002062 (1) 
Residue: TYR 74   0.999953 (1) 0.000047 (0) 
Residue: GL4 79   0.983393 (0) 0.002683 (1) 0.007146 (1) 0.002751 (1) 0.004028 (1) 
Residue: TYR 84   0.999792 (1) 0.000208 (0) 
Residue: TYR 97   0.999910 (1) 0.000090 (0) 
Residue: GL4 100  0.971034 (0) 0.007754 (1) 0.007369 (1) 0.008063 (1) 0.005779 (1) 
Residue: TYR 102  0.999944 (1) 0.000056 (0) 
Residue: HIP 106  0.074952 (2) 0.878614 (1) 0.046434 (1) 
Residue: HIP 111  0.101003 (2) 0.713931 (1) 0.185066 (1) 
Residue: GL4 114  0.954920 (0) 0.010009 (1) 0.013728 (1) 0.009570 (1) 0.011773 (1) 
Residue: TYR 117  0.999932 (1) 0.000068 (0) 
Residue: GL4 122  0.888140 (0) 0.005588 (1) 0.046243 (1) 0.004176 (1) 0.055854 (1) 
Residue: TYR 127  0.999951 (1) 0.000049 (0) 
Residue: TYR 140  0.999998 (1) 0.000002 (0) 
Residue: GL4 143  0.960977 (0) 0.013958 (1) 0.005468 (1) 0.012948 (1) 0.006648 (1) 
Residue: TYR 145  0.999995 (1) 0.000005 (0) 
Residue: HIP 149  0.110986 (2) 0.864432 (1) 0.024582 (1) 
Residue: HIP 154  0.080811 (2) 0.807890 (1) 0.111299 (1) 
Residue: GL4 157  0.969934 (0) 0.010640 (1) 0.001563 (1) 0.016198 (1) 0.001665 (1) 
Residue: TYR 160  1.000000 (1) 0.000000 (0) 
Residue: GL4 165  0.968772 (0) 0.008862 (1) 0.006164 (1) 0.009638 (1) 0.006563 (1) 
Residue: TYR 170  0.999992 (1) 0.000008 (0) 
