   Residue Number     State  0     State  1     State  2     State  3     State  4 
-----------------------------------------------------------------------------------
Residue: TYR 11   0.999927 (1) 0.000073 (0) 
Residue: GL4 14   0.998646 (0) 0.000159 (1) 0.000560 (1) 0.000151 (1) 0.000484 (1) 
Residue: TYR 16   0.999039 (1) 0.000961 (0) 
Residue: HIP 20   0.006013 (2) 0.991587 (1) 0.002399 (1) 
Residue: HIP 25   0.001935 (2) 0.920731 (1) 0.077334 (1) 
Residue: GL4 28   0.996612 (0) 0.001354 (1) 0.000339 (1) 0.001463 (1) 0.000231 (1) 
Residue: TYR 31   0.999957 (1) 0.000043 (0) 
Residue: GL4 36   0.996957 (0) 0.001233 (1) 0.000484 (1) 0.000823 (1) 0.000502 (1) 
Residue: TYR 41   0.999789 (1) 0.000211 (0) 
Residue: TYR 54   0.993721 (1) 0.006279 (0) 
Residue: GL4 57   0.999174 (0) 0.000108 (1) 0.000413 (1) 0.000085 (1) 0.000219 (1) 
Residue: TYR 59   0.992392 (1) 0.007608 (0) 
Residue: HIP 63   0.013295 (2) 0.949209 (1) 0.037496 (1) 
Residue: HIP 68   0.004741 (2) 0.911677 (1) 0.083582 (1) 
Residue: GL4 71   0.999454 (0) 0.000222 (1) 0.000078 (1) 0.000208 (1) 0.000038 (1) 
Residue: TYR 74   0.998864 (1) 0.001136 (0) 
Residue: GL4 79   0.999410 (0) 0.000078 (1) 0.000227 (1) 0.000108 (1) 0.000178 (1) 
Residue: TYR 84   0.993266 (1) 0.006734 (0) 
Residue: TYR 97   0.997033 (1) 0.002967 (0) 
Residue: GL4 100  0.999047 (0) 0.000283 (1) 0.000207 (1) 0.000283 (1) 0.000180 (1) 
Residue: TYR 102  0.998625 (1) 0.001375 (0) 
Residue: HIP 106  0.003284 (2) 0.971518 (1) 0.025198 (1) 
Residue: HIP 111  0.004399 (2) 0.798191 (1) 0.197410 (1) 
Residue: GL4 114  0.998905 (0) 0.000323 (1) 0.000281 (1) 0.000246 (1) 0.000246 (1) 
Residue: TYR 117  0.998122 (1) 0.001878 (0) 
Residue: GL4 122  0.995597 (0) 0.000208 (1) 0.001690 (1) 0.000202 (1) 0.002303 (1) 
Residue: TYR 127  0.998487 (1) 0.001513 (0) 
Residue: TYR 140  0.999936 (1) 0.000064 (0) 
Residue: GL4 143  0.998426 (0) 0.000458 (1) 0.000342 (1) 0.000573 (1) 0.000203 (1) 
Residue: TYR 145  0.999886 (1) 0.000114 (0) 
Residue: HIP 149  0.004860 (2) 0.973500 (1) 0.021640 (1) 
Residue: HIP 154  0.003455 (2) 0.881886 (1) 0.114659 (1) 
Residue: GL4 157  0.999142 (0) 0.000188 (1) 0.000090 (1) 0.000540 (1) 0.000040 (1) 
Residue: TYR 160  0.999992 (1) 0.000008 (0) 
Residue: GL4 165  0.998867 (0) 0.000294 (1) 0.000254 (1) 0.000417 (1) 0.000168 (1) 
Residue: TYR 170  0.999783 (1) 0.000217 (0) 
