   Residue Number     State  0     State  1     State  2     State  3     State  4 
-----------------------------------------------------------------------------------
Residue: TYR 11   0.999985 (1) 0.000015 (0) 
Residue: GL4 14   0.995457 (0) 0.000487 (1) 0.001732 (1) 0.000520 (1) 0.001804 (1) 
Residue: TYR 16   0.999658 (1) 0.000342 (0) 
Residue: HIP 20   0.017641 (2) 0.980054 (1) 0.002305 (1) 
Residue: HIP 25   0.006173 (2) 0.915127 (1) 0.078700 (1) 
Residue: GL4 28   0.989279 (0) 0.004158 (1) 0.001030 (1) 0.004815 (1) 0.000718 (1) 
Residue: TYR 31   0.999991 (1) 0.000009 (0) 
Residue: GL4 36   0.990498 (0) 0.004009 (1) 0.001473 (1) 0.002577 (1) 0.001443 (1) 
Residue: TYR 41   0.999937 (1) 0.000063 (0) 
Residue: TYR 54   0.998040 (1) 0.001960 (0) 
Residue: GL4 57   0.997311 (0) 0.000359 (1) 0.001399 (1) 0.000293 (1) 0.000638 (1) 
Residue: TYR 59   0.997532 (1) 0.002468 (0) 
Residue: HIP 63   0.039519 (2) 0.923683 (1) 0.036798 (1) 
Residue: HIP 68   0.015043 (2) 0.901422 (1) 0.083535 (1) 
Residue: GL4 71   0.998252 (0) 0.000765 (1) 0.000337 (1) 0.000530 (1) 0.000116 (1) 
Residue: TYR 74   0.999657 (1) 0.000343 (0) 
Residue: GL4 79   0.997916 (0) 0.000308 (1) 0.000893 (1) 0.000314 (1) 0.000568 (1) 
Residue: TYR 84   0.998022 (1) 0.001978 (0) 
Residue: TYR 97   0.999098 (1) 0.000902 (0) 
Residue: GL4 100  0.996945 (0) 0.000819 (1) 0.000700 (1) 0.000935 (1) 0.000601 (1) 
Residue: TYR 102  0.999576 (1) 0.000424 (0) 
Residue: HIP 106  0.010201 (2) 0.962211 (1) 0.027588 (1) 
Residue: HIP 111  0.013504 (2) 0.790502 (1) 0.195993 (1) 
Residue: GL4 114  0.996158 (0) 0.001020 (1) 0.001030 (1) 0.000849 (1) 0.000943 (1) 
Residue: TYR 117  0.999369 (1) 0.000631 (0) 
Residue: GL4 122  0.987141 (0) 0.000548 (1) 0.005405 (1) 0.000495 (1) 0.006412 (1) 
Residue: TYR 127  0.999457 (1) 0.000543 (0) 
Residue: TYR 140  0.999977 (1) 0.000023 (0) 
Residue: GL4 143  0.995304 (0) 0.001479 (1) 0.001071 (1) 0.001528 (1) 0.000618 (1) 
Residue: TYR 145  0.999959 (1) 0.000041 (0) 
Residue: HIP 149  0.014853 (2) 0.963427 (1) 0.021720 (1) 
Residue: HIP 154  0.010734 (2) 0.875670 (1) 0.113596 (1) 
Residue: GL4 157  0.997059 (0) 0.000703 (1) 0.000254 (1) 0.001807 (1) 0.000177 (1) 
Residue: TYR 160  0.999992 (1) 0.000008 (0) 
Residue: GL4 165  0.996457 (0) 0.000968 (1) 0.000844 (1) 0.001227 (1) 0.000504 (1) 
Residue: TYR 170  0.999926 (1) 0.000074 (0) 
