# 1    2
# pH   Residue
0.00 0.000 0.001 0.000 0.000 0.000 0.019 0.000 0.000 0.000 0.000 0.000 0.000 0.000 0.000 0.000 0.000 0.000 0.000 0.000 0.000 0.000 0.000 0.000 0.005 0.000 0.000 0.000 0.000 0.001 0.000 0.000 0.000 0.142 0.000 0.002 0.000  
0.50 0.000 0.004 0.000 0.000 0.000 0.046 0.000 0.001 0.000 0.000 0.000 0.000 0.000 0.000 0.001 0.000 0.001 0.000 0.000 0.000 0.000 0.000 0.000 0.010 0.000 0.000 0.000 0.000 0.002 0.000 0.000 0.000 0.335 0.000 0.005 0.000  
1.00 0.000 0.009 0.000 0.000 0.000 0.077 0.000 0.002 0.000 0.000 0.000 0.000 0.000 0.000 0.002 0.000 0.001 0.000 0.000 0.001 0.000 0.000 0.000 0.017 0.000 0.000 0.000 0.000 0.005 0.000 0.000 0.000 0.571 0.000 0.012 0.000  
1.50 0.000 0.024 0.000 0.000 0.000 0.102 0.000 0.005 0.000 0.000 0.001 0.000 0.000 0.000 0.003 0.000 0.004 0.000 0.000 0.001 0.000 0.000 0.000 0.022 0.000 0.000 0.000 0.000 0.015 0.000 0.000 0.000 0.736 0.000 0.032 0.000  
2.00 0.000 0.064 0.000 0.001 0.001 0.119 0.000 0.015 0.000 0.000 0.004 0.000 0.000 0.000 0.008 0.000 0.010 0.000 0.000 0.004 0.000 0.000 0.000 0.028 0.000 0.001 0.000 0.000 0.038 0.000 0.000 0.001 0.808 0.000 0.084 0.000  
2.50 0.000 0.154 0.000 0.002 0.004 0.142 0.000 0.036 0.000 0.000 0.009 0.000 0.000 0.001 0.018 0.000 0.027 0.000 0.000 0.009 0.000 0.001 0.000 0.041 0.000 0.003 0.000 0.000 0.088 0.000 0.001 0.002 0.828 0.000 0.206 0.000  
3.00 0.000 0.299 0.000 0.005 0.014 0.181 0.000 0.070 0.000 0.000 0.020 0.000 0.001 0.002 0.041 0.000 0.058 0.000 0.000 0.020 0.000 0.002 0.001 0.065 0.000 0.007 0.000 0.000 0.162 0.000 0.002 0.006 0.824 0.000 0.401 0.000  
3.50 0.000 0.454 0.000 0.015 0.042 0.252 0.000 0.102 0.000 0.000 0.035 0.000 0.002 0.006 0.088 0.000 0.107 0.000 0.000 0.038 0.000 0.005 0.004 0.110 0.000 0.013 0.000 0.000 0.238 0.000 0.005 0.018 0.804 0.000 0.599 0.000  
4.00 0.000 0.569 0.000 0.041 0.119 0.360 0.000 0.125 0.000 0.000 0.059 0.000 0.007 0.016 0.166 0.000 0.189 0.000 0.000 0.074 0.000 0.015 0.010 0.176 0.000 0.022 0.000 0.000 0.300 0.000 0.014 0.053 0.773 0.000 0.735 0.000  
4.50 0.000 0.635 0.000 0.106 0.282 0.479 0.000 0.147 0.000 0.000 0.101 0.000 0.018 0.039 0.252 0.000 0.338 0.000 0.000 0.146 0.000 0.042 0.026 0.251 0.000 0.038 0.000 0.000 0.370 0.000 0.033 0.131 0.731 0.000 0.822 0.000  
5.00 0.000 0.681 0.000 0.243 0.484 0.555 0.000 0.182 0.000 0.000 0.177 0.000 0.044 0.079 0.335 0.000 0.538 0.000 0.000 0.261 0.000 0.108 0.064 0.316 0.000 0.064 0.000 0.000 0.458 0.000 0.070 0.246 0.702 0.000 0.873 0.000  
5.50 0.000 0.714 0.000 0.445 0.626 0.583 0.000 0.222 0.000 0.000 0.293 0.000 0.088 0.150 0.445 0.000 0.698 0.000 0.000 0.404 0.000 0.247 0.144 0.383 0.000 0.103 0.000 0.000 0.548 0.000 0.127 0.377 0.696 0.000 0.899 0.000  
6.00 0.000 0.738 0.000 0.613 0.718 0.591 0.000 0.292 0.000 0.000 0.449 0.000 0.152 0.263 0.583 0.000 0.791 0.000 0.000 0.562 0.000 0.460 0.280 0.490 0.000 0.182 0.000 0.000 0.636 0.000 0.209 0.512 0.707 0.000 0.901 0.000  
6.50 0.000 0.769 0.000 0.694 0.789 0.610 0.000 0.425 0.000 0.000 0.638 0.000 0.253 0.417 0.735 0.000 0.855 0.000 0.000 0.723 0.000 0.655 0.447 0.618 0.000 0.334 0.000 0.000 0.720 0.000 0.342 0.626 0.742 0.000 0.887 0.000  
7.00 0.000 0.838 0.000 0.735 0.857 0.676 0.000 0.634 0.000 0.000 0.805 0.000 0.397 0.595 0.871 0.000 0.914 0.000 0.000 0.845 0.000 0.770 0.628 0.748 0.000 0.534 0.000 0.000 0.812 0.000 0.539 0.729 0.819 0.000 0.893 0.000  
7.50 0.000 0.908 0.000 0.791 0.912 0.803 0.000 0.798 0.000 0.000 0.920 0.000 0.571 0.765 0.949 0.000 0.960 0.000 0.000 0.928 0.000 0.851 0.787 0.871 0.000 0.746 0.000 0.000 0.903 0.000 0.748 0.833 0.912 0.000 0.925 0.000  
8.00 0.000 0.958 0.000 0.887 0.956 0.913 0.000 0.914 0.000 0.000 0.974 0.000 0.751 0.889 0.984 0.000 0.983 0.000 0.000 0.971 0.000 0.925 0.899 0.955 0.000 0.888 0.000 0.000 0.961 0.000 0.889 0.919 0.970 0.000 0.969 0.000  
8.50 0.000 0.986 0.000 0.951 0.982 0.967 0.000 0.970 0.000 0.001 0.992 0.001 0.891 0.957 0.995 0.000 0.994 0.001 0.000 0.991 0.000 0.971 0.961 0.987 0.000 0.961 0.000 0.000 0.986 0.000 0.958 0.968 0.991 0.000 0.989 0.000  
9.00 0.000 0.995 0.000 0.982 0.994 0.989 0.000 0.990 0.000 0.002 0.997 0.002 0.960 0.985 0.998 0.000 0.998 0.002 0.001 0.997 0.000 0.990 0.986 0.996 0.001 0.987 0.001 0.000 0.995 0.000 0.985 0.989 0.997 0.000 0.996 0.000  
9.50 0.000 0.999 0.001 0.994 0.998 0.997 0.000 0.997 0.000 0.006 0.999 0.008 0.987 0.995 0.999 0.001 0.999 0.007 0.003 0.999 0.001 0.997 0.996 0.999 0.002 0.996 0.002 0.000 0.998 0.000 0.995 0.997 0.999 0.000 0.999 0.000  
10.00 0.000 1.000 0.003 0.998 0.999 0.999 0.000 0.999 0.001 0.019 1.000 0.023 0.995 0.998 1.000 0.003 1.000 0.020 0.009 1.000 0.004 0.999 0.999 1.000 0.006 0.999 0.005 0.000 1.000 0.000 0.998 0.999 1.000 0.000 1.000 0.001  
10.50 0.001 1.000 0.009 0.999 1.000 1.000 0.000 1.000 0.002 0.058 1.000 0.071 0.998 0.999 1.000 0.011 1.000 0.063 0.030 1.000 0.014 1.000 1.000 1.000 0.019 1.000 0.015 0.001 1.000 0.001 0.999 1.000 1.000 0.000 1.000 0.002  
11.00 0.003 1.000 0.024 1.000 1.000 1.000 0.001 1.000 0.006 0.166 1.000 0.192 0.999 1.000 1.000 0.034 1.000 0.179 0.091 1.000 0.042 1.000 1.000 1.000 0.061 1.000 0.046 0.002 1.000 0.003 1.000 1.000 1.000 0.000 1.000 0.007  
11.50 0.017 1.000 0.055 1.000 1.000 1.000 0.003 1.000 0.019 0.408 1.000 0.413 1.000 1.000 1.000 0.100 1.000 0.424 0.258 1.000 0.121 1.000 1.000 1.000 0.190 1.000 0.135 0.006 1.000 0.008 1.000 1.000 1.000 0.002 1.000 0.018  
12.00 0.091 1.000 0.103 1.000 1.000 1.000 0.007 1.000 0.063 0.742 1.000 0.642 1.000 1.000 1.000 0.263 1.000 0.727 0.559 1.000 0.298 1.000 1.000 1.000 0.493 1.000 0.344 0.020 1.000 0.018 1.000 1.000 1.000 0.006 1.000 0.049  
12.50 0.330 1.000 0.176 1.000 1.000 1.000 0.016 1.000 0.181 0.940 1.000 0.791 1.000 1.000 1.000 0.545 1.000 0.905 0.816 1.000 0.560 1.000 1.000 1.000 0.800 1.000 0.638 0.058 1.000 0.030 1.000 1.000 1.000 0.021 1.000 0.106  
13.00 0.640 1.000 0.300 1.000 1.000 1.000 0.033 1.000 0.381 0.987 1.000 0.876 1.000 1.000 1.000 0.794 1.000 0.965 0.926 1.000 0.788 1.000 1.000 1.000 0.933 1.000 0.839 0.145 1.000 0.042 1.000 1.000 1.000 0.064 1.000 0.167  
13.50 0.846 1.000 0.503 1.000 1.000 1.000 0.074 1.000 0.591 0.997 1.000 0.931 1.000 1.000 1.000 0.918 1.000 0.987 0.968 1.000 0.907 1.000 1.000 1.000 0.979 1.000 0.936 0.320 1.000 0.058 1.000 1.000 1.000 0.173 1.000 0.247  
