   Residue Number     State  0     State  1     State  2     State  3     State  4 
-----------------------------------------------------------------------------------
Residue: TYR 11   0.999999 (1) 0.000001 (0) 
Residue: GL4 14   0.001084 (0) 0.442891 (1) 0.053044 (1) 0.445499 (1) 0.057482 (1) 
Residue: TYR 16   1.000000 (1) 0.000000 (0) 
Residue: HIP 20   0.999996 (2) 0.000004 (1) 0.000000 (1) 
Residue: HIP 25   0.999969 (2) 0.000025 (1) 0.000006 (1) 
Residue: GL4 28   0.012527 (0) 0.409742 (1) 0.042551 (1) 0.487834 (1) 0.047346 (1) 
Residue: TYR 31   1.000000 (1) 0.000000 (0) 
Residue: GL4 36   0.001171 (0) 0.461233 (1) 0.045550 (1) 0.448667 (1) 0.043379 (1) 
Residue: TYR 41   1.000000 (1) 0.000000 (0) 
Residue: TYR 54   1.000000 (1) 0.000000 (0) 
Residue: GL4 57   0.000079 (0) 0.461138 (1) 0.039682 (1) 0.464642 (1) 0.034459 (1) 
Residue: TYR 59   1.000000 (1) 0.000000 (0) 
Residue: HIP 63   1.000000 (2) 0.000000 (1) 0.000000 (1) 
Residue: HIP 68   0.999995 (2) 0.000005 (1) 0.000000 (1) 
Residue: GL4 71   0.000449 (0) 0.479279 (1) 0.020426 (1) 0.479308 (1) 0.020537 (1) 
Residue: TYR 74   0.999999 (1) 0.000001 (0) 
Residue: GL4 79   0.000292 (0) 0.462394 (1) 0.037245 (1) 0.464401 (1) 0.035668 (1) 
Residue: TYR 84   1.000000 (1) 0.000000 (0) 
Residue: TYR 97   1.000000 (1) 0.000000 (0) 
Residue: GL4 100  0.003053 (0) 0.474402 (1) 0.027678 (1) 0.468523 (1) 0.026344 (1) 
Residue: TYR 102  1.000000 (1) 0.000000 (0) 
Residue: HIP 106  0.999998 (2) 0.000002 (1) 0.000000 (1) 
Residue: HIP 111  0.999974 (2) 0.000019 (1) 0.000006 (1) 
Residue: GL4 114  0.765000 (0) 0.034674 (1) 0.062937 (1) 0.052590 (1) 0.084799 (1) 
Residue: TYR 117  1.000000 (1) 0.000000 (0) 
Residue: GL4 122  0.001360 (0) 0.435058 (1) 0.069397 (1) 0.427473 (1) 0.066713 (1) 
Residue: TYR 127  1.000000 (1) 0.000000 (0) 
Residue: TYR 140  1.000000 (1) 0.000000 (0) 
Residue: GL4 143  0.002226 (0) 0.474798 (1) 0.025670 (1) 0.472080 (1) 0.025226 (1) 
Residue: TYR 145  1.000000 (1) 0.000000 (0) 
Residue: HIP 149  0.999995 (2) 0.000005 (1) 0.000001 (1) 
Residue: HIP 154  0.999965 (2) 0.000032 (1) 0.000003 (1) 
Residue: GL4 157  0.243616 (0) 0.192576 (1) 0.104846 (1) 0.239954 (1) 0.219009 (1) 
Residue: TYR 160  1.000000 (1) 0.000000 (0) 
Residue: GL4 165  0.004010 (0) 0.482691 (1) 0.017659 (1) 0.477505 (1) 0.018135 (1) 
Residue: TYR 170  1.000000 (1) 0.000000 (0) 
Residue: TYR 183  1.000000 (1) 0.000000 (0) 
Residue: GL4 186  0.000950 (0) 0.458149 (1) 0.030271 (1) 0.476987 (1) 0.033644 (1) 
Residue: TYR 188  1.000000 (1) 0.000000 (0) 
Residue: HIP 192  0.999989 (2) 0.000011 (1) 0.000000 (1) 
Residue: HIP 197  0.999959 (2) 0.000030 (1) 0.000011 (1) 
Residue: GL4 200  0.852277 (0) 0.014722 (1) 0.036153 (1) 0.014736 (1) 0.082113 (1) 
Residue: TYR 203  1.000000 (1) 0.000000 (0) 
Residue: GL4 208  0.001528 (0) 0.290797 (1) 0.216976 (1) 0.287573 (1) 0.203126 (1) 
Residue: TYR 213  1.000000 (1) 0.000000 (0) 
Residue: TYR 226  1.000000 (1) 0.000000 (0) 
Residue: GL4 229  0.002739 (0) 0.458335 (1) 0.023967 (1) 0.490980 (1) 0.023979 (1) 
Residue: TYR 231  1.000000 (1) 0.000000 (0) 
Residue: HIP 235  0.997008 (2) 0.000014 (1) 0.002978 (1) 
Residue: HIP 240  0.999914 (2) 0.000078 (1) 0.000007 (1) 
Residue: GL4 243  0.135800 (0) 0.585069 (1) 0.021934 (1) 0.229432 (1) 0.027764 (1) 
Residue: TYR 246  1.000000 (1) 0.000000 (0) 
Residue: GL4 251  0.001636 (0) 0.385150 (1) 0.107803 (1) 0.393553 (1) 0.111859 (1) 
Residue: TYR 256  1.000000 (1) 0.000000 (0) 
Residue: TYR 269  1.000000 (1) 0.000000 (0) 
Residue: GL4 272  0.000093 (0) 0.423599 (1) 0.064294 (1) 0.443626 (1) 0.068388 (1) 
Residue: TYR 274  0.999999 (1) 0.000001 (0) 
Residue: HIP 278  1.000000 (2) 0.000000 (1) 0.000000 (1) 
Residue: HIP 283  1.000000 (2) 0.000000 (1) 0.000000 (1) 
Residue: GL4 286  0.003395 (0) 0.333511 (1) 0.165640 (1) 0.281708 (1) 0.215746 (1) 
Residue: TYR 289  1.000000 (1) 0.000000 (0) 
Residue: GL4 294  0.000017 (0) 0.311338 (1) 0.187425 (1) 0.312109 (1) 0.189110 (1) 
Residue: TYR 299  1.000000 (1) 0.000000 (0) 
Residue: TYR 312  1.000000 (1) 0.000000 (0) 
Residue: GL4 315  0.000673 (0) 0.447535 (1) 0.046812 (1) 0.439699 (1) 0.065280 (1) 
Residue: TYR 317  1.000000 (1) 0.000000 (0) 
Residue: HIP 321  1.000000 (2) 0.000000 (1) 0.000000 (1) 
Residue: HIP 326  0.999993 (2) 0.000007 (1) 0.000000 (1) 
Residue: GL4 329  0.019871 (0) 0.370482 (1) 0.039885 (1) 0.428695 (1) 0.141067 (1) 
Residue: TYR 332  1.000000 (1) 0.000000 (0) 
Residue: GL4 337  0.000277 (0) 0.233959 (1) 0.265345 (1) 0.237808 (1) 0.262611 (1) 
Residue: TYR 342  1.000000 (1) 0.000000 (0) 
