   Residue Number     State  0     State  1     State  2     State  3     State  4 
-----------------------------------------------------------------------------------
Residue: TYR 11   1.000000 (1) 0.000000 (0) 
Residue: GL4 14   0.003036 (0) 0.437893 (1) 0.053652 (1) 0.446530 (1) 0.058889 (1) 
Residue: TYR 16   1.000000 (1) 0.000000 (0) 
Residue: HIP 20   0.999981 (2) 0.000019 (1) 0.000000 (1) 
Residue: HIP 25   0.999870 (2) 0.000106 (1) 0.000025 (1) 
Residue: GL4 28   0.034092 (0) 0.384053 (1) 0.060807 (1) 0.458101 (1) 0.062947 (1) 
Residue: TYR 31   1.000000 (1) 0.000000 (0) 
Residue: GL4 36   0.003408 (0) 0.455592 (1) 0.047902 (1) 0.445447 (1) 0.047651 (1) 
Residue: TYR 41   1.000000 (1) 0.000000 (0) 
Residue: TYR 54   1.000000 (1) 0.000000 (0) 
Residue: GL4 57   0.000210 (0) 0.459309 (1) 0.040395 (1) 0.464288 (1) 0.035797 (1) 
Residue: TYR 59   1.000000 (1) 0.000000 (0) 
Residue: HIP 63   0.999996 (2) 0.000004 (1) 0.000000 (1) 
Residue: HIP 68   0.999996 (2) 0.000003 (1) 0.000001 (1) 
Residue: GL4 71   0.001296 (0) 0.470397 (1) 0.028307 (1) 0.470323 (1) 0.029677 (1) 
Residue: TYR 74   1.000000 (1) 0.000000 (0) 
Residue: GL4 79   0.000898 (0) 0.460740 (1) 0.038883 (1) 0.462827 (1) 0.036653 (1) 
Residue: TYR 84   1.000000 (1) 0.000000 (0) 
Residue: TYR 97   1.000000 (1) 0.000000 (0) 
Residue: GL4 100  0.008444 (0) 0.469866 (1) 0.029955 (1) 0.462523 (1) 0.029211 (1) 
Residue: TYR 102  1.000000 (1) 0.000000 (0) 
Residue: HIP 106  0.999983 (2) 0.000017 (1) 0.000000 (1) 
Residue: HIP 111  0.999952 (2) 0.000035 (1) 0.000014 (1) 
Residue: GL4 114  0.767262 (0) 0.035060 (1) 0.064661 (1) 0.053624 (1) 0.079394 (1) 
Residue: TYR 117  1.000000 (1) 0.000000 (0) 
Residue: GL4 122  0.003449 (0) 0.432466 (1) 0.069627 (1) 0.428306 (1) 0.066152 (1) 
Residue: TYR 127  1.000000 (1) 0.000000 (0) 
Residue: TYR 140  1.000000 (1) 0.000000 (0) 
Residue: GL4 143  0.006798 (0) 0.469629 (1) 0.027785 (1) 0.469256 (1) 0.026533 (1) 
Residue: TYR 145  1.000000 (1) 0.000000 (0) 
Residue: HIP 149  0.999982 (2) 0.000007 (1) 0.000011 (1) 
Residue: HIP 154  0.999926 (2) 0.000063 (1) 0.000011 (1) 
Residue: GL4 157  0.272714 (0) 0.186291 (1) 0.100972 (1) 0.231875 (1) 0.208149 (1) 
Residue: TYR 160  1.000000 (1) 0.000000 (0) 
Residue: GL4 165  0.012431 (0) 0.480076 (1) 0.017680 (1) 0.471413 (1) 0.018401 (1) 
Residue: TYR 170  1.000000 (1) 0.000000 (0) 
Residue: TYR 183  1.000000 (1) 0.000000 (0) 
Residue: GL4 186  0.002644 (0) 0.458113 (1) 0.032615 (1) 0.473064 (1) 0.033565 (1) 
Residue: TYR 188  0.999999 (1) 0.000001 (0) 
Residue: HIP 192  0.999969 (2) 0.000031 (1) 0.000000 (1) 
Residue: HIP 197  0.999929 (2) 0.000060 (1) 0.000011 (1) 
Residue: GL4 200  0.846463 (0) 0.022000 (1) 0.033820 (1) 0.019224 (1) 0.078493 (1) 
Residue: TYR 203  1.000000 (1) 0.000000 (0) 
Residue: GL4 208  0.004785 (0) 0.292085 (1) 0.212701 (1) 0.289162 (1) 0.201268 (1) 
Residue: TYR 213  1.000000 (1) 0.000000 (0) 
Residue: TYR 226  1.000000 (1) 0.000000 (0) 
Residue: GL4 229  0.007668 (0) 0.456005 (1) 0.024305 (1) 0.487607 (1) 0.024415 (1) 
Residue: TYR 231  1.000000 (1) 0.000000 (0) 
Residue: HIP 235  0.991678 (2) 0.000014 (1) 0.008309 (1) 
Residue: HIP 240  0.999762 (2) 0.000210 (1) 0.000028 (1) 
Residue: GL4 243  0.145810 (0) 0.572379 (1) 0.023316 (1) 0.228711 (1) 0.029785 (1) 
Residue: TYR 246  1.000000 (1) 0.000000 (0) 
Residue: GL4 251  0.004666 (0) 0.384852 (1) 0.106077 (1) 0.393304 (1) 0.111102 (1) 
Residue: TYR 256  1.000000 (1) 0.000000 (0) 
Residue: TYR 269  1.000000 (1) 0.000000 (0) 
Residue: GL4 272  0.000410 (0) 0.421811 (1) 0.064979 (1) 0.444679 (1) 0.068121 (1) 
Residue: TYR 274  1.000000 (1) 0.000000 (0) 
Residue: HIP 278  0.999992 (2) 0.000005 (1) 0.000003 (1) 
Residue: HIP 283  0.999998 (2) 0.000002 (1) 0.000000 (1) 
Residue: GL4 286  0.008198 (0) 0.331306 (1) 0.168992 (1) 0.280683 (1) 0.210821 (1) 
Residue: TYR 289  1.000000 (1) 0.000000 (0) 
Residue: GL4 294  0.000054 (0) 0.311078 (1) 0.188326 (1) 0.310903 (1) 0.189639 (1) 
Residue: TYR 299  1.000000 (1) 0.000000 (0) 
Residue: TYR 312  1.000000 (1) 0.000000 (0) 
Residue: GL4 315  0.001904 (0) 0.446716 (1) 0.048170 (1) 0.437291 (1) 0.065919 (1) 
Residue: TYR 317  1.000000 (1) 0.000000 (0) 
Residue: HIP 321  0.999988 (2) 0.000012 (1) 0.000000 (1) 
Residue: HIP 326  0.999948 (2) 0.000041 (1) 0.000011 (1) 
Residue: GL4 329  0.036312 (0) 0.359597 (1) 0.044948 (1) 0.414676 (1) 0.144467 (1) 
Residue: TYR 332  1.000000 (1) 0.000000 (0) 
Residue: GL4 337  0.000909 (0) 0.236708 (1) 0.263629 (1) 0.239429 (1) 0.259326 (1) 
Residue: TYR 342  1.000000 (1) 0.000000 (0) 
