   Residue Number     State  0     State  1     State  2     State  3     State  4 
-----------------------------------------------------------------------------------
Residue: TYR 11   1.000000 (1) 0.000000 (0) 
Residue: GL4 14   0.023157 (0) 0.417387 (1) 0.062487 (1) 0.431332 (1) 0.065637 (1) 
Residue: TYR 16   1.000000 (1) 0.000000 (0) 
Residue: HIP 20   0.999744 (2) 0.000254 (1) 0.000002 (1) 
Residue: HIP 25   0.999074 (2) 0.000819 (1) 0.000107 (1) 
Residue: GL4 28   0.154321 (0) 0.232737 (1) 0.161184 (1) 0.282553 (1) 0.169205 (1) 
Residue: TYR 31   1.000000 (1) 0.000000 (0) 
Residue: GL4 36   0.025612 (0) 0.420548 (1) 0.062045 (1) 0.411907 (1) 0.079889 (1) 
Residue: TYR 41   1.000000 (1) 0.000000 (0) 
Residue: TYR 54   0.999999 (1) 0.000001 (0) 
Residue: GL4 57   0.001993 (0) 0.452514 (1) 0.045115 (1) 0.455890 (1) 0.044489 (1) 
Residue: TYR 59   1.000000 (1) 0.000000 (0) 
Residue: HIP 63   0.999983 (2) 0.000014 (1) 0.000004 (1) 
Residue: HIP 68   0.999957 (2) 0.000031 (1) 0.000012 (1) 
Residue: GL4 71   0.005873 (0) 0.418283 (1) 0.075329 (1) 0.420077 (1) 0.080439 (1) 
Residue: TYR 74   1.000000 (1) 0.000000 (0) 
Residue: GL4 79   0.006676 (0) 0.448790 (1) 0.051541 (1) 0.444773 (1) 0.048220 (1) 
Residue: TYR 84   0.999999 (1) 0.000001 (0) 
Residue: TYR 97   1.000000 (1) 0.000000 (0) 
Residue: GL4 100  0.050645 (0) 0.429995 (1) 0.049802 (1) 0.419417 (1) 0.050141 (1) 
Residue: TYR 102  1.000000 (1) 0.000000 (0) 
Residue: HIP 106  0.999928 (2) 0.000069 (1) 0.000003 (1) 
Residue: HIP 111  0.999314 (2) 0.000483 (1) 0.000203 (1) 
Residue: GL4 114  0.764199 (0) 0.038793 (1) 0.071613 (1) 0.065146 (1) 0.060249 (1) 
Residue: TYR 117  1.000000 (1) 0.000000 (0) 
Residue: GL4 122  0.025670 (0) 0.416769 (1) 0.074627 (1) 0.412780 (1) 0.070155 (1) 
Residue: TYR 127  1.000000 (1) 0.000000 (0) 
Residue: TYR 140  1.000000 (1) 0.000000 (0) 
Residue: GL4 143  0.042876 (0) 0.438806 (1) 0.039769 (1) 0.441042 (1) 0.037507 (1) 
Residue: TYR 145  1.000000 (1) 0.000000 (0) 
Residue: HIP 149  0.999756 (2) 0.000201 (1) 0.000043 (1) 
Residue: HIP 154  0.999090 (2) 0.000654 (1) 0.000256 (1) 
Residue: GL4 157  0.448045 (0) 0.147214 (1) 0.077306 (1) 0.181548 (1) 0.145888 (1) 
Residue: TYR 160  1.000000 (1) 0.000000 (0) 
Residue: GL4 165  0.090179 (0) 0.443125 (1) 0.019851 (1) 0.428406 (1) 0.018438 (1) 
Residue: TYR 170  1.000000 (1) 0.000000 (0) 
Residue: TYR 183  0.999999 (1) 0.000001 (0) 
Residue: GL4 186  0.018232 (0) 0.448502 (1) 0.048245 (1) 0.450746 (1) 0.034275 (1) 
Residue: TYR 188  1.000000 (1) 0.000000 (0) 
Residue: HIP 192  0.999639 (2) 0.000317 (1) 0.000044 (1) 
Residue: HIP 197  0.999203 (2) 0.000637 (1) 0.000160 (1) 
Residue: GL4 200  0.779980 (0) 0.076338 (1) 0.023891 (1) 0.067096 (1) 0.052695 (1) 
Residue: TYR 203  1.000000 (1) 0.000000 (0) 
Residue: GL4 208  0.043946 (0) 0.285512 (1) 0.193165 (1) 0.286156 (1) 0.191221 (1) 
Residue: TYR 213  1.000000 (1) 0.000000 (0) 
Residue: TYR 226  1.000000 (1) 0.000000 (0) 
Residue: GL4 229  0.053750 (0) 0.437497 (1) 0.027933 (1) 0.453762 (1) 0.027057 (1) 
Residue: TYR 231  1.000000 (1) 0.000000 (0) 
Residue: HIP 235  0.948388 (2) 0.000173 (1) 0.051439 (1) 
Residue: HIP 240  0.997289 (2) 0.002238 (1) 0.000473 (1) 
Residue: GL4 243  0.228941 (0) 0.478345 (1) 0.031969 (1) 0.222502 (1) 0.038242 (1) 
Residue: TYR 246  1.000000 (1) 0.000000 (0) 
Residue: GL4 251  0.041782 (0) 0.371087 (1) 0.099444 (1) 0.380862 (1) 0.106826 (1) 
Residue: TYR 256  1.000000 (1) 0.000000 (0) 
Residue: TYR 269  1.000000 (1) 0.000000 (0) 
Residue: GL4 272  0.002813 (0) 0.412743 (1) 0.072648 (1) 0.445156 (1) 0.066640 (1) 
Residue: TYR 274  1.000000 (1) 0.000000 (0) 
Residue: HIP 278  0.999921 (2) 0.000056 (1) 0.000023 (1) 
Residue: HIP 283  0.999952 (2) 0.000032 (1) 0.000016 (1) 
Residue: GL4 286  0.035301 (0) 0.317222 (1) 0.185393 (1) 0.275955 (1) 0.186129 (1) 
Residue: TYR 289  0.999999 (1) 0.000001 (0) 
Residue: GL4 294  0.000412 (0) 0.312355 (1) 0.186822 (1) 0.313842 (1) 0.186569 (1) 
Residue: TYR 299  1.000000 (1) 0.000000 (0) 
Residue: TYR 312  1.000000 (1) 0.000000 (0) 
Residue: GL4 315  0.012367 (0) 0.435919 (1) 0.057159 (1) 0.424101 (1) 0.070454 (1) 
Residue: TYR 317  1.000000 (1) 0.000000 (0) 
Residue: HIP 321  0.999914 (2) 0.000070 (1) 0.000015 (1) 
Residue: HIP 326  0.999687 (2) 0.000255 (1) 0.000058 (1) 
Residue: GL4 329  0.153137 (0) 0.293693 (1) 0.068126 (1) 0.325994 (1) 0.159050 (1) 
Residue: TYR 332  1.000000 (1) 0.000000 (0) 
Residue: GL4 337  0.009751 (0) 0.244040 (1) 0.256976 (1) 0.241848 (1) 0.247384 (1) 
Residue: TYR 342  1.000000 (1) 0.000000 (0) 
