   Residue Number     State  0     State  1     State  2     State  3     State  4 
-----------------------------------------------------------------------------------
Residue: TYR 11   1.000000 (1) 0.000000 (0) 
Residue: GL4 14   0.008582 (0) 0.428673 (1) 0.057017 (1) 0.443658 (1) 0.062069 (1) 
Residue: TYR 16   1.000000 (1) 0.000000 (0) 
Residue: HIP 20   0.999940 (2) 0.000060 (1) 0.000000 (1) 
Residue: HIP 25   0.999656 (2) 0.000300 (1) 0.000044 (1) 
Residue: GL4 28   0.083338 (0) 0.325716 (1) 0.102088 (1) 0.386817 (1) 0.102040 (1) 
Residue: TYR 31   1.000000 (1) 0.000000 (0) 
Residue: GL4 36   0.009703 (0) 0.445936 (1) 0.052722 (1) 0.434713 (1) 0.056926 (1) 
Residue: TYR 41   1.000000 (1) 0.000000 (0) 
Residue: TYR 54   1.000000 (1) 0.000000 (0) 
Residue: GL4 57   0.000714 (0) 0.457643 (1) 0.041032 (1) 0.462473 (1) 0.038137 (1) 
Residue: TYR 59   1.000000 (1) 0.000000 (0) 
Residue: HIP 63   0.999995 (2) 0.000005 (1) 0.000001 (1) 
Residue: HIP 68   0.999989 (2) 0.000011 (1) 0.000000 (1) 
Residue: GL4 71   0.003144 (0) 0.449040 (1) 0.047358 (1) 0.450210 (1) 0.050249 (1) 
Residue: TYR 74   1.000000 (1) 0.000000 (0) 
Residue: GL4 79   0.002591 (0) 0.456860 (1) 0.042589 (1) 0.458027 (1) 0.039933 (1) 
Residue: TYR 84   1.000000 (1) 0.000000 (0) 
Residue: TYR 97   1.000000 (1) 0.000000 (0) 
Residue: GL4 100  0.022247 (0) 0.456932 (1) 0.035728 (1) 0.448528 (1) 0.036565 (1) 
Residue: TYR 102  1.000000 (1) 0.000000 (0) 
Residue: HIP 106  0.999988 (2) 0.000011 (1) 0.000001 (1) 
Residue: HIP 111  0.999801 (2) 0.000145 (1) 0.000054 (1) 
Residue: GL4 114  0.767054 (0) 0.037195 (1) 0.067613 (1) 0.057576 (1) 0.070562 (1) 
Residue: TYR 117  1.000000 (1) 0.000000 (0) 
Residue: GL4 122  0.009963 (0) 0.428129 (1) 0.071172 (1) 0.424353 (1) 0.066383 (1) 
Residue: TYR 127  1.000000 (1) 0.000000 (0) 
Residue: TYR 140  1.000000 (1) 0.000000 (0) 
Residue: GL4 143  0.018673 (0) 0.458887 (1) 0.032506 (1) 0.459725 (1) 0.030209 (1) 
Residue: TYR 145  1.000000 (1) 0.000000 (0) 
Residue: HIP 149  0.999932 (2) 0.000049 (1) 0.000019 (1) 
Residue: HIP 154  0.999696 (2) 0.000241 (1) 0.000064 (1) 
Residue: GL4 157  0.340364 (0) 0.169923 (1) 0.092662 (1) 0.214058 (1) 0.182993 (1) 
Residue: TYR 160  1.000000 (1) 0.000000 (0) 
Residue: GL4 165  0.035907 (0) 0.468605 (1) 0.018381 (1) 0.458758 (1) 0.018349 (1) 
Residue: TYR 170  1.000000 (1) 0.000000 (0) 
Residue: TYR 183  1.000000 (1) 0.000000 (0) 
Residue: GL4 186  0.007691 (0) 0.454933 (1) 0.038966 (1) 0.465342 (1) 0.033069 (1) 
Residue: TYR 188  1.000000 (1) 0.000000 (0) 
Residue: HIP 192  0.999889 (2) 0.000111 (1) 0.000000 (1) 
Residue: HIP 197  0.999790 (2) 0.000171 (1) 0.000038 (1) 
Residue: GL4 200  0.824679 (0) 0.041284 (1) 0.029605 (1) 0.035229 (1) 0.069203 (1) 
Residue: TYR 203  1.000000 (1) 0.000000 (0) 
Residue: GL4 208  0.014842 (0) 0.291989 (1) 0.204527 (1) 0.291092 (1) 0.197550 (1) 
Residue: TYR 213  1.000000 (1) 0.000000 (0) 
Residue: TYR 226  1.000000 (1) 0.000000 (0) 
Residue: GL4 229  0.021238 (0) 0.452112 (1) 0.025898 (1) 0.475316 (1) 0.025435 (1) 
Residue: TYR 231  0.999999 (1) 0.000001 (0) 
Residue: HIP 235  0.976751 (2) 0.000065 (1) 0.023185 (1) 
Residue: HIP 240  0.999158 (2) 0.000690 (1) 0.000152 (1) 
Residue: GL4 243  0.174132 (0) 0.538149 (1) 0.026781 (1) 0.227419 (1) 0.033518 (1) 
Residue: TYR 246  1.000000 (1) 0.000000 (0) 
Residue: GL4 251  0.014492 (0) 0.382674 (1) 0.103735 (1) 0.390149 (1) 0.108950 (1) 
Residue: TYR 256  1.000000 (1) 0.000000 (0) 
Residue: TYR 269  1.000000 (1) 0.000000 (0) 
Residue: GL4 272  0.001072 (0) 0.418258 (1) 0.066933 (1) 0.447197 (1) 0.066540 (1) 
Residue: TYR 274  0.999999 (1) 0.000001 (0) 
Residue: HIP 278  0.999983 (2) 0.000011 (1) 0.000006 (1) 
Residue: HIP 283  0.999979 (2) 0.000015 (1) 0.000006 (1) 
Residue: GL4 286  0.018110 (0) 0.324956 (1) 0.176071 (1) 0.280418 (1) 0.200445 (1) 
Residue: TYR 289  1.000000 (1) 0.000000 (0) 
Residue: GL4 294  0.000127 (0) 0.310116 (1) 0.187553 (1) 0.312529 (1) 0.189676 (1) 
Residue: TYR 299  1.000000 (1) 0.000000 (0) 
Residue: TYR 312  1.000000 (1) 0.000000 (0) 
Residue: GL4 315  0.005295 (0) 0.443487 (1) 0.052478 (1) 0.431588 (1) 0.067152 (1) 
Residue: TYR 317  1.000000 (1) 0.000000 (0) 
Residue: HIP 321  0.999981 (2) 0.000019 (1) 0.000000 (1) 
Residue: HIP 326  0.999884 (2) 0.000096 (1) 0.000020 (1) 
Residue: GL4 329  0.077272 (0) 0.334166 (1) 0.056024 (1) 0.382487 (1) 0.150050 (1) 
Residue: TYR 332  1.000000 (1) 0.000000 (0) 
Residue: GL4 337  0.003075 (0) 0.240973 (1) 0.260244 (1) 0.242473 (1) 0.253234 (1) 
Residue: TYR 342  1.000000 (1) 0.000000 (0) 
