   Residue Number     State  0     State  1     State  2     State  3     State  4 
-----------------------------------------------------------------------------------
Residue: TYR 11   1.000000 (1) 0.000000 (0) 
Residue: GL4 14   0.056420 (0) 0.392815 (1) 0.075654 (1) 0.401505 (1) 0.073606 (1) 
Residue: TYR 16   1.000000 (1) 0.000000 (0) 
Residue: HIP 20   0.999240 (2) 0.000756 (1) 0.000004 (1) 
Residue: HIP 25   0.997480 (2) 0.002119 (1) 0.000402 (1) 
Residue: GL4 28   0.207423 (0) 0.151417 (1) 0.202111 (1) 0.188767 (1) 0.250282 (1) 
Residue: TYR 31   1.000000 (1) 0.000000 (0) 
Residue: GL4 36   0.057504 (0) 0.375869 (1) 0.083847 (1) 0.364543 (1) 0.118237 (1) 
Residue: TYR 41   1.000000 (1) 0.000000 (0) 
Residue: TYR 54   0.999999 (1) 0.000001 (0) 
Residue: GL4 57   0.004938 (0) 0.438267 (1) 0.057836 (1) 0.442870 (1) 0.056090 (1) 
Residue: TYR 59   1.000000 (1) 0.000000 (0) 
Residue: HIP 63   0.999931 (2) 0.000065 (1) 0.000005 (1) 
Residue: HIP 68   0.999847 (2) 0.000115 (1) 0.000038 (1) 
Residue: GL4 71   0.010247 (0) 0.392474 (1) 0.100172 (1) 0.397726 (1) 0.099382 (1) 
Residue: TYR 74   1.000000 (1) 0.000000 (0) 
Residue: GL4 79   0.016329 (0) 0.427532 (1) 0.065677 (1) 0.424608 (1) 0.065855 (1) 
Residue: TYR 84   1.000000 (1) 0.000000 (0) 
Residue: TYR 97   1.000000 (1) 0.000000 (0) 
Residue: GL4 100  0.098432 (0) 0.382235 (1) 0.073012 (1) 0.371739 (1) 0.074581 (1) 
Residue: TYR 102  1.000000 (1) 0.000000 (0) 
Residue: HIP 106  0.999750 (2) 0.000234 (1) 0.000015 (1) 
Residue: HIP 111  0.997726 (2) 0.001532 (1) 0.000743 (1) 
Residue: GL4 114  0.752334 (0) 0.039244 (1) 0.072499 (1) 0.078656 (1) 0.057267 (1) 
Residue: TYR 117  1.000000 (1) 0.000000 (0) 
Residue: GL4 122  0.053495 (0) 0.395744 (1) 0.083616 (1) 0.387303 (1) 0.079842 (1) 
Residue: TYR 127  1.000000 (1) 0.000000 (0) 
Residue: TYR 140  1.000000 (1) 0.000000 (0) 
Residue: GL4 143  0.082981 (0) 0.412270 (1) 0.049542 (1) 0.407367 (1) 0.047839 (1) 
Residue: TYR 145  1.000000 (1) 0.000000 (0) 
Residue: HIP 149  0.999402 (2) 0.000447 (1) 0.000151 (1) 
Residue: HIP 154  0.997409 (2) 0.001908 (1) 0.000683 (1) 
Residue: GL4 157  0.561328 (0) 0.121592 (1) 0.057211 (1) 0.143836 (1) 0.116032 (1) 
Residue: TYR 160  1.000000 (1) 0.000000 (0) 
Residue: GL4 165  0.193693 (0) 0.393236 (1) 0.020685 (1) 0.372852 (1) 0.019534 (1) 
Residue: TYR 170  1.000000 (1) 0.000000 (0) 
Residue: TYR 183  1.000000 (1) 0.000000 (0) 
Residue: GL4 186  0.038256 (0) 0.434352 (1) 0.056858 (1) 0.429292 (1) 0.041242 (1) 
Residue: TYR 188  1.000000 (1) 0.000000 (0) 
Residue: HIP 192  0.999070 (2) 0.000762 (1) 0.000169 (1) 
Residue: HIP 197  0.997863 (2) 0.001778 (1) 0.000359 (1) 
Residue: GL4 200  0.722614 (0) 0.112096 (1) 0.018677 (1) 0.108811 (1) 0.037802 (1) 
Residue: TYR 203  1.000000 (1) 0.000000 (0) 
Residue: GL4 208  0.106923 (0) 0.267139 (1) 0.183773 (1) 0.261676 (1) 0.180490 (1) 
Residue: TYR 213  1.000000 (1) 0.000000 (0) 
Residue: TYR 226  1.000000 (1) 0.000000 (0) 
Residue: GL4 229  0.116510 (0) 0.403570 (1) 0.031517 (1) 0.417124 (1) 0.031279 (1) 
Residue: TYR 231  1.000000 (1) 0.000000 (0) 
Residue: HIP 235  0.904139 (2) 0.000460 (1) 0.095401 (1) 
Residue: HIP 240  0.992181 (2) 0.006349 (1) 0.001471 (1) 
Residue: GL4 243  0.303551 (0) 0.400886 (1) 0.034702 (1) 0.218672 (1) 0.042190 (1) 
Residue: TYR 246  1.000000 (1) 0.000000 (0) 
Residue: GL4 251  0.099415 (0) 0.345515 (1) 0.097184 (1) 0.356327 (1) 0.101560 (1) 
Residue: TYR 256  1.000000 (1) 0.000000 (0) 
Residue: TYR 269  1.000000 (1) 0.000000 (0) 
Residue: GL4 272  0.006940 (0) 0.400063 (1) 0.085756 (1) 0.435564 (1) 0.071676 (1) 
Residue: TYR 274  1.000000 (1) 0.000000 (0) 
Residue: HIP 278  0.999742 (2) 0.000201 (1) 0.000056 (1) 
Residue: HIP 283  0.999824 (2) 0.000130 (1) 0.000046 (1) 
Residue: GL4 286  0.062376 (0) 0.310126 (1) 0.192779 (1) 0.263548 (1) 0.171170 (1) 
Residue: TYR 289  1.000000 (1) 0.000000 (0) 
Residue: GL4 294  0.001210 (0) 0.309905 (1) 0.188654 (1) 0.312308 (1) 0.187923 (1) 
Residue: TYR 299  1.000000 (1) 0.000000 (0) 
Residue: TYR 312  1.000000 (1) 0.000000 (0) 
Residue: GL4 315  0.026708 (0) 0.426035 (1) 0.062121 (1) 0.414885 (1) 0.070251 (1) 
Residue: TYR 317  1.000000 (1) 0.000000 (0) 
Residue: HIP 321  0.999774 (2) 0.000202 (1) 0.000024 (1) 
Residue: HIP 326  0.998990 (2) 0.000749 (1) 0.000261 (1) 
Residue: GL4 329  0.242962 (0) 0.258998 (1) 0.066312 (1) 0.274177 (1) 0.157552 (1) 
Residue: TYR 332  1.000000 (1) 0.000000 (0) 
Residue: GL4 337  0.028085 (0) 0.236376 (1) 0.257621 (1) 0.231940 (1) 0.245978 (1) 
Residue: TYR 342  1.000000 (1) 0.000000 (0) 
