   Residue Number     State  0     State  1     State  2     State  3     State  4 
-----------------------------------------------------------------------------------
Residue: TYR 11   1.000000 (1) 0.000000 (0) 
Residue: GL4 14   0.127120 (0) 0.343585 (1) 0.092404 (1) 0.351054 (1) 0.085836 (1) 
Residue: TYR 16   1.000000 (1) 0.000000 (0) 
Residue: HIP 20   0.997919 (2) 0.002079 (1) 0.000003 (1) 
Residue: HIP 25   0.992636 (2) 0.006274 (1) 0.001090 (1) 
Residue: GL4 28   0.238117 (0) 0.110051 (1) 0.210719 (1) 0.131838 (1) 0.309274 (1) 
Residue: TYR 31   1.000000 (1) 0.000000 (0) 
Residue: GL4 36   0.110940 (0) 0.308672 (1) 0.118864 (1) 0.296284 (1) 0.165240 (1) 
Residue: TYR 41   1.000000 (1) 0.000000 (0) 
Residue: TYR 54   1.000000 (1) 0.000000 (0) 
Residue: GL4 57   0.012048 (0) 0.411730 (1) 0.084330 (1) 0.410841 (1) 0.081050 (1) 
Residue: TYR 59   1.000000 (1) 0.000000 (0) 
Residue: HIP 63   0.999831 (2) 0.000158 (1) 0.000012 (1) 
Residue: HIP 68   0.999486 (2) 0.000411 (1) 0.000103 (1) 
Residue: GL4 71   0.017571 (0) 0.374512 (1) 0.115966 (1) 0.385152 (1) 0.106798 (1) 
Residue: TYR 74   1.000000 (1) 0.000000 (0) 
Residue: GL4 79   0.036026 (0) 0.395949 (1) 0.087018 (1) 0.394064 (1) 0.086943 (1) 
Residue: TYR 84   1.000000 (1) 0.000000 (0) 
Residue: TYR 97   1.000000 (1) 0.000000 (0) 
Residue: GL4 100  0.155588 (0) 0.316480 (1) 0.106651 (1) 0.306610 (1) 0.114672 (1) 
Residue: TYR 102  1.000000 (1) 0.000000 (0) 
Residue: HIP 106  0.999023 (2) 0.000909 (1) 0.000067 (1) 
Residue: HIP 111  0.993073 (2) 0.004634 (1) 0.002294 (1) 
Residue: GL4 114  0.754706 (0) 0.040280 (1) 0.065742 (1) 0.076872 (1) 0.062401 (1) 
Residue: TYR 117  1.000000 (1) 0.000000 (0) 
Residue: GL4 122  0.091989 (0) 0.356062 (1) 0.099850 (1) 0.354704 (1) 0.097394 (1) 
Residue: TYR 127  1.000000 (1) 0.000000 (0) 
Residue: TYR 140  1.000000 (1) 0.000000 (0) 
Residue: GL4 143  0.134152 (0) 0.378730 (1) 0.063560 (1) 0.366016 (1) 0.057542 (1) 
Residue: TYR 145  1.000000 (1) 0.000000 (0) 
Residue: HIP 149  0.997987 (2) 0.001355 (1) 0.000658 (1) 
Residue: HIP 154  0.992196 (2) 0.005535 (1) 0.002269 (1) 
Residue: GL4 157  0.639431 (0) 0.101145 (1) 0.043304 (1) 0.116170 (1) 0.099950 (1) 
Residue: TYR 160  1.000000 (1) 0.000000 (0) 
Residue: GL4 165  0.330783 (0) 0.325065 (1) 0.022527 (1) 0.301065 (1) 0.020559 (1) 
Residue: TYR 170  1.000000 (1) 0.000000 (0) 
Residue: TYR 183  1.000000 (1) 0.000000 (0) 
Residue: GL4 186  0.068721 (0) 0.413096 (1) 0.065479 (1) 0.403178 (1) 0.049526 (1) 
Residue: TYR 188  1.000000 (1) 0.000000 (0) 
Residue: HIP 192  0.997756 (2) 0.001758 (1) 0.000487 (1) 
Residue: HIP 197  0.993219 (2) 0.005535 (1) 0.001246 (1) 
Residue: GL4 200  0.675690 (0) 0.137093 (1) 0.016546 (1) 0.138712 (1) 0.031959 (1) 
Residue: TYR 203  1.000000 (1) 0.000000 (0) 
Residue: GL4 208  0.207885 (0) 0.227528 (1) 0.177108 (1) 0.217269 (1) 0.170210 (1) 
Residue: TYR 213  1.000000 (1) 0.000000 (0) 
Residue: TYR 226  1.000000 (1) 0.000000 (0) 
Residue: GL4 229  0.217642 (0) 0.353594 (1) 0.034480 (1) 0.361242 (1) 0.033043 (1) 
Residue: TYR 231  1.000000 (1) 0.000000 (0) 
Residue: HIP 235  0.826522 (2) 0.001126 (1) 0.172351 (1) 
Residue: HIP 240  0.977808 (2) 0.017388 (1) 0.004804 (1) 
Residue: GL4 243  0.373261 (0) 0.331500 (1) 0.035906 (1) 0.218739 (1) 0.040595 (1) 
Residue: TYR 246  1.000000 (1) 0.000000 (0) 
Residue: GL4 251  0.180491 (0) 0.307395 (1) 0.097087 (1) 0.315357 (1) 0.099670 (1) 
Residue: TYR 256  1.000000 (1) 0.000000 (0) 
Residue: TYR 269  1.000000 (1) 0.000000 (0) 
Residue: GL4 272  0.016934 (0) 0.381911 (1) 0.100269 (1) 0.421061 (1) 0.079825 (1) 
Residue: TYR 274  1.000000 (1) 0.000000 (0) 
Residue: HIP 278  0.999109 (2) 0.000622 (1) 0.000269 (1) 
Residue: HIP 283  0.999493 (2) 0.000358 (1) 0.000149 (1) 
Residue: GL4 286  0.097277 (0) 0.289012 (1) 0.199635 (1) 0.251399 (1) 0.162678 (1) 
Residue: TYR 289  1.000000 (1) 0.000000 (0) 
Residue: GL4 294  0.003550 (0) 0.300387 (1) 0.196022 (1) 0.302803 (1) 0.197238 (1) 
Residue: TYR 299  1.000000 (1) 0.000000 (0) 
Residue: TYR 312  1.000000 (1) 0.000000 (0) 
Residue: GL4 315  0.053337 (0) 0.406679 (1) 0.072777 (1) 0.396190 (1) 0.071017 (1) 
Residue: TYR 317  1.000000 (1) 0.000000 (0) 
Residue: HIP 321  0.999336 (2) 0.000595 (1) 0.000069 (1) 
Residue: HIP 326  0.996736 (2) 0.002531 (1) 0.000733 (1) 
Residue: GL4 329  0.319385 (0) 0.243224 (1) 0.065744 (1) 0.232829 (1) 0.138818 (1) 
Residue: TYR 332  1.000000 (1) 0.000000 (0) 
Residue: GL4 337  0.068996 (0) 0.204501 (1) 0.266653 (1) 0.200765 (1) 0.259085 (1) 
Residue: TYR 342  1.000000 (1) 0.000000 (0) 
