   Residue Number     State  0     State  1     State  2     State  3     State  4 
-----------------------------------------------------------------------------------
Residue: TYR 11   1.000000 (1) 0.000000 (0) 
Residue: GL4 14   0.387456 (0) 0.200060 (1) 0.109999 (1) 0.192712 (1) 0.109773 (1) 
Residue: TYR 16   1.000000 (1) 0.000000 (0) 
Residue: HIP 20   0.982679 (2) 0.017277 (1) 0.000044 (1) 
Residue: HIP 25   0.942815 (2) 0.047415 (1) 0.009770 (1) 
Residue: GL4 28   0.288565 (0) 0.091672 (1) 0.225998 (1) 0.080407 (1) 0.313359 (1) 
Residue: TYR 31   1.000000 (1) 0.000000 (0) 
Residue: GL4 36   0.233464 (0) 0.197068 (1) 0.193477 (1) 0.198100 (1) 0.177892 (1) 
Residue: TYR 41   1.000000 (1) 0.000000 (0) 
Residue: TYR 54   1.000000 (1) 0.000000 (0) 
Residue: GL4 57   0.047272 (0) 0.302830 (1) 0.179299 (1) 0.302049 (1) 0.168551 (1) 
Residue: TYR 59   1.000000 (1) 0.000000 (0) 
Residue: HIP 63   0.998096 (2) 0.001782 (1) 0.000122 (1) 
Residue: HIP 68   0.995664 (2) 0.003524 (1) 0.000812 (1) 
Residue: GL4 71   0.062410 (0) 0.343475 (1) 0.125228 (1) 0.355358 (1) 0.113529 (1) 
Residue: TYR 74   1.000000 (1) 0.000000 (0) 
Residue: GL4 79   0.137824 (0) 0.305656 (1) 0.127869 (1) 0.305853 (1) 0.122798 (1) 
Residue: TYR 84   1.000000 (1) 0.000000 (0) 
Residue: TYR 97   1.000000 (1) 0.000000 (0) 
Residue: GL4 100  0.228823 (0) 0.195562 (1) 0.192093 (1) 0.195652 (1) 0.187871 (1) 
Residue: TYR 102  0.999999 (1) 0.000001 (0) 
Residue: HIP 106  0.992617 (2) 0.006681 (1) 0.000702 (1) 
Residue: HIP 111  0.944977 (2) 0.037202 (1) 0.017820 (1) 
Residue: GL4 114  0.806898 (0) 0.039222 (1) 0.056282 (1) 0.043484 (1) 0.054115 (1) 
Residue: TYR 117  1.000000 (1) 0.000000 (0) 
Residue: GL4 122  0.175246 (0) 0.263465 (1) 0.135737 (1) 0.293708 (1) 0.131844 (1) 
Residue: TYR 127  1.000000 (1) 0.000000 (0) 
Residue: TYR 140  1.000000 (1) 0.000000 (0) 
Residue: GL4 143  0.246499 (0) 0.314899 (1) 0.062220 (1) 0.310101 (1) 0.066281 (1) 
Residue: TYR 145  1.000000 (1) 0.000000 (0) 
Residue: HIP 149  0.980543 (2) 0.012394 (1) 0.007063 (1) 
Residue: HIP 154  0.932708 (2) 0.046484 (1) 0.020807 (1) 
Residue: GL4 157  0.725651 (0) 0.075581 (1) 0.032536 (1) 0.072144 (1) 0.094088 (1) 
Residue: TYR 160  1.000000 (1) 0.000000 (0) 
Residue: GL4 165  0.536952 (0) 0.224199 (1) 0.028002 (1) 0.193357 (1) 0.017490 (1) 
Residue: TYR 170  1.000000 (1) 0.000000 (0) 
Residue: TYR 183  1.000000 (1) 0.000000 (0) 
Residue: GL4 186  0.167555 (0) 0.338411 (1) 0.078697 (1) 0.346992 (1) 0.068345 (1) 
Residue: TYR 188  1.000000 (1) 0.000000 (0) 
Residue: HIP 192  0.989222 (2) 0.007828 (1) 0.002951 (1) 
Residue: HIP 197  0.942892 (2) 0.045642 (1) 0.011465 (1) 
Residue: GL4 200  0.642499 (0) 0.159813 (1) 0.015054 (1) 0.156520 (1) 0.026114 (1) 
Residue: TYR 203  1.000000 (1) 0.000000 (0) 
Residue: GL4 208  0.385318 (0) 0.150718 (1) 0.161647 (1) 0.142348 (1) 0.159970 (1) 
Residue: TYR 213  1.000000 (1) 0.000000 (0) 
Residue: TYR 226  1.000000 (1) 0.000000 (0) 
Residue: GL4 229  0.449154 (0) 0.235384 (1) 0.043523 (1) 0.233753 (1) 0.038186 (1) 
Residue: TYR 231  1.000000 (1) 0.000000 (0) 
Residue: HIP 235  0.540958 (2) 0.005349 (1) 0.453693 (1) 
Residue: HIP 240  0.837936 (2) 0.118062 (1) 0.044002 (1) 
Residue: GL4 243  0.473014 (0) 0.233272 (1) 0.031702 (1) 0.239495 (1) 0.022517 (1) 
Residue: TYR 246  1.000000 (1) 0.000000 (0) 
Residue: GL4 251  0.304396 (0) 0.238899 (1) 0.106660 (1) 0.236965 (1) 0.113081 (1) 
Residue: TYR 256  1.000000 (1) 0.000000 (0) 
Residue: TYR 269  1.000000 (1) 0.000000 (0) 
Residue: GL4 272  0.073558 (0) 0.332850 (1) 0.113015 (1) 0.386242 (1) 0.094335 (1) 
Residue: TYR 274  0.999999 (1) 0.000001 (0) 
Residue: HIP 278  0.991193 (2) 0.005927 (1) 0.002880 (1) 
Residue: HIP 283  0.996033 (2) 0.003075 (1) 0.000891 (1) 
Residue: GL4 286  0.175433 (0) 0.234343 (1) 0.211635 (1) 0.214838 (1) 0.163751 (1) 
Residue: TYR 289  1.000000 (1) 0.000000 (0) 
Residue: GL4 294  0.019932 (0) 0.228445 (1) 0.259901 (1) 0.228750 (1) 0.262973 (1) 
Residue: TYR 299  1.000000 (1) 0.000000 (0) 
Residue: TYR 312  1.000000 (1) 0.000000 (0) 
Residue: GL4 315  0.163912 (0) 0.334818 (1) 0.098095 (1) 0.331008 (1) 0.072167 (1) 
Residue: TYR 317  1.000000 (1) 0.000000 (0) 
Residue: HIP 321  0.992537 (2) 0.006776 (1) 0.000687 (1) 
Residue: HIP 326  0.972615 (2) 0.021706 (1) 0.005679 (1) 
Residue: GL4 329  0.419742 (0) 0.224760 (1) 0.082411 (1) 0.196474 (1) 0.076614 (1) 
Residue: TYR 332  1.000000 (1) 0.000000 (0) 
Residue: GL4 337  0.256391 (0) 0.110619 (1) 0.269056 (1) 0.099407 (1) 0.264526 (1) 
Residue: TYR 342  1.000000 (1) 0.000000 (0) 
