   Residue Number     State  0     State  1     State  2     State  3     State  4 
-----------------------------------------------------------------------------------
Residue: TYR 11   1.000000 (1) 0.000000 (0) 
Residue: GL4 14   0.242557 (0) 0.275487 (1) 0.105666 (1) 0.276423 (1) 0.099867 (1) 
Residue: TYR 16   1.000000 (1) 0.000000 (0) 
Residue: HIP 20   0.994047 (2) 0.005940 (1) 0.000013 (1) 
Residue: HIP 25   0.978805 (2) 0.017982 (1) 0.003213 (1) 
Residue: GL4 28   0.256495 (0) 0.092913 (1) 0.211081 (1) 0.096989 (1) 0.342522 (1) 
Residue: TYR 31   1.000000 (1) 0.000000 (0) 
Residue: GL4 36   0.174467 (0) 0.241204 (1) 0.164920 (1) 0.233582 (1) 0.185827 (1) 
Residue: TYR 41   1.000000 (1) 0.000000 (0) 
Residue: TYR 54   1.000000 (1) 0.000000 (0) 
Residue: GL4 57   0.025661 (0) 0.363553 (1) 0.125369 (1) 0.363624 (1) 0.121794 (1) 
Residue: TYR 59   1.000000 (1) 0.000000 (0) 
Residue: HIP 63   0.999392 (2) 0.000573 (1) 0.000035 (1) 
Residue: HIP 68   0.998481 (2) 0.001247 (1) 0.000272 (1) 
Residue: GL4 71   0.030516 (0) 0.360700 (1) 0.120373 (1) 0.377896 (1) 0.110514 (1) 
Residue: TYR 74   1.000000 (1) 0.000000 (0) 
Residue: GL4 79   0.070464 (0) 0.358456 (1) 0.108386 (1) 0.355597 (1) 0.107096 (1) 
Residue: TYR 84   1.000000 (1) 0.000000 (0) 
Residue: TYR 97   1.000000 (1) 0.000000 (0) 
Residue: GL4 100  0.198495 (0) 0.250380 (1) 0.149907 (1) 0.245743 (1) 0.155476 (1) 
Residue: TYR 102  0.999999 (1) 0.000001 (0) 
Residue: HIP 106  0.997442 (2) 0.002373 (1) 0.000185 (1) 
Residue: HIP 111  0.978869 (2) 0.014501 (1) 0.006630 (1) 
Residue: GL4 114  0.780788 (0) 0.039018 (1) 0.055034 (1) 0.062720 (1) 0.062439 (1) 
Residue: TYR 117  0.999999 (1) 0.000001 (0) 
Residue: GL4 122  0.125799 (0) 0.315464 (1) 0.114506 (1) 0.326922 (1) 0.117310 (1) 
Residue: TYR 127  1.000000 (1) 0.000000 (0) 
Residue: TYR 140  1.000000 (1) 0.000000 (0) 
Residue: GL4 143  0.193885 (0) 0.342866 (1) 0.066273 (1) 0.333219 (1) 0.063757 (1) 
Residue: TYR 145  0.999999 (1) 0.000001 (0) 
Residue: HIP 149  0.992673 (2) 0.004222 (1) 0.003106 (1) 
Residue: HIP 154  0.975758 (2) 0.017140 (1) 0.007102 (1) 
Residue: GL4 157  0.693061 (0) 0.088136 (1) 0.036266 (1) 0.089860 (1) 0.092676 (1) 
Residue: TYR 160  1.000000 (1) 0.000000 (0) 
Residue: GL4 165  0.455437 (0) 0.265332 (1) 0.023971 (1) 0.236685 (1) 0.018576 (1) 
Residue: TYR 170  1.000000 (1) 0.000000 (0) 
Residue: TYR 183  1.000000 (1) 0.000000 (0) 
Residue: GL4 186  0.114004 (0) 0.378734 (1) 0.070360 (1) 0.378554 (1) 0.058349 (1) 
Residue: TYR 188  1.000000 (1) 0.000000 (0) 
Residue: HIP 192  0.995439 (2) 0.003614 (1) 0.000947 (1) 
Residue: HIP 197  0.979533 (2) 0.016784 (1) 0.003683 (1) 
Residue: GL4 200  0.652104 (0) 0.156830 (1) 0.014919 (1) 0.146964 (1) 0.029183 (1) 
Residue: TYR 203  1.000000 (1) 0.000000 (0) 
Residue: GL4 208  0.317210 (0) 0.178958 (1) 0.169301 (1) 0.171299 (1) 0.163232 (1) 
Residue: TYR 213  1.000000 (1) 0.000000 (0) 
Residue: TYR 226  1.000000 (1) 0.000000 (0) 
Residue: GL4 229  0.338714 (0) 0.289972 (1) 0.041225 (1) 0.294911 (1) 0.035179 (1) 
Residue: TYR 231  1.000000 (1) 0.000000 (0) 
Residue: HIP 235  0.708495 (2) 0.002542 (1) 0.288963 (1) 
Residue: HIP 240  0.937335 (2) 0.047549 (1) 0.015116 (1) 
Residue: GL4 243  0.429435 (0) 0.274108 (1) 0.034112 (1) 0.230387 (1) 0.031957 (1) 
Residue: TYR 246  1.000000 (1) 0.000000 (0) 
Residue: GL4 251  0.253224 (0) 0.271690 (1) 0.097830 (1) 0.275864 (1) 0.101392 (1) 
Residue: TYR 256  1.000000 (1) 0.000000 (0) 
Residue: TYR 269  1.000000 (1) 0.000000 (0) 
Residue: GL4 272  0.038734 (0) 0.358740 (1) 0.106705 (1) 0.412647 (1) 0.083174 (1) 
Residue: TYR 274  1.000000 (1) 0.000000 (0) 
Residue: HIP 278  0.996998 (2) 0.002085 (1) 0.000917 (1) 
Residue: HIP 283  0.998761 (2) 0.000949 (1) 0.000291 (1) 
Residue: GL4 286  0.143845 (0) 0.260176 (1) 0.200843 (1) 0.235707 (1) 0.159429 (1) 
Residue: TYR 289  1.000000 (1) 0.000000 (0) 
Residue: GL4 294  0.008673 (0) 0.274523 (1) 0.220486 (1) 0.274830 (1) 0.221488 (1) 
Residue: TYR 299  1.000000 (1) 0.000000 (0) 
Residue: TYR 312  1.000000 (1) 0.000000 (0) 
Residue: GL4 315  0.094715 (0) 0.381327 (1) 0.086100 (1) 0.368777 (1) 0.069081 (1) 
Residue: TYR 317  1.000000 (1) 0.000000 (0) 
Residue: HIP 321  0.997450 (2) 0.002284 (1) 0.000265 (1) 
Residue: HIP 326  0.990482 (2) 0.007510 (1) 0.002008 (1) 
Residue: GL4 329  0.370202 (0) 0.241820 (1) 0.071557 (1) 0.209895 (1) 0.106526 (1) 
Residue: TYR 332  1.000000 (1) 0.000000 (0) 
Residue: GL4 337  0.141738 (0) 0.157109 (1) 0.282619 (1) 0.148660 (1) 0.269874 (1) 
Residue: TYR 342  0.999999 (1) 0.000001 (0) 
