   Residue Number     State  0     State  1     State  2     State  3     State  4 
-----------------------------------------------------------------------------------
Residue: TYR 11   1.000000 (1) 0.000000 (0) 
Residue: GL4 14   0.624968 (0) 0.091502 (1) 0.094462 (1) 0.087787 (1) 0.101281 (1) 
Residue: TYR 16   1.000000 (1) 0.000000 (0) 
Residue: HIP 20   0.886291 (2) 0.113530 (1) 0.000180 (1) 
Residue: HIP 25   0.724257 (2) 0.223933 (1) 0.051810 (1) 
Residue: GL4 28   0.400431 (0) 0.073425 (1) 0.260347 (1) 0.074684 (1) 0.191113 (1) 
Residue: TYR 31   1.000000 (1) 0.000000 (0) 
Residue: GL4 36   0.322494 (0) 0.194696 (1) 0.179888 (1) 0.175681 (1) 0.127241 (1) 
Residue: TYR 41   1.000000 (1) 0.000000 (0) 
Residue: TYR 54   1.000000 (1) 0.000000 (0) 
Residue: GL4 57   0.134038 (0) 0.189104 (1) 0.261778 (1) 0.179987 (1) 0.235093 (1) 
Residue: TYR 59   1.000000 (1) 0.000000 (0) 
Residue: HIP 63   0.986603 (2) 0.012495 (1) 0.000902 (1) 
Residue: HIP 68   0.971880 (2) 0.023406 (1) 0.004714 (1) 
Residue: GL4 71   0.212338 (0) 0.280342 (1) 0.116194 (1) 0.283035 (1) 0.108091 (1) 
Residue: TYR 74   1.000000 (1) 0.000000 (0) 
Residue: GL4 79   0.362278 (0) 0.186164 (1) 0.136959 (1) 0.183702 (1) 0.130898 (1) 
Residue: TYR 84   0.999999 (1) 0.000001 (0) 
Residue: TYR 97   1.000000 (1) 0.000000 (0) 
Residue: GL4 100  0.330222 (0) 0.121678 (1) 0.225519 (1) 0.131265 (1) 0.191316 (1) 
Residue: TYR 102  1.000000 (1) 0.000000 (0) 
Residue: HIP 106  0.960696 (2) 0.035466 (1) 0.003837 (1) 
Residue: HIP 111  0.803258 (2) 0.129890 (1) 0.066851 (1) 
Residue: GL4 114  0.805633 (0) 0.061719 (1) 0.046072 (1) 0.035742 (1) 0.050834 (1) 
Residue: TYR 117  1.000000 (1) 0.000000 (0) 
Residue: GL4 122  0.277536 (0) 0.185511 (1) 0.174861 (1) 0.184049 (1) 0.178044 (1) 
Residue: TYR 127  1.000000 (1) 0.000000 (0) 
Residue: TYR 140  1.000000 (1) 0.000000 (0) 
Residue: GL4 143  0.333772 (0) 0.268056 (1) 0.057659 (1) 0.276021 (1) 0.064491 (1) 
Residue: TYR 145  1.000000 (1) 0.000000 (0) 
Residue: HIP 149  0.878849 (2) 0.081030 (1) 0.040121 (1) 
Residue: HIP 154  0.718203 (2) 0.191314 (1) 0.090483 (1) 
Residue: GL4 157  0.750113 (0) 0.060625 (1) 0.025668 (1) 0.042525 (1) 0.121069 (1) 
Residue: TYR 160  1.000000 (1) 0.000000 (0) 
Residue: GL4 165  0.639579 (0) 0.147580 (1) 0.024697 (1) 0.171732 (1) 0.016411 (1) 
Residue: TYR 170  1.000000 (1) 0.000000 (0) 
Residue: TYR 183  1.000000 (1) 0.000000 (0) 
Residue: GL4 186  0.280501 (0) 0.254091 (1) 0.094362 (1) 0.275851 (1) 0.095196 (1) 
Residue: TYR 188  1.000000 (1) 0.000000 (0) 
Residue: HIP 192  0.977663 (2) 0.018843 (1) 0.003495 (1) 
Residue: HIP 197  0.754559 (2) 0.190270 (1) 0.055171 (1) 
Residue: GL4 200  0.621592 (0) 0.126352 (1) 0.011134 (1) 0.220660 (1) 0.020263 (1) 
Residue: TYR 203  1.000000 (1) 0.000000 (0) 
Residue: GL4 208  0.398182 (0) 0.132818 (1) 0.177671 (1) 0.122043 (1) 0.169286 (1) 
Residue: TYR 213  1.000000 (1) 0.000000 (0) 
Residue: TYR 226  1.000000 (1) 0.000000 (0) 
Residue: GL4 229  0.572909 (0) 0.180384 (1) 0.038000 (1) 0.175109 (1) 0.033598 (1) 
Residue: TYR 231  1.000000 (1) 0.000000 (0) 
Residue: HIP 235  0.223385 (2) 0.014648 (1) 0.761966 (1) 
Residue: HIP 240  0.529808 (2) 0.325402 (1) 0.144791 (1) 
Residue: GL4 243  0.596602 (0) 0.161544 (1) 0.028214 (1) 0.201881 (1) 0.011760 (1) 
Residue: TYR 246  1.000000 (1) 0.000000 (0) 
Residue: GL4 251  0.439776 (0) 0.165856 (1) 0.118811 (1) 0.150613 (1) 0.124944 (1) 
Residue: TYR 256  1.000000 (1) 0.000000 (0) 
Residue: TYR 269  1.000000 (1) 0.000000 (0) 
Residue: GL4 272  0.206824 (0) 0.262920 (1) 0.128008 (1) 0.281194 (1) 0.121054 (1) 
Residue: TYR 274  0.999999 (1) 0.000001 (0) 
Residue: HIP 278  0.933408 (2) 0.043627 (1) 0.022965 (1) 
Residue: HIP 283  0.969428 (2) 0.023450 (1) 0.007122 (1) 
Residue: GL4 286  0.197135 (0) 0.198151 (1) 0.227938 (1) 0.181369 (1) 0.195407 (1) 
Residue: TYR 289  1.000000 (1) 0.000000 (0) 
Residue: GL4 294  0.082521 (0) 0.134045 (1) 0.317460 (1) 0.135279 (1) 0.330694 (1) 
Residue: TYR 299  1.000000 (1) 0.000000 (0) 
Residue: TYR 312  1.000000 (1) 0.000000 (0) 
Residue: GL4 315  0.327845 (0) 0.250726 (1) 0.109106 (1) 0.241135 (1) 0.071188 (1) 
Residue: TYR 317  1.000000 (1) 0.000000 (0) 
Residue: HIP 321  0.959499 (2) 0.037446 (1) 0.003055 (1) 
Residue: HIP 326  0.821399 (2) 0.140190 (1) 0.038412 (1) 
Residue: GL4 329  0.512108 (0) 0.150289 (1) 0.093687 (1) 0.169247 (1) 0.074669 (1) 
Residue: TYR 332  1.000000 (1) 0.000000 (0) 
Residue: GL4 337  0.525462 (0) 0.046518 (1) 0.203707 (1) 0.045810 (1) 0.178503 (1) 
Residue: TYR 342  1.000000 (1) 0.000000 (0) 
