   Residue Number     State  0     State  1     State  2     State  3     State  4 
-----------------------------------------------------------------------------------
Residue: TYR 11   1.000000 (1) 0.000000 (0) 
Residue: GL4 14   0.525354 (0) 0.132266 (1) 0.107681 (1) 0.127727 (1) 0.106972 (1) 
Residue: TYR 16   1.000000 (1) 0.000000 (0) 
Residue: HIP 20   0.952504 (2) 0.047409 (1) 0.000087 (1) 
Residue: HIP 25   0.861835 (2) 0.113132 (1) 0.025034 (1) 
Residue: GL4 28   0.345356 (0) 0.084292 (1) 0.242112 (1) 0.077728 (1) 0.250512 (1) 
Residue: TYR 31   1.000000 (1) 0.000000 (0) 
Residue: GL4 36   0.285849 (0) 0.183252 (1) 0.203033 (1) 0.176564 (1) 0.151303 (1) 
Residue: TYR 41   1.000000 (1) 0.000000 (0) 
Residue: TYR 54   1.000000 (1) 0.000000 (0) 
Residue: GL4 57   0.080937 (0) 0.243173 (1) 0.229352 (1) 0.237602 (1) 0.208936 (1) 
Residue: TYR 59   1.000000 (1) 0.000000 (0) 
Residue: HIP 63   0.995130 (2) 0.004522 (1) 0.000348 (1) 
Residue: HIP 68   0.988087 (2) 0.009814 (1) 0.002099 (1) 
Residue: GL4 71   0.119276 (0) 0.312200 (1) 0.126817 (1) 0.324598 (1) 0.117109 (1) 
Residue: TYR 74   1.000000 (1) 0.000000 (0) 
Residue: GL4 79   0.235379 (0) 0.248707 (1) 0.138782 (1) 0.247198 (1) 0.129934 (1) 
Residue: TYR 84   1.000000 (1) 0.000000 (0) 
Residue: TYR 97   1.000000 (1) 0.000000 (0) 
Residue: GL4 100  0.271296 (0) 0.153256 (1) 0.216353 (1) 0.159826 (1) 0.199268 (1) 
Residue: TYR 102  1.000000 (1) 0.000000 (0) 
Residue: HIP 106  0.982171 (2) 0.016015 (1) 0.001814 (1) 
Residue: HIP 111  0.883314 (2) 0.078658 (1) 0.038028 (1) 
Residue: GL4 114  0.802369 (0) 0.050058 (1) 0.058283 (1) 0.038084 (1) 0.051205 (1) 
Residue: TYR 117  1.000000 (1) 0.000000 (0) 
Residue: GL4 122  0.233418 (0) 0.224143 (1) 0.153066 (1) 0.237008 (1) 0.152366 (1) 
Residue: TYR 127  1.000000 (1) 0.000000 (0) 
Residue: TYR 140  1.000000 (1) 0.000000 (0) 
Residue: GL4 143  0.285575 (0) 0.292288 (1) 0.059447 (1) 0.296481 (1) 0.066210 (1) 
Residue: TYR 145  1.000000 (1) 0.000000 (0) 
Residue: HIP 149  0.947176 (2) 0.034570 (1) 0.018254 (1) 
Residue: HIP 154  0.843192 (2) 0.107800 (1) 0.049008 (1) 
Residue: GL4 157  0.736969 (0) 0.066767 (1) 0.028882 (1) 0.059634 (1) 0.107748 (1) 
Residue: TYR 160  1.000000 (1) 0.000000 (0) 
Residue: GL4 165  0.586594 (0) 0.187675 (1) 0.028216 (1) 0.178027 (1) 0.019488 (1) 
Residue: TYR 170  1.000000 (1) 0.000000 (0) 
Residue: TYR 183  1.000000 (1) 0.000000 (0) 
Residue: GL4 186  0.223498 (0) 0.301176 (1) 0.088127 (1) 0.305701 (1) 0.081497 (1) 
Residue: TYR 188  1.000000 (1) 0.000000 (0) 
Residue: HIP 192  0.984523 (2) 0.012354 (1) 0.003124 (1) 
Residue: HIP 197  0.862345 (2) 0.107826 (1) 0.029829 (1) 
Residue: GL4 200  0.640244 (0) 0.138914 (1) 0.013434 (1) 0.183719 (1) 0.023690 (1) 
Residue: TYR 203  1.000000 (1) 0.000000 (0) 
Residue: GL4 208  0.400954 (0) 0.137642 (1) 0.170193 (1) 0.130114 (1) 0.161096 (1) 
Residue: TYR 213  1.000000 (1) 0.000000 (0) 
Residue: TYR 226  1.000000 (1) 0.000000 (0) 
Residue: GL4 229  0.521134 (0) 0.198200 (1) 0.045957 (1) 0.197158 (1) 0.037550 (1) 
Residue: TYR 231  1.000000 (1) 0.000000 (0) 
Residue: HIP 235  0.358297 (2) 0.009604 (1) 0.632099 (1) 
Residue: HIP 240  0.679721 (2) 0.225491 (1) 0.094788 (1) 
Residue: GL4 243  0.522762 (0) 0.192577 (1) 0.030840 (1) 0.235985 (1) 0.017836 (1) 
Residue: TYR 246  1.000000 (1) 0.000000 (0) 
Residue: GL4 251  0.367335 (0) 0.200349 (1) 0.112275 (1) 0.198509 (1) 0.121531 (1) 
Residue: TYR 256  1.000000 (1) 0.000000 (0) 
Residue: TYR 269  1.000000 (1) 0.000000 (0) 
Residue: GL4 272  0.128565 (0) 0.303430 (1) 0.121417 (1) 0.339171 (1) 0.107416 (1) 
Residue: TYR 274  1.000000 (1) 0.000000 (0) 
Residue: HIP 278  0.975059 (2) 0.016723 (1) 0.008218 (1) 
Residue: HIP 283  0.988404 (2) 0.009160 (1) 0.002436 (1) 
Residue: GL4 286  0.184792 (0) 0.210787 (1) 0.226356 (1) 0.200295 (1) 0.177770 (1) 
Residue: TYR 289  0.999999 (1) 0.000001 (0) 
Residue: GL4 294  0.043052 (0) 0.181000 (1) 0.294866 (1) 0.182430 (1) 0.298653 (1) 
Residue: TYR 299  1.000000 (1) 0.000000 (0) 
Residue: TYR 312  1.000000 (1) 0.000000 (0) 
Residue: GL4 315  0.246237 (0) 0.287468 (1) 0.109557 (1) 0.285455 (1) 0.071284 (1) 
Residue: TYR 317  1.000000 (1) 0.000000 (0) 
Residue: HIP 321  0.982813 (2) 0.015784 (1) 0.001403 (1) 
Residue: HIP 326  0.924849 (2) 0.058920 (1) 0.016231 (1) 
Residue: GL4 329  0.464988 (0) 0.190214 (1) 0.093502 (1) 0.181032 (1) 0.070264 (1) 
Residue: TYR 332  1.000000 (1) 0.000000 (0) 
Residue: GL4 337  0.392708 (0) 0.070510 (1) 0.240784 (1) 0.065328 (1) 0.230671 (1) 
Residue: TYR 342  1.000000 (1) 0.000000 (0) 
