   Residue Number     State  0     State  1     State  2     State  3     State  4 
-----------------------------------------------------------------------------------
Residue: TYR 11   0.999999 (1) 0.000001 (0) 
Residue: GL4 14   0.680615 (0) 0.063245 (1) 0.090944 (1) 0.064609 (1) 0.100587 (1) 
Residue: TYR 16   1.000000 (1) 0.000000 (0) 
Residue: HIP 20   0.597221 (2) 0.402288 (1) 0.000490 (1) 
Residue: HIP 25   0.396786 (2) 0.491852 (1) 0.111362 (1) 
Residue: GL4 28   0.431739 (0) 0.055087 (1) 0.293835 (1) 0.060145 (1) 0.159194 (1) 
Residue: TYR 31   1.000000 (1) 0.000000 (0) 
Residue: GL4 36   0.339739 (0) 0.244931 (1) 0.107101 (1) 0.229331 (1) 0.078898 (1) 
Residue: TYR 41   1.000000 (1) 0.000000 (0) 
Residue: TYR 54   1.000000 (1) 0.000000 (0) 
Residue: GL4 57   0.360044 (0) 0.087290 (1) 0.243465 (1) 0.084784 (1) 0.224417 (1) 
Residue: TYR 59   0.999998 (1) 0.000002 (0) 
Residue: HIP 63   0.935214 (2) 0.060601 (1) 0.004184 (1) 
Residue: HIP 68   0.887505 (2) 0.095408 (1) 0.017087 (1) 
Residue: GL4 71   0.540095 (0) 0.151602 (1) 0.078254 (1) 0.157385 (1) 0.072664 (1) 
Residue: TYR 74   1.000000 (1) 0.000000 (0) 
Residue: GL4 79   0.662403 (0) 0.066430 (1) 0.101628 (1) 0.065525 (1) 0.104015 (1) 
Residue: TYR 84   1.000000 (1) 0.000000 (0) 
Residue: TYR 97   1.000000 (1) 0.000000 (0) 
Residue: GL4 100  0.436391 (0) 0.083382 (1) 0.200642 (1) 0.091825 (1) 0.187760 (1) 
Residue: TYR 102  1.000000 (1) 0.000000 (0) 
Residue: HIP 106  0.845055 (2) 0.139504 (1) 0.015441 (1) 
Residue: HIP 111  0.586759 (2) 0.270990 (1) 0.142251 (1) 
Residue: GL4 114  0.886730 (0) 0.053742 (1) 0.015675 (1) 0.016286 (1) 0.027567 (1) 
Residue: TYR 117  1.000000 (1) 0.000000 (0) 
Residue: GL4 122  0.327036 (0) 0.124724 (1) 0.202307 (1) 0.123995 (1) 0.221936 (1) 
Residue: TYR 127  1.000000 (1) 0.000000 (0) 
Residue: TYR 140  1.000000 (1) 0.000000 (0) 
Residue: GL4 143  0.533895 (0) 0.169772 (1) 0.050274 (1) 0.187605 (1) 0.058453 (1) 
Residue: TYR 145  1.000000 (1) 0.000000 (0) 
Residue: HIP 149  0.670686 (2) 0.227758 (1) 0.101555 (1) 
Residue: HIP 154  0.532488 (2) 0.323751 (1) 0.143760 (1) 
Residue: GL4 157  0.842175 (0) 0.027139 (1) 0.023111 (1) 0.015156 (1) 0.092420 (1) 
Residue: TYR 160  1.000000 (1) 0.000000 (0) 
Residue: GL4 165  0.784022 (0) 0.082266 (1) 0.020647 (1) 0.096328 (1) 0.016737 (1) 
Residue: TYR 170  0.999999 (1) 0.000001 (0) 
Residue: TYR 183  1.000000 (1) 0.000000 (0) 
Residue: GL4 186  0.442324 (0) 0.178732 (1) 0.096424 (1) 0.196745 (1) 0.085775 (1) 
Residue: TYR 188  0.999999 (1) 0.000001 (0) 
Residue: HIP 192  0.955826 (2) 0.037737 (1) 0.006437 (1) 
Residue: HIP 197  0.538689 (2) 0.353341 (1) 0.107970 (1) 
Residue: GL4 200  0.654377 (0) 0.086196 (1) 0.015179 (1) 0.234987 (1) 0.009260 (1) 
Residue: TYR 203  1.000000 (1) 0.000000 (0) 
Residue: GL4 208  0.461842 (0) 0.083797 (1) 0.179804 (1) 0.085256 (1) 0.189301 (1) 
Residue: TYR 213  1.000000 (1) 0.000000 (0) 
Residue: TYR 226  1.000000 (1) 0.000000 (0) 
Residue: GL4 229  0.650259 (0) 0.132636 (1) 0.041967 (1) 0.142189 (1) 0.032949 (1) 
Residue: TYR 231  0.999999 (1) 0.000001 (0) 
Residue: HIP 235  0.103325 (2) 0.030180 (1) 0.866495 (1) 
Residue: HIP 240  0.376565 (2) 0.437113 (1) 0.186322 (1) 
Residue: GL4 243  0.677376 (0) 0.148828 (1) 0.016837 (1) 0.146662 (1) 0.010298 (1) 
Residue: TYR 246  1.000000 (1) 0.000000 (0) 
Residue: GL4 251  0.576746 (0) 0.106089 (1) 0.104802 (1) 0.095695 (1) 0.116669 (1) 
Residue: TYR 256  1.000000 (1) 0.000000 (0) 
Residue: TYR 269  0.999999 (1) 0.000001 (0) 
Residue: GL4 272  0.448964 (0) 0.163580 (1) 0.112255 (1) 0.170967 (1) 0.104234 (1) 
Residue: TYR 274  0.999998 (1) 0.000002 (0) 
Residue: HIP 278  0.657971 (2) 0.219564 (1) 0.122465 (1) 
Residue: HIP 283  0.861150 (2) 0.107115 (1) 0.031735 (1) 
Residue: GL4 286  0.358632 (0) 0.140341 (1) 0.178216 (1) 0.123317 (1) 0.199494 (1) 
Residue: TYR 289  1.000000 (1) 0.000000 (0) 
Residue: GL4 294  0.253200 (0) 0.067050 (1) 0.319828 (1) 0.064336 (1) 0.295586 (1) 
Residue: TYR 299  0.999998 (1) 0.000002 (0) 
Residue: TYR 312  1.000000 (1) 0.000000 (0) 
Residue: GL4 315  0.427040 (0) 0.210621 (1) 0.073392 (1) 0.217263 (1) 0.071685 (1) 
Residue: TYR 317  0.999999 (1) 0.000001 (0) 
Residue: HIP 321  0.812364 (2) 0.172025 (1) 0.015611 (1) 
Residue: HIP 326  0.491926 (2) 0.400090 (1) 0.107984 (1) 
Residue: GL4 329  0.521083 (0) 0.135474 (1) 0.100698 (1) 0.174442 (1) 0.068303 (1) 
Residue: TYR 332  1.000000 (1) 0.000000 (0) 
Residue: GL4 337  0.670051 (0) 0.033506 (1) 0.140425 (1) 0.033476 (1) 0.122541 (1) 
Residue: TYR 342  0.999999 (1) 0.000001 (0) 
