   Residue Number     State  0     State  1     State  2     State  3     State  4 
-----------------------------------------------------------------------------------
Residue: TYR 11   1.000000 (1) 0.000000 (0) 
Residue: GL4 14   0.666998 (0) 0.072995 (1) 0.088185 (1) 0.074361 (1) 0.097461 (1) 
Residue: TYR 16   1.000000 (1) 0.000000 (0) 
Residue: HIP 20   0.762656 (2) 0.237039 (1) 0.000305 (1) 
Residue: HIP 25   0.554027 (2) 0.360044 (1) 0.085929 (1) 
Residue: GL4 28   0.423954 (0) 0.064666 (1) 0.277189 (1) 0.070481 (1) 0.163710 (1) 
Residue: TYR 31   0.999999 (1) 0.000001 (0) 
Residue: GL4 36   0.332400 (0) 0.222787 (1) 0.142216 (1) 0.199002 (1) 0.103595 (1) 
Residue: TYR 41   1.000000 (1) 0.000000 (0) 
Residue: TYR 54   1.000000 (1) 0.000000 (0) 
Residue: GL4 57   0.225697 (0) 0.133454 (1) 0.269819 (1) 0.128679 (1) 0.242351 (1) 
Residue: TYR 59   0.999999 (1) 0.000001 (0) 
Residue: HIP 63   0.968686 (2) 0.029229 (1) 0.002085 (1) 
Residue: HIP 68   0.941584 (2) 0.049122 (1) 0.009294 (1) 
Residue: GL4 71   0.359603 (0) 0.218047 (1) 0.103154 (1) 0.225570 (1) 0.093626 (1) 
Residue: TYR 74   1.000000 (1) 0.000000 (0) 
Residue: GL4 79   0.517768 (0) 0.121367 (1) 0.121592 (1) 0.120304 (1) 0.118968 (1) 
Residue: TYR 84   1.000000 (1) 0.000000 (0) 
Residue: TYR 97   1.000000 (1) 0.000000 (0) 
Residue: GL4 100  0.390108 (0) 0.098831 (1) 0.220576 (1) 0.107276 (1) 0.183210 (1) 
Residue: TYR 102  1.000000 (1) 0.000000 (0) 
Residue: HIP 106  0.918031 (2) 0.073325 (1) 0.008644 (1) 
Residue: HIP 111  0.701513 (2) 0.194663 (1) 0.103824 (1) 
Residue: GL4 114  0.837750 (0) 0.067713 (1) 0.027359 (1) 0.026219 (1) 0.040958 (1) 
Residue: TYR 117  1.000000 (1) 0.000000 (0) 
Residue: GL4 122  0.286186 (0) 0.156022 (1) 0.200323 (1) 0.155002 (1) 0.202467 (1) 
Residue: TYR 127  1.000000 (1) 0.000000 (0) 
Residue: TYR 140  1.000000 (1) 0.000000 (0) 
Residue: GL4 143  0.417006 (0) 0.227727 (1) 0.056274 (1) 0.234060 (1) 0.064934 (1) 
Residue: TYR 145  1.000000 (1) 0.000000 (0) 
Residue: HIP 149  0.771952 (2) 0.152497 (1) 0.075551 (1) 
Residue: HIP 154  0.612208 (2) 0.263544 (1) 0.124248 (1) 
Residue: GL4 157  0.791466 (0) 0.042261 (1) 0.024848 (1) 0.027279 (1) 0.114147 (1) 
Residue: TYR 160  1.000000 (1) 0.000000 (0) 
Residue: GL4 165  0.721172 (0) 0.106388 (1) 0.020617 (1) 0.134749 (1) 0.017074 (1) 
Residue: TYR 170  1.000000 (1) 0.000000 (0) 
Residue: TYR 183  1.000000 (1) 0.000000 (0) 
Residue: GL4 186  0.357003 (0) 0.215750 (1) 0.085517 (1) 0.242295 (1) 0.099436 (1) 
Residue: TYR 188  1.000000 (1) 0.000000 (0) 
Residue: HIP 192  0.967727 (2) 0.027651 (1) 0.004623 (1) 
Residue: HIP 197  0.639385 (2) 0.276185 (1) 0.084429 (1) 
Residue: GL4 200  0.637907 (0) 0.104247 (1) 0.011607 (1) 0.234139 (1) 0.012099 (1) 
Residue: TYR 203  1.000000 (1) 0.000000 (0) 
Residue: GL4 208  0.401523 (0) 0.109850 (1) 0.193871 (1) 0.104714 (1) 0.190041 (1) 
Residue: TYR 213  1.000000 (1) 0.000000 (0) 
Residue: TYR 226  1.000000 (1) 0.000000 (0) 
Residue: GL4 229  0.614902 (0) 0.157889 (1) 0.040494 (1) 0.157021 (1) 0.029695 (1) 
Residue: TYR 231  1.000000 (1) 0.000000 (0) 
Residue: HIP 235  0.144796 (2) 0.020911 (1) 0.834293 (1) 
Residue: HIP 240  0.441246 (2) 0.387887 (1) 0.170867 (1) 
Residue: GL4 243  0.640397 (0) 0.155154 (1) 0.022639 (1) 0.174883 (1) 0.006927 (1) 
Residue: TYR 246  1.000000 (1) 0.000000 (0) 
Residue: GL4 251  0.531789 (0) 0.130859 (1) 0.107044 (1) 0.114679 (1) 0.115630 (1) 
Residue: TYR 256  1.000000 (1) 0.000000 (0) 
Residue: TYR 269  1.000000 (1) 0.000000 (0) 
Residue: GL4 272  0.319279 (0) 0.212045 (1) 0.124723 (1) 0.226600 (1) 0.117352 (1) 
Residue: TYR 274  0.999999 (1) 0.000001 (0) 
Residue: HIP 278  0.835113 (2) 0.107235 (1) 0.057652 (1) 
Residue: HIP 283  0.930106 (2) 0.053590 (1) 0.016304 (1) 
Residue: GL4 286  0.254792 (0) 0.171237 (1) 0.210212 (1) 0.156961 (1) 0.206798 (1) 
Residue: TYR 289  0.999999 (1) 0.000001 (0) 
Residue: GL4 294  0.148898 (0) 0.094464 (1) 0.334202 (1) 0.093494 (1) 0.328942 (1) 
Residue: TYR 299  1.000000 (1) 0.000000 (0) 
Residue: TYR 312  1.000000 (1) 0.000000 (0) 
Residue: GL4 315  0.375003 (0) 0.231742 (1) 0.092328 (1) 0.224762 (1) 0.076164 (1) 
Residue: TYR 317  1.000000 (1) 0.000000 (0) 
Residue: HIP 321  0.911874 (2) 0.080919 (1) 0.007207 (1) 
Residue: HIP 326  0.657437 (2) 0.267238 (1) 0.075325 (1) 
Residue: GL4 329  0.511501 (0) 0.138069 (1) 0.101697 (1) 0.173155 (1) 0.075577 (1) 
Residue: TYR 332  1.000000 (1) 0.000000 (0) 
Residue: GL4 337  0.625421 (0) 0.035635 (1) 0.165304 (1) 0.037137 (1) 0.136504 (1) 
Residue: TYR 342  1.000000 (1) 0.000000 (0) 
