   Residue Number     State  0     State  1     State  2     State  3     State  4 
-----------------------------------------------------------------------------------
Residue: TYR 11   1.000000 (1) 0.000000 (0) 
Residue: GL4 14   0.726345 (0) 0.050127 (1) 0.079439 (1) 0.047356 (1) 0.096732 (1) 
Residue: TYR 16   0.999995 (1) 0.000005 (0) 
Residue: HIP 20   0.347773 (2) 0.651612 (1) 0.000614 (1) 
Residue: HIP 25   0.200843 (2) 0.677274 (1) 0.121883 (1) 
Residue: GL4 28   0.502063 (0) 0.032637 (1) 0.258721 (1) 0.030702 (1) 0.175877 (1) 
Residue: TYR 31   1.000000 (1) 0.000000 (0) 
Residue: GL4 36   0.411412 (0) 0.252653 (1) 0.074858 (1) 0.208600 (1) 0.052478 (1) 
Residue: TYR 41   1.000000 (1) 0.000000 (0) 
Residue: TYR 54   0.999993 (1) 0.000007 (0) 
Residue: GL4 57   0.686981 (0) 0.028599 (1) 0.129620 (1) 0.029665 (1) 0.125135 (1) 
Residue: TYR 59   0.999991 (1) 0.000009 (0) 
Residue: HIP 63   0.796943 (2) 0.191945 (1) 0.011113 (1) 
Residue: HIP 68   0.664770 (2) 0.294802 (1) 0.040428 (1) 
Residue: GL4 71   0.845428 (0) 0.051321 (1) 0.025960 (1) 0.053050 (1) 0.024241 (1) 
Residue: TYR 74   1.000000 (1) 0.000000 (0) 
Residue: GL4 79   0.844879 (0) 0.017407 (1) 0.061109 (1) 0.017785 (1) 0.058820 (1) 
Residue: TYR 84   0.999994 (1) 0.000006 (0) 
Residue: TYR 97   1.000000 (1) 0.000000 (0) 
Residue: GL4 100  0.585606 (0) 0.058593 (1) 0.145297 (1) 0.069797 (1) 0.140708 (1) 
Residue: TYR 102  1.000000 (1) 0.000000 (0) 
Residue: HIP 106  0.555413 (2) 0.408512 (1) 0.036075 (1) 
Residue: HIP 111  0.370644 (2) 0.443328 (1) 0.186028 (1) 
Residue: GL4 114  0.953026 (0) 0.009173 (1) 0.013165 (1) 0.005376 (1) 0.019259 (1) 
Residue: TYR 117  1.000000 (1) 0.000000 (0) 
Residue: GL4 122  0.569249 (0) 0.056952 (1) 0.163993 (1) 0.057337 (1) 0.152469 (1) 
Residue: TYR 127  1.000000 (1) 0.000000 (0) 
Residue: TYR 140  1.000000 (1) 0.000000 (0) 
Residue: GL4 143  0.699521 (0) 0.105553 (1) 0.030930 (1) 0.116143 (1) 0.047853 (1) 
Residue: TYR 145  1.000000 (1) 0.000000 (0) 
Residue: HIP 149  0.556204 (2) 0.339012 (1) 0.104785 (1) 
Residue: HIP 154  0.330507 (2) 0.509823 (1) 0.159670 (1) 
Residue: GL4 157  0.944016 (0) 0.004717 (1) 0.005339 (1) 0.011485 (1) 0.034443 (1) 
Residue: TYR 160  1.000000 (1) 0.000000 (0) 
Residue: GL4 165  0.840299 (0) 0.062072 (1) 0.012892 (1) 0.078356 (1) 0.006381 (1) 
Residue: TYR 170  1.000000 (1) 0.000000 (0) 
Residue: TYR 183  1.000000 (1) 0.000000 (0) 
Residue: GL4 186  0.594858 (0) 0.126765 (1) 0.077687 (1) 0.139917 (1) 0.060774 (1) 
Residue: TYR 188  1.000000 (1) 0.000000 (0) 
Residue: HIP 192  0.923085 (2) 0.062757 (1) 0.014158 (1) 
Residue: HIP 197  0.302351 (2) 0.573852 (1) 0.123798 (1) 
Residue: GL4 200  0.718796 (0) 0.045951 (1) 0.006250 (1) 0.221661 (1) 0.007341 (1) 
Residue: TYR 203  0.999998 (1) 0.000002 (0) 
Residue: GL4 208  0.717520 (0) 0.044401 (1) 0.101295 (1) 0.043829 (1) 0.092956 (1) 
Residue: TYR 213  1.000000 (1) 0.000000 (0) 
Residue: TYR 226  1.000000 (1) 0.000000 (0) 
Residue: GL4 229  0.714545 (0) 0.104898 (1) 0.031654 (1) 0.124985 (1) 0.023917 (1) 
Residue: TYR 231  0.999995 (1) 0.000005 (0) 
Residue: HIP 235  0.058366 (2) 0.052583 (1) 0.889051 (1) 
Residue: HIP 240  0.247557 (2) 0.585372 (1) 0.167071 (1) 
Residue: GL4 243  0.814454 (0) 0.069364 (1) 0.011394 (1) 0.091079 (1) 0.013709 (1) 
Residue: TYR 246  1.000000 (1) 0.000000 (0) 
Residue: GL4 251  0.624727 (0) 0.067249 (1) 0.111993 (1) 0.085410 (1) 0.110621 (1) 
Residue: TYR 256  1.000000 (1) 0.000000 (0) 
Residue: TYR 269  0.999999 (1) 0.000001 (0) 
Residue: GL4 272  0.738816 (0) 0.068390 (1) 0.061595 (1) 0.067493 (1) 0.063705 (1) 
Residue: TYR 274  0.999992 (1) 0.000008 (0) 
Residue: HIP 278  0.285295 (2) 0.503458 (1) 0.211247 (1) 
Residue: HIP 283  0.587587 (2) 0.326012 (1) 0.086401 (1) 
Residue: GL4 286  0.675973 (0) 0.062129 (1) 0.089775 (1) 0.055990 (1) 0.116132 (1) 
Residue: TYR 289  0.999998 (1) 0.000002 (0) 
Residue: GL4 294  0.592496 (0) 0.029823 (1) 0.187511 (1) 0.029358 (1) 0.160812 (1) 
Residue: TYR 299  0.999996 (1) 0.000004 (0) 
Residue: TYR 312  1.000000 (1) 0.000000 (0) 
Residue: GL4 315  0.566769 (0) 0.140684 (1) 0.066886 (1) 0.164825 (1) 0.060835 (1) 
Residue: TYR 317  0.999997 (1) 0.000003 (0) 
Residue: HIP 321  0.430848 (2) 0.508125 (1) 0.061028 (1) 
Residue: HIP 326  0.295705 (2) 0.552069 (1) 0.152226 (1) 
Residue: GL4 329  0.556996 (0) 0.138028 (1) 0.100319 (1) 0.140455 (1) 0.064201 (1) 
Residue: TYR 332  1.000000 (1) 0.000000 (0) 
Residue: GL4 337  0.693186 (0) 0.027279 (1) 0.127372 (1) 0.027900 (1) 0.124262 (1) 
Residue: TYR 342  1.000000 (1) 0.000000 (0) 
