   Residue Number     State  0     State  1     State  2     State  3     State  4 
-----------------------------------------------------------------------------------
Residue: TYR 11   1.000000 (1) 0.000000 (0) 
Residue: GL4 14   0.696633 (0) 0.059936 (1) 0.085012 (1) 0.058658 (1) 0.099762 (1) 
Residue: TYR 16   0.999999 (1) 0.000001 (0) 
Residue: HIP 20   0.449579 (2) 0.549779 (1) 0.000642 (1) 
Residue: HIP 25   0.276542 (2) 0.599538 (1) 0.123921 (1) 
Residue: GL4 28   0.439112 (0) 0.044587 (1) 0.295506 (1) 0.045523 (1) 0.175272 (1) 
Residue: TYR 31   1.000000 (1) 0.000000 (0) 
Residue: GL4 36   0.368076 (0) 0.252711 (1) 0.090188 (1) 0.228967 (1) 0.060058 (1) 
Residue: TYR 41   1.000000 (1) 0.000000 (0) 
Residue: TYR 54   0.999997 (1) 0.000003 (0) 
Residue: GL4 57   0.507024 (0) 0.050447 (1) 0.201169 (1) 0.051327 (1) 0.190032 (1) 
Residue: TYR 59   0.999992 (1) 0.000008 (0) 
Residue: HIP 63   0.879784 (2) 0.112821 (1) 0.007395 (1) 
Residue: HIP 68   0.800271 (2) 0.172720 (1) 0.027008 (1) 
Residue: GL4 71   0.717241 (0) 0.092006 (1) 0.044707 (1) 0.097730 (1) 0.048316 (1) 
Residue: TYR 74   1.000000 (1) 0.000000 (0) 
Residue: GL4 79   0.760945 (0) 0.033903 (1) 0.079365 (1) 0.033431 (1) 0.092357 (1) 
Residue: TYR 84   0.999998 (1) 0.000002 (0) 
Residue: TYR 97   1.000000 (1) 0.000000 (0) 
Residue: GL4 100  0.501613 (0) 0.071060 (1) 0.172295 (1) 0.078691 (1) 0.176341 (1) 
Residue: TYR 102  1.000000 (1) 0.000000 (0) 
Residue: HIP 106  0.729615 (2) 0.245447 (1) 0.024939 (1) 
Residue: HIP 111  0.476139 (2) 0.351942 (1) 0.171918 (1) 
Residue: GL4 114  0.930665 (0) 0.025721 (1) 0.010821 (1) 0.009777 (1) 0.023016 (1) 
Residue: TYR 117  1.000000 (1) 0.000000 (0) 
Residue: GL4 122  0.422337 (0) 0.091572 (1) 0.192315 (1) 0.083452 (1) 0.210325 (1) 
Residue: TYR 127  1.000000 (1) 0.000000 (0) 
Residue: TYR 140  0.999998 (1) 0.000002 (0) 
Residue: GL4 143  0.634305 (0) 0.126397 (1) 0.039993 (1) 0.146303 (1) 0.053001 (1) 
Residue: TYR 145  1.000000 (1) 0.000000 (0) 
Residue: HIP 149  0.591662 (2) 0.287336 (1) 0.121002 (1) 
Residue: HIP 154  0.442639 (2) 0.400467 (1) 0.156894 (1) 
Residue: GL4 157  0.903188 (0) 0.012041 (1) 0.012339 (1) 0.012631 (1) 0.059801 (1) 
Residue: TYR 160  1.000000 (1) 0.000000 (0) 
Residue: GL4 165  0.816855 (0) 0.069633 (1) 0.017799 (1) 0.083623 (1) 0.012090 (1) 
Residue: TYR 170  1.000000 (1) 0.000000 (0) 
Residue: TYR 183  1.000000 (1) 0.000000 (0) 
Residue: GL4 186  0.523081 (0) 0.142073 (1) 0.096801 (1) 0.164804 (1) 0.073241 (1) 
Residue: TYR 188  1.000000 (1) 0.000000 (0) 
Residue: HIP 192  0.941475 (2) 0.051245 (1) 0.007280 (1) 
Residue: HIP 197  0.432925 (2) 0.448153 (1) 0.118922 (1) 
Residue: GL4 200  0.688232 (0) 0.058271 (1) 0.009988 (1) 0.235056 (1) 0.008453 (1) 
Residue: TYR 203  1.000000 (1) 0.000000 (0) 
Residue: GL4 208  0.579335 (0) 0.062519 (1) 0.141535 (1) 0.068349 (1) 0.148263 (1) 
Residue: TYR 213  1.000000 (1) 0.000000 (0) 
Residue: TYR 226  1.000000 (1) 0.000000 (0) 
Residue: GL4 229  0.683379 (0) 0.117184 (1) 0.035938 (1) 0.134197 (1) 0.029303 (1) 
Residue: TYR 231  0.999997 (1) 0.000003 (0) 
Residue: HIP 235  0.079515 (2) 0.044520 (1) 0.875965 (1) 
Residue: HIP 240  0.312257 (2) 0.500920 (1) 0.186823 (1) 
Residue: GL4 243  0.724362 (0) 0.127292 (1) 0.012687 (1) 0.123161 (1) 0.012498 (1) 
Residue: TYR 246  1.000000 (1) 0.000000 (0) 
Residue: GL4 251  0.598300 (0) 0.087253 (1) 0.104411 (1) 0.089778 (1) 0.120257 (1) 
Residue: TYR 256  1.000000 (1) 0.000000 (0) 
Residue: TYR 269  0.999997 (1) 0.000003 (0) 
Residue: GL4 272  0.608909 (0) 0.109682 (1) 0.084949 (1) 0.112689 (1) 0.083772 (1) 
Residue: TYR 274  0.999998 (1) 0.000002 (0) 
Residue: HIP 278  0.449943 (2) 0.364046 (1) 0.186011 (1) 
Residue: HIP 283  0.747839 (2) 0.196886 (1) 0.055275 (1) 
Residue: GL4 286  0.498623 (0) 0.097837 (1) 0.144429 (1) 0.087160 (1) 0.171950 (1) 
Residue: TYR 289  1.000000 (1) 0.000000 (0) 
Residue: GL4 294  0.407792 (0) 0.044887 (1) 0.269288 (1) 0.044954 (1) 0.233078 (1) 
Residue: TYR 299  0.999998 (1) 0.000002 (0) 
Residue: TYR 312  1.000000 (1) 0.000000 (0) 
Residue: GL4 315  0.477940 (0) 0.184336 (1) 0.063908 (1) 0.208573 (1) 0.065243 (1) 
Residue: TYR 317  1.000000 (1) 0.000000 (0) 
Residue: HIP 321  0.650755 (2) 0.318202 (1) 0.031043 (1) 
Residue: HIP 326  0.367810 (2) 0.490768 (1) 0.141422 (1) 
Residue: GL4 329  0.533568 (0) 0.139486 (1) 0.099195 (1) 0.163773 (1) 0.063977 (1) 
Residue: TYR 332  1.000000 (1) 0.000000 (0) 
Residue: GL4 337  0.669870 (0) 0.030200 (1) 0.132498 (1) 0.031797 (1) 0.135635 (1) 
Residue: TYR 342  1.000000 (1) 0.000000 (0) 
