   Residue Number     State  0     State  1     State  2     State  3     State  4 
-----------------------------------------------------------------------------------
Residue: TYR 11   1.000000 (1) 0.000000 (0) 
Residue: GL4 14   0.777673 (0) 0.030552 (1) 0.072446 (1) 0.026260 (1) 0.093070 (1) 
Residue: TYR 16   0.999996 (1) 0.000004 (0) 
Residue: HIP 20   0.291907 (2) 0.707330 (1) 0.000763 (1) 
Residue: HIP 25   0.144286 (2) 0.746086 (1) 0.109628 (1) 
Residue: GL4 28   0.627133 (0) 0.019083 (1) 0.183609 (1) 0.022369 (1) 0.147806 (1) 
Residue: TYR 31   0.999999 (1) 0.000001 (0) 
Residue: GL4 36   0.511705 (0) 0.259640 (1) 0.042697 (1) 0.134059 (1) 0.051899 (1) 
Residue: TYR 41   0.999999 (1) 0.000001 (0) 
Residue: TYR 54   0.999992 (1) 0.000008 (0) 
Residue: GL4 57   0.839930 (0) 0.014979 (1) 0.069564 (1) 0.019085 (1) 0.056441 (1) 
Residue: TYR 59   0.999966 (1) 0.000034 (0) 
Residue: HIP 63   0.682826 (2) 0.302153 (1) 0.015021 (1) 
Residue: HIP 68   0.481719 (2) 0.460771 (1) 0.057510 (1) 
Residue: GL4 71   0.925590 (0) 0.026722 (1) 0.008263 (1) 0.026741 (1) 0.012684 (1) 
Residue: TYR 74   0.999997 (1) 0.000003 (0) 
Residue: GL4 79   0.894142 (0) 0.009368 (1) 0.051249 (1) 0.009549 (1) 0.035692 (1) 
Residue: TYR 84   0.999985 (1) 0.000015 (0) 
Residue: TYR 97   1.000000 (1) 0.000000 (0) 
Residue: GL4 100  0.677751 (0) 0.049409 (1) 0.116751 (1) 0.055241 (1) 0.100847 (1) 
Residue: TYR 102  1.000000 (1) 0.000000 (0) 
Residue: HIP 106  0.371869 (2) 0.584649 (1) 0.043483 (1) 
Residue: HIP 111  0.253649 (2) 0.564018 (1) 0.182333 (1) 
Residue: GL4 114  0.975431 (0) 0.001517 (1) 0.013508 (1) 0.001391 (1) 0.008152 (1) 
Residue: TYR 117  1.000000 (1) 0.000000 (0) 
Residue: GL4 122  0.710474 (0) 0.031840 (1) 0.113119 (1) 0.031585 (1) 0.112982 (1) 
Residue: TYR 127  1.000000 (1) 0.000000 (0) 
Residue: TYR 140  1.000000 (1) 0.000000 (0) 
Residue: GL4 143  0.767472 (0) 0.082522 (1) 0.030137 (1) 0.080411 (1) 0.039459 (1) 
Residue: TYR 145  0.999999 (1) 0.000001 (0) 
Residue: HIP 149  0.501427 (2) 0.404231 (1) 0.094342 (1) 
Residue: HIP 154  0.217388 (2) 0.630034 (1) 0.152578 (1) 
Residue: GL4 157  0.971647 (0) 0.001963 (1) 0.003684 (1) 0.009794 (1) 0.012912 (1) 
Residue: TYR 160  1.000000 (1) 0.000000 (0) 
Residue: GL4 165  0.882423 (0) 0.045488 (1) 0.010458 (1) 0.056265 (1) 0.005365 (1) 
Residue: TYR 170  1.000000 (1) 0.000000 (0) 
Residue: TYR 183  1.000000 (1) 0.000000 (0) 
Residue: GL4 186  0.653321 (0) 0.115323 (1) 0.055683 (1) 0.119875 (1) 0.055798 (1) 
Residue: TYR 188  0.999999 (1) 0.000001 (0) 
Residue: HIP 192  0.899220 (2) 0.069818 (1) 0.030961 (1) 
Residue: HIP 197  0.192716 (2) 0.687748 (1) 0.119537 (1) 
Residue: GL4 200  0.796839 (0) 0.038705 (1) 0.002826 (1) 0.157183 (1) 0.004448 (1) 
Residue: TYR 203  0.999999 (1) 0.000001 (0) 
Residue: GL4 208  0.827150 (0) 0.027951 (1) 0.068301 (1) 0.023731 (1) 0.052867 (1) 
Residue: TYR 213  1.000000 (1) 0.000000 (0) 
Residue: TYR 226  1.000000 (1) 0.000000 (0) 
Residue: GL4 229  0.778947 (0) 0.095274 (1) 0.016385 (1) 0.094283 (1) 0.015110 (1) 
Residue: TYR 231  0.999987 (1) 0.000013 (0) 
Residue: HIP 235  0.029570 (2) 0.055557 (1) 0.914874 (1) 
Residue: HIP 240  0.180080 (2) 0.677618 (1) 0.142302 (1) 
Residue: GL4 243  0.892164 (0) 0.038668 (1) 0.007018 (1) 0.055457 (1) 0.006693 (1) 
Residue: TYR 246  1.000000 (1) 0.000000 (0) 
Residue: GL4 251  0.704336 (0) 0.046030 (1) 0.100212 (1) 0.055845 (1) 0.093577 (1) 
Residue: TYR 256  0.999999 (1) 0.000001 (0) 
Residue: TYR 269  0.999993 (1) 0.000007 (0) 
Residue: GL4 272  0.844061 (0) 0.037758 (1) 0.040623 (1) 0.038213 (1) 0.039345 (1) 
Residue: TYR 274  0.999984 (1) 0.000016 (0) 
Residue: HIP 278  0.148540 (2) 0.634801 (1) 0.216659 (1) 
Residue: HIP 283  0.403962 (2) 0.493686 (1) 0.102352 (1) 
Residue: GL4 286  0.829590 (0) 0.033823 (1) 0.041570 (1) 0.030907 (1) 0.064110 (1) 
Residue: TYR 289  0.999996 (1) 0.000004 (0) 
Residue: GL4 294  0.764096 (0) 0.019478 (1) 0.110429 (1) 0.016528 (1) 0.089469 (1) 
Residue: TYR 299  0.999981 (1) 0.000019 (0) 
Residue: TYR 312  0.999999 (1) 0.000001 (0) 
Residue: GL4 315  0.695721 (0) 0.090947 (1) 0.060000 (1) 0.099535 (1) 0.053797 (1) 
Residue: TYR 317  0.999995 (1) 0.000005 (0) 
Residue: HIP 321  0.265373 (2) 0.644099 (1) 0.090528 (1) 
Residue: HIP 326  0.222109 (2) 0.614921 (1) 0.162970 (1) 
Residue: GL4 329  0.617051 (0) 0.131123 (1) 0.076970 (1) 0.119542 (1) 0.055314 (1) 
Residue: TYR 332  1.000000 (1) 0.000000 (0) 
Residue: GL4 337  0.783167 (0) 0.019126 (1) 0.097507 (1) 0.018810 (1) 0.081389 (1) 
Residue: TYR 342  1.000000 (1) 0.000000 (0) 
