   Residue Number     State  0     State  1     State  2     State  3     State  4 
-----------------------------------------------------------------------------------
Residue: TYR 11   1.000000 (1) 0.000000 (0) 
Residue: GL4 14   0.859769 (0) 0.014683 (1) 0.048839 (1) 0.013226 (1) 0.063483 (1) 
Residue: TYR 16   0.999992 (1) 0.000008 (0) 
Residue: HIP 20   0.268387 (2) 0.730561 (1) 0.001052 (1) 
Residue: HIP 25   0.089998 (2) 0.796582 (1) 0.113420 (1) 
Residue: GL4 28   0.804798 (0) 0.010693 (1) 0.070268 (1) 0.012211 (1) 0.102032 (1) 
Residue: TYR 31   1.000000 (1) 0.000000 (0) 
Residue: GL4 36   0.686829 (0) 0.164730 (1) 0.028480 (1) 0.080624 (1) 0.039337 (1) 
Residue: TYR 41   0.999998 (1) 0.000002 (0) 
Residue: TYR 54   0.999963 (1) 0.000037 (0) 
Residue: GL4 57   0.939059 (0) 0.007224 (1) 0.023955 (1) 0.007500 (1) 0.022263 (1) 
Residue: TYR 59   0.999935 (1) 0.000065 (0) 
Residue: HIP 63   0.520333 (2) 0.460097 (1) 0.019571 (1) 
Residue: HIP 68   0.293274 (2) 0.634780 (1) 0.071946 (1) 
Residue: GL4 71   0.970393 (0) 0.012334 (1) 0.002057 (1) 0.013004 (1) 0.002212 (1) 
Residue: TYR 74   0.999995 (1) 0.000005 (0) 
Residue: GL4 79   0.934522 (0) 0.005431 (1) 0.024821 (1) 0.005322 (1) 0.029904 (1) 
Residue: TYR 84   0.999943 (1) 0.000057 (0) 
Residue: TYR 97   1.000000 (1) 0.000000 (0) 
Residue: GL4 100  0.790932 (0) 0.031902 (1) 0.062750 (1) 0.038936 (1) 0.075480 (1) 
Residue: TYR 102  1.000000 (1) 0.000000 (0) 
Residue: HIP 106  0.218374 (2) 0.736490 (1) 0.045137 (1) 
Residue: HIP 111  0.145196 (2) 0.692896 (1) 0.161908 (1) 
Residue: GL4 114  0.984658 (0) 0.000055 (1) 0.009757 (1) 0.000073 (1) 0.005457 (1) 
Residue: TYR 117  1.000000 (1) 0.000000 (0) 
Residue: GL4 122  0.832906 (0) 0.018901 (1) 0.056348 (1) 0.018936 (1) 0.072910 (1) 
Residue: TYR 127  1.000000 (1) 0.000000 (0) 
Residue: TYR 140  1.000000 (1) 0.000000 (0) 
Residue: GL4 143  0.828467 (0) 0.060894 (1) 0.032737 (1) 0.052796 (1) 0.025107 (1) 
Residue: TYR 145  0.999999 (1) 0.000001 (0) 
Residue: HIP 149  0.402424 (2) 0.506050 (1) 0.091526 (1) 
Residue: HIP 154  0.125602 (2) 0.724464 (1) 0.149934 (1) 
Residue: GL4 157  0.982177 (0) 0.002008 (1) 0.002657 (1) 0.005432 (1) 0.007726 (1) 
Residue: TYR 160  1.000000 (1) 0.000000 (0) 
Residue: GL4 165  0.926151 (0) 0.029830 (1) 0.007655 (1) 0.031714 (1) 0.004649 (1) 
Residue: TYR 170  0.999999 (1) 0.000001 (0) 
Residue: TYR 183  0.999999 (1) 0.000001 (0) 
Residue: GL4 186  0.749838 (0) 0.090243 (1) 0.032555 (1) 0.080916 (1) 0.046449 (1) 
Residue: TYR 188  0.999994 (1) 0.000006 (0) 
Residue: HIP 192  0.861626 (2) 0.104175 (1) 0.034199 (1) 
Residue: HIP 197  0.109743 (2) 0.786315 (1) 0.103943 (1) 
Residue: GL4 200  0.881030 (0) 0.031660 (1) 0.001503 (1) 0.081457 (1) 0.004350 (1) 
Residue: TYR 203  0.999998 (1) 0.000002 (0) 
Residue: GL4 208  0.895208 (0) 0.015856 (1) 0.033984 (1) 0.012866 (1) 0.042087 (1) 
Residue: TYR 213  1.000000 (1) 0.000000 (0) 
Residue: TYR 226  1.000000 (1) 0.000000 (0) 
Residue: GL4 229  0.840128 (0) 0.072378 (1) 0.008594 (1) 0.070438 (1) 0.008462 (1) 
Residue: TYR 231  0.999980 (1) 0.000020 (0) 
Residue: HIP 235  0.016930 (2) 0.059693 (1) 0.923377 (1) 
Residue: HIP 240  0.110225 (2) 0.769450 (1) 0.120326 (1) 
Residue: GL4 243  0.962385 (0) 0.011089 (1) 0.004759 (1) 0.020346 (1) 0.001422 (1) 
Residue: TYR 246  1.000000 (1) 0.000000 (0) 
Residue: GL4 251  0.833950 (0) 0.028710 (1) 0.061072 (1) 0.023047 (1) 0.053220 (1) 
Residue: TYR 256  1.000000 (1) 0.000000 (0) 
Residue: TYR 269  0.999981 (1) 0.000019 (0) 
Residue: GL4 272  0.920672 (0) 0.019687 (1) 0.020989 (1) 0.019127 (1) 0.019525 (1) 
Residue: TYR 274  0.999962 (1) 0.000038 (0) 
Residue: HIP 278  0.067995 (2) 0.733908 (1) 0.198097 (1) 
Residue: HIP 283  0.228194 (2) 0.651377 (1) 0.120429 (1) 
Residue: GL4 286  0.934890 (0) 0.014863 (1) 0.017124 (1) 0.014135 (1) 0.018988 (1) 
Residue: TYR 289  0.999989 (1) 0.000011 (0) 
Residue: GL4 294  0.903877 (0) 0.008673 (1) 0.048833 (1) 0.008167 (1) 0.030449 (1) 
Residue: TYR 299  0.999946 (1) 0.000054 (0) 
Residue: TYR 312  1.000000 (1) 0.000000 (0) 
Residue: GL4 315  0.828968 (0) 0.049817 (1) 0.039478 (1) 0.045495 (1) 0.036243 (1) 
Residue: TYR 317  0.999989 (1) 0.000011 (0) 
Residue: HIP 321  0.130186 (2) 0.740557 (1) 0.129257 (1) 
Residue: HIP 326  0.141474 (2) 0.705363 (1) 0.153163 (1) 
Residue: GL4 329  0.706149 (0) 0.117128 (1) 0.045106 (1) 0.100117 (1) 0.031499 (1) 
Residue: TYR 332  1.000000 (1) 0.000000 (0) 
Residue: GL4 337  0.892655 (0) 0.010683 (1) 0.045559 (1) 0.010903 (1) 0.040199 (1) 
Residue: TYR 342  1.000000 (1) 0.000000 (0) 
