   Residue Number     State  0     State  1     State  2     State  3     State  4 
-----------------------------------------------------------------------------------
Residue: TYR 11   0.999995 (1) 0.000005 (0) 
Residue: GL4 14   0.963772 (0) 0.002946 (1) 0.012415 (1) 0.002962 (1) 0.017905 (1) 
Residue: TYR 16   0.999928 (1) 0.000072 (0) 
Residue: HIP 20   0.129419 (2) 0.869252 (1) 0.001329 (1) 
Residue: HIP 25   0.019024 (2) 0.878875 (1) 0.102101 (1) 
Residue: GL4 28   0.965944 (0) 0.001835 (1) 0.003485 (1) 0.002422 (1) 0.026314 (1) 
Residue: TYR 31   0.999999 (1) 0.000001 (0) 
Residue: GL4 36   0.945159 (0) 0.022668 (1) 0.004061 (1) 0.021392 (1) 0.006719 (1) 
Residue: TYR 41   0.999988 (1) 0.000012 (0) 
Residue: TYR 54   0.999523 (1) 0.000477 (0) 
Residue: GL4 57   0.988232 (0) 0.001091 (1) 0.003586 (1) 0.001212 (1) 0.005879 (1) 
Residue: TYR 59   0.999416 (1) 0.000584 (0) 
Residue: HIP 63   0.174743 (2) 0.800794 (1) 0.024463 (1) 
Residue: HIP 68   0.060799 (2) 0.860927 (1) 0.078274 (1) 
Residue: GL4 71   0.995683 (0) 0.001917 (1) 0.000225 (1) 0.001933 (1) 0.000242 (1) 
Residue: TYR 74   0.999960 (1) 0.000040 (0) 
Residue: GL4 79   0.990901 (0) 0.001042 (1) 0.002949 (1) 0.001041 (1) 0.004067 (1) 
Residue: TYR 84   0.999393 (1) 0.000607 (0) 
Residue: TYR 97   0.999998 (1) 0.000002 (0) 
Residue: GL4 100  0.946949 (0) 0.007262 (1) 0.015754 (1) 0.009750 (1) 0.020284 (1) 
Residue: TYR 102  0.999988 (1) 0.000012 (0) 
Residue: HIP 106  0.051101 (2) 0.912132 (1) 0.036768 (1) 
Residue: HIP 111  0.029940 (2) 0.791143 (1) 0.178918 (1) 
Residue: GL4 114  0.997808 (0) 0.000004 (1) 0.000902 (1) 0.000000 (1) 0.001286 (1) 
Residue: TYR 117  0.999997 (1) 0.000003 (0) 
Residue: GL4 122  0.977398 (0) 0.003206 (1) 0.008519 (1) 0.003431 (1) 0.007447 (1) 
Residue: TYR 127  0.999999 (1) 0.000001 (0) 
Residue: TYR 140  0.999998 (1) 0.000002 (0) 
Residue: GL4 143  0.945228 (0) 0.017273 (1) 0.011269 (1) 0.014815 (1) 0.011415 (1) 
Residue: TYR 145  1.000000 (1) 0.000000 (0) 
Residue: HIP 149  0.139270 (2) 0.762045 (1) 0.098685 (1) 
Residue: HIP 154  0.026821 (2) 0.850106 (1) 0.123073 (1) 
Residue: GL4 157  0.998363 (0) 0.000098 (1) 0.000481 (1) 0.000249 (1) 0.000809 (1) 
Residue: TYR 160  0.999999 (1) 0.000001 (0) 
Residue: GL4 165  0.992780 (0) 0.002715 (1) 0.001582 (1) 0.002471 (1) 0.000452 (1) 
Residue: TYR 170  0.999993 (1) 0.000007 (0) 
Residue: TYR 183  0.999999 (1) 0.000001 (0) 
Residue: GL4 186  0.930287 (0) 0.024833 (1) 0.011225 (1) 0.022873 (1) 0.010782 (1) 
Residue: TYR 188  0.999957 (1) 0.000043 (0) 
Residue: HIP 192  0.558500 (2) 0.369168 (1) 0.072333 (1) 
Residue: HIP 197  0.021856 (2) 0.886479 (1) 0.091665 (1) 
Residue: GL4 200  0.961778 (0) 0.010123 (1) 0.000268 (1) 0.027022 (1) 0.000809 (1) 
Residue: TYR 203  0.999983 (1) 0.000017 (0) 
Residue: GL4 208  0.983415 (0) 0.003030 (1) 0.004690 (1) 0.002033 (1) 0.006832 (1) 
Residue: TYR 213  0.999999 (1) 0.000001 (0) 
Residue: TYR 226  1.000000 (1) 0.000000 (0) 
Residue: GL4 229  0.962124 (0) 0.016583 (1) 0.002378 (1) 0.016075 (1) 0.002839 (1) 
Residue: TYR 231  0.999933 (1) 0.000067 (0) 
Residue: HIP 235  0.006420 (2) 0.095711 (1) 0.897869 (1) 
Residue: HIP 240  0.024645 (2) 0.863939 (1) 0.111417 (1) 
Residue: GL4 243  0.995729 (0) 0.000567 (1) 0.000394 (1) 0.003311 (1) 0.000000 (1) 
Residue: TYR 246  0.999998 (1) 0.000002 (0) 
Residue: GL4 251  0.979236 (0) 0.004046 (1) 0.005765 (1) 0.003707 (1) 0.007246 (1) 
Residue: TYR 256  0.999989 (1) 0.000011 (0) 
Residue: TYR 269  0.999762 (1) 0.000238 (0) 
Residue: GL4 272  0.989658 (0) 0.002936 (1) 0.002729 (1) 0.003019 (1) 0.001658 (1) 
Residue: TYR 274  0.999643 (1) 0.000357 (0) 
Residue: HIP 278  0.010776 (2) 0.833718 (1) 0.155506 (1) 
Residue: HIP 283  0.042512 (2) 0.830056 (1) 0.127432 (1) 
Residue: GL4 286  0.990318 (0) 0.002501 (1) 0.002300 (1) 0.002444 (1) 0.002437 (1) 
Residue: TYR 289  0.999849 (1) 0.000151 (0) 
Residue: GL4 294  0.989134 (0) 0.001018 (1) 0.005044 (1) 0.001014 (1) 0.003790 (1) 
Residue: TYR 299  0.999457 (1) 0.000543 (0) 
Residue: TYR 312  0.999993 (1) 0.000007 (0) 
Residue: GL4 315  0.967633 (0) 0.009676 (1) 0.007752 (1) 0.007709 (1) 0.007230 (1) 
Residue: TYR 317  0.999961 (1) 0.000039 (0) 
Residue: HIP 321  0.032775 (2) 0.802728 (1) 0.164497 (1) 
Residue: HIP 326  0.030263 (2) 0.849039 (1) 0.120698 (1) 
Residue: GL4 329  0.930196 (0) 0.029911 (1) 0.014466 (1) 0.021631 (1) 0.003796 (1) 
Residue: TYR 332  0.999998 (1) 0.000002 (0) 
Residue: GL4 337  0.982936 (0) 0.001596 (1) 0.006420 (1) 0.001628 (1) 0.007420 (1) 
Residue: TYR 342  0.999996 (1) 0.000004 (0) 
