   Residue Number     State  0     State  1     State  2     State  3     State  4 
-----------------------------------------------------------------------------------
Residue: TYR 11   0.999997 (1) 0.000003 (0) 
Residue: GL4 14   0.916803 (0) 0.007456 (1) 0.028981 (1) 0.007457 (1) 0.039304 (1) 
Residue: TYR 16   0.999968 (1) 0.000032 (0) 
Residue: HIP 20   0.214907 (2) 0.783871 (1) 0.001222 (1) 
Residue: HIP 25   0.045187 (2) 0.848419 (1) 0.106395 (1) 
Residue: GL4 28   0.907355 (0) 0.004729 (1) 0.023546 (1) 0.005466 (1) 0.058904 (1) 
Residue: TYR 31   1.000000 (1) 0.000000 (0) 
Residue: GL4 36   0.826723 (0) 0.078205 (1) 0.013540 (1) 0.063308 (1) 0.018225 (1) 
Residue: TYR 41   0.999995 (1) 0.000005 (0) 
Residue: TYR 54   0.999864 (1) 0.000136 (0) 
Residue: GL4 57   0.973374 (0) 0.003030 (1) 0.010150 (1) 0.002894 (1) 0.010552 (1) 
Residue: TYR 59   0.999777 (1) 0.000223 (0) 
Residue: HIP 63   0.335458 (2) 0.641575 (1) 0.022967 (1) 
Residue: HIP 68   0.148207 (2) 0.776143 (1) 0.075650 (1) 
Residue: GL4 71   0.987937 (0) 0.005262 (1) 0.000735 (1) 0.005513 (1) 0.000553 (1) 
Residue: TYR 74   0.999989 (1) 0.000011 (0) 
Residue: GL4 79   0.964265 (0) 0.002466 (1) 0.014402 (1) 0.002557 (1) 0.016310 (1) 
Residue: TYR 84   0.999796 (1) 0.000204 (0) 
Residue: TYR 97   1.000000 (1) 0.000000 (0) 
Residue: GL4 100  0.884850 (0) 0.016748 (1) 0.036802 (1) 0.021071 (1) 0.040529 (1) 
Residue: TYR 102  0.999998 (1) 0.000002 (0) 
Residue: HIP 106  0.114433 (2) 0.842884 (1) 0.042683 (1) 
Residue: HIP 111  0.072179 (2) 0.750161 (1) 0.177660 (1) 
Residue: GL4 114  0.990293 (0) 0.000014 (1) 0.004094 (1) 0.000012 (1) 0.005587 (1) 
Residue: TYR 117  0.999998 (1) 0.000002 (0) 
Residue: GL4 122  0.930117 (0) 0.008506 (1) 0.023073 (1) 0.008742 (1) 0.029562 (1) 
Residue: TYR 127  0.999998 (1) 0.000002 (0) 
Residue: TYR 140  0.999999 (1) 0.000001 (0) 
Residue: GL4 143  0.892753 (0) 0.034725 (1) 0.022535 (1) 0.030014 (1) 0.019974 (1) 
Residue: TYR 145  0.999999 (1) 0.000001 (0) 
Residue: HIP 149  0.262312 (2) 0.642335 (1) 0.095353 (1) 
Residue: HIP 154  0.063384 (2) 0.802149 (1) 0.134467 (1) 
Residue: GL4 157  0.992547 (0) 0.000743 (1) 0.001176 (1) 0.003501 (1) 0.002034 (1) 
Residue: TYR 160  1.000000 (1) 0.000000 (0) 
Residue: GL4 165  0.971998 (0) 0.013601 (1) 0.003382 (1) 0.009511 (1) 0.001508 (1) 
Residue: TYR 170  0.999991 (1) 0.000009 (0) 
Residue: TYR 183  1.000000 (1) 0.000000 (0) 
Residue: GL4 186  0.847783 (0) 0.057848 (1) 0.019879 (1) 0.046905 (1) 0.027584 (1) 
Residue: TYR 188  0.999977 (1) 0.000023 (0) 
Residue: HIP 192  0.754103 (2) 0.203222 (1) 0.042674 (1) 
Residue: HIP 197  0.052987 (2) 0.849126 (1) 0.097887 (1) 
Residue: GL4 200  0.913800 (0) 0.018802 (1) 0.001106 (1) 0.063739 (1) 0.002553 (1) 
Residue: TYR 203  0.999999 (1) 0.000001 (0) 
Residue: GL4 208  0.951466 (0) 0.007701 (1) 0.014857 (1) 0.005734 (1) 0.020242 (1) 
Residue: TYR 213  0.999999 (1) 0.000001 (0) 
Residue: TYR 226  1.000000 (1) 0.000000 (0) 
Residue: GL4 229  0.906555 (0) 0.041164 (1) 0.005275 (1) 0.039363 (1) 0.007643 (1) 
Residue: TYR 231  0.999960 (1) 0.000040 (0) 
Residue: HIP 235  0.011109 (2) 0.071990 (1) 0.916901 (1) 
Residue: HIP 240  0.058493 (2) 0.834567 (1) 0.106940 (1) 
Residue: GL4 243  0.983126 (0) 0.002865 (1) 0.001979 (1) 0.011910 (1) 0.000120 (1) 
Residue: TYR 246  0.999999 (1) 0.000001 (0) 
Residue: GL4 251  0.933227 (0) 0.011774 (1) 0.021483 (1) 0.009706 (1) 0.023811 (1) 
Residue: TYR 256  0.999995 (1) 0.000005 (0) 
Residue: TYR 269  0.999912 (1) 0.000088 (0) 
Residue: GL4 272  0.970483 (0) 0.007617 (1) 0.007643 (1) 0.007798 (1) 0.006458 (1) 
Residue: TYR 274  0.999875 (1) 0.000125 (0) 
Residue: HIP 278  0.027628 (2) 0.795630 (1) 0.176743 (1) 
Residue: HIP 283  0.106688 (2) 0.763925 (1) 0.129387 (1) 
Residue: GL4 286  0.972328 (0) 0.006701 (1) 0.007154 (1) 0.006403 (1) 0.007413 (1) 
Residue: TYR 289  0.999964 (1) 0.000036 (0) 
Residue: GL4 294  0.964996 (0) 0.004433 (1) 0.016660 (1) 0.003225 (1) 0.010685 (1) 
Residue: TYR 299  0.999812 (1) 0.000188 (0) 
Residue: TYR 312  0.999999 (1) 0.000001 (0) 
Residue: GL4 315  0.916637 (0) 0.025479 (1) 0.021056 (1) 0.020018 (1) 0.016810 (1) 
Residue: TYR 317  0.999983 (1) 0.000017 (0) 
Residue: HIP 321  0.060709 (2) 0.791183 (1) 0.148109 (1) 
Residue: HIP 326  0.071778 (2) 0.791512 (1) 0.136710 (1) 
Residue: GL4 329  0.824292 (0) 0.079117 (1) 0.029894 (1) 0.051622 (1) 0.015076 (1) 
Residue: TYR 332  1.000000 (1) 0.000000 (0) 
Residue: GL4 337  0.957332 (0) 0.004308 (1) 0.015790 (1) 0.004677 (1) 0.017892 (1) 
Residue: TYR 342  0.999998 (1) 0.000002 (0) 
