# 1    2
# pH   Residue
0.00 0.000 0.001 0.000 0.000 0.000 0.013 0.000 0.001 0.000 0.000 0.000 0.000 0.000 0.000 0.000 0.000 0.000 0.000 0.000 0.003 0.000 0.000 0.000 0.765 0.000 0.001 0.000 0.000 0.002 0.000 0.000 0.000 0.244 0.000 0.004 0.000 0.000 0.001 0.000 0.000 0.000 0.852 0.000 0.002 0.000 0.000 0.003 0.000 0.003 0.000 0.136 0.000 0.002 0.000 0.000 0.000 0.000 0.000 0.000 0.003 0.000 0.000 0.000 0.000 0.001 0.000 0.000 0.000 0.020 0.000 0.000 0.000  
0.50 0.000 0.003 0.000 0.000 0.000 0.034 0.000 0.003 0.000 0.000 0.000 0.000 0.000 0.000 0.001 0.000 0.001 0.000 0.000 0.008 0.000 0.000 0.000 0.767 0.000 0.003 0.000 0.000 0.007 0.000 0.000 0.000 0.273 0.000 0.012 0.000 0.000 0.003 0.000 0.000 0.000 0.846 0.000 0.005 0.000 0.000 0.008 0.000 0.008 0.000 0.146 0.000 0.005 0.000 0.000 0.000 0.000 0.000 0.000 0.008 0.000 0.000 0.000 0.000 0.002 0.000 0.000 0.000 0.036 0.000 0.001 0.000  
1.00 0.000 0.009 0.000 0.000 0.000 0.083 0.000 0.010 0.000 0.000 0.001 0.000 0.000 0.000 0.003 0.000 0.003 0.000 0.000 0.022 0.000 0.000 0.000 0.767 0.000 0.010 0.000 0.000 0.019 0.000 0.000 0.000 0.340 0.000 0.036 0.000 0.000 0.008 0.000 0.000 0.000 0.825 0.000 0.015 0.000 0.000 0.021 0.000 0.023 0.001 0.174 0.000 0.014 0.000 0.000 0.001 0.000 0.000 0.000 0.018 0.000 0.000 0.000 0.000 0.005 0.000 0.000 0.000 0.077 0.000 0.003 0.000  
1.50 0.000 0.023 0.000 0.000 0.001 0.154 0.000 0.026 0.000 0.000 0.002 0.000 0.000 0.000 0.006 0.000 0.007 0.000 0.000 0.051 0.000 0.000 0.001 0.764 0.000 0.026 0.000 0.000 0.043 0.000 0.000 0.001 0.448 0.000 0.090 0.000 0.000 0.018 0.000 0.000 0.001 0.780 0.000 0.044 0.000 0.000 0.054 0.000 0.052 0.003 0.229 0.000 0.042 0.000 0.000 0.003 0.000 0.000 0.000 0.035 0.000 0.000 0.000 0.000 0.012 0.000 0.000 0.000 0.153 0.000 0.010 0.000  
2.00 0.000 0.056 0.000 0.001 0.003 0.207 0.000 0.058 0.000 0.000 0.005 0.000 0.000 0.000 0.010 0.000 0.016 0.000 0.000 0.098 0.000 0.000 0.002 0.752 0.000 0.053 0.000 0.000 0.083 0.000 0.001 0.003 0.561 0.000 0.194 0.000 0.000 0.038 0.000 0.001 0.002 0.723 0.000 0.107 0.000 0.000 0.117 0.000 0.096 0.008 0.304 0.000 0.099 0.000 0.000 0.007 0.000 0.000 0.000 0.062 0.000 0.001 0.000 0.000 0.027 0.000 0.000 0.001 0.243 0.000 0.028 0.000  
2.50 0.000 0.127 0.000 0.002 0.007 0.238 0.000 0.111 0.000 0.000 0.012 0.000 0.000 0.001 0.018 0.000 0.036 0.000 0.000 0.156 0.000 0.001 0.007 0.755 0.000 0.092 0.000 0.000 0.134 0.000 0.002 0.008 0.639 0.000 0.331 0.000 0.000 0.069 0.000 0.002 0.007 0.676 0.000 0.208 0.000 0.000 0.218 0.000 0.173 0.022 0.373 0.000 0.180 0.000 0.000 0.017 0.000 0.001 0.001 0.097 0.000 0.004 0.000 0.000 0.053 0.000 0.001 0.003 0.319 0.000 0.069 0.000  
3.00 0.000 0.243 0.000 0.006 0.021 0.256 0.000 0.174 0.000 0.000 0.026 0.000 0.001 0.002 0.031 0.000 0.070 0.000 0.000 0.198 0.000 0.003 0.021 0.781 0.000 0.126 0.000 0.000 0.194 0.000 0.007 0.024 0.693 0.000 0.455 0.000 0.000 0.114 0.000 0.005 0.020 0.652 0.000 0.317 0.000 0.000 0.339 0.000 0.292 0.063 0.429 0.000 0.253 0.000 0.000 0.039 0.000 0.003 0.001 0.144 0.000 0.009 0.000 0.000 0.095 0.000 0.003 0.010 0.370 0.000 0.142 0.000  
3.50 0.000 0.387 0.000 0.017 0.057 0.289 0.000 0.233 0.000 0.000 0.047 0.000 0.002 0.004 0.062 0.000 0.138 0.000 0.000 0.229 0.000 0.007 0.055 0.807 0.000 0.175 0.000 0.000 0.246 0.000 0.019 0.067 0.726 0.000 0.537 0.000 0.000 0.168 0.000 0.011 0.057 0.642 0.000 0.385 0.000 0.000 0.449 0.000 0.459 0.162 0.473 0.000 0.304 0.000 0.000 0.074 0.000 0.009 0.004 0.175 0.000 0.020 0.000 0.000 0.164 0.000 0.007 0.027 0.420 0.000 0.256 0.000  
4.00 0.000 0.525 0.000 0.047 0.138 0.345 0.000 0.286 0.000 0.000 0.081 0.000 0.005 0.012 0.119 0.000 0.235 0.000 0.000 0.271 0.000 0.018 0.117 0.802 0.000 0.233 0.000 0.000 0.286 0.000 0.053 0.157 0.737 0.000 0.587 0.000 0.000 0.223 0.000 0.015 0.138 0.640 0.000 0.401 0.000 0.000 0.521 0.000 0.642 0.320 0.523 0.000 0.367 0.000 0.000 0.129 0.000 0.025 0.012 0.185 0.000 0.043 0.000 0.000 0.246 0.000 0.017 0.075 0.465 0.000 0.393 0.000  
4.50 0.000 0.625 0.000 0.114 0.276 0.400 0.000 0.322 0.000 0.000 0.134 0.000 0.013 0.028 0.212 0.000 0.362 0.000 0.000 0.330 0.000 0.039 0.197 0.806 0.000 0.278 0.000 0.000 0.334 0.000 0.121 0.282 0.750 0.000 0.640 0.000 0.000 0.281 0.000 0.022 0.245 0.622 0.000 0.398 0.000 0.000 0.573 0.000 0.777 0.470 0.597 0.000 0.440 0.000 0.000 0.207 0.000 0.067 0.031 0.197 0.000 0.083 0.000 0.000 0.328 0.000 0.041 0.179 0.512 0.000 0.525 0.000  
5.00 0.000 0.667 0.000 0.237 0.446 0.424 0.000 0.332 0.000 0.000 0.226 0.000 0.031 0.058 0.360 0.000 0.518 0.000 0.000 0.390 0.000 0.082 0.298 0.838 0.000 0.286 0.000 0.000 0.417 0.000 0.228 0.388 0.791 0.000 0.721 0.000 0.000 0.357 0.000 0.032 0.361 0.638 0.000 0.402 0.000 0.000 0.615 0.000 0.855 0.559 0.640 0.000 0.532 0.000 0.000 0.319 0.000 0.165 0.070 0.255 0.000 0.149 0.000 0.000 0.375 0.000 0.088 0.343 0.512 0.000 0.625 0.000  
5.50 0.000 0.681 0.000 0.403 0.603 0.432 0.000 0.340 0.000 0.000 0.360 0.000 0.065 0.112 0.540 0.000 0.662 0.000 0.000 0.436 0.000 0.155 0.413 0.887 0.000 0.327 0.000 0.000 0.534 0.000 0.329 0.468 0.842 0.000 0.784 0.000 0.000 0.442 0.000 0.044 0.461 0.654 0.000 0.462 0.000 0.000 0.650 0.000 0.897 0.623 0.677 0.000 0.577 0.000 0.000 0.449 0.000 0.342 0.139 0.359 0.000 0.253 0.000 0.000 0.427 0.000 0.188 0.508 0.521 0.000 0.670 0.000  
6.00 0.000 0.697 0.000 0.550 0.723 0.439 0.000 0.368 0.000 0.000 0.507 0.000 0.120 0.200 0.717 0.000 0.761 0.000 0.000 0.502 0.000 0.270 0.524 0.931 0.000 0.422 0.000 0.000 0.634 0.000 0.408 0.557 0.903 0.000 0.817 0.000 0.000 0.523 0.000 0.059 0.567 0.688 0.000 0.579 0.000 0.000 0.683 0.000 0.920 0.688 0.724 0.000 0.598 0.000 0.000 0.609 0.000 0.550 0.252 0.499 0.000 0.408 0.000 0.000 0.478 0.000 0.349 0.632 0.534 0.000 0.670 0.000  
6.50 0.000 0.726 0.000 0.652 0.799 0.502 0.000 0.411 0.000 0.000 0.687 0.000 0.203 0.335 0.845 0.000 0.845 0.000 0.000 0.586 0.000 0.445 0.629 0.953 0.000 0.569 0.000 0.000 0.700 0.000 0.444 0.669 0.944 0.000 0.840 0.000 0.000 0.595 0.000 0.077 0.698 0.719 0.000 0.718 0.000 0.000 0.715 0.000 0.942 0.752 0.814 0.000 0.625 0.000 0.000 0.739 0.000 0.715 0.412 0.676 0.000 0.592 0.000 0.000 0.567 0.000 0.569 0.704 0.557 0.000 0.693 0.000  
7.00 0.000 0.778 0.000 0.708 0.856 0.627 0.000 0.512 0.000 0.000 0.840 0.000 0.317 0.518 0.926 0.000 0.894 0.000 0.000 0.678 0.000 0.628 0.746 0.975 0.000 0.710 0.000 0.000 0.767 0.000 0.499 0.783 0.972 0.000 0.882 0.000 0.000 0.653 0.000 0.101 0.807 0.797 0.000 0.827 0.000 0.000 0.779 0.000 0.970 0.820 0.892 0.000 0.704 0.000 0.000 0.844 0.000 0.851 0.596 0.830 0.000 0.764 0.000 0.000 0.696 0.000 0.735 0.778 0.617 0.000 0.783 0.000  
7.50 0.000 0.860 0.000 0.732 0.910 0.805 0.000 0.687 0.000 0.000 0.939 0.000 0.480 0.707 0.970 0.000 0.935 0.000 0.000 0.791 0.000 0.782 0.855 0.985 0.000 0.833 0.000 0.000 0.828 0.000 0.598 0.874 0.982 0.000 0.926 0.000 0.000 0.750 0.000 0.138 0.890 0.881 0.000 0.895 0.000 0.000 0.840 0.000 0.983 0.890 0.962 0.000 0.834 0.000 0.000 0.921 0.000 0.932 0.772 0.935 0.000 0.904 0.000 0.000 0.829 0.000 0.870 0.859 0.706 0.000 0.893 0.000  
8.00 0.000 0.917 0.000 0.785 0.955 0.907 0.000 0.827 0.000 0.000 0.973 0.000 0.665 0.852 0.988 0.000 0.964 0.000 0.000 0.885 0.000 0.886 0.928 0.990 0.000 0.930 0.000 0.000 0.893 0.000 0.738 0.937 0.993 0.000 0.972 0.000 0.000 0.848 0.000 0.246 0.947 0.914 0.000 0.951 0.000 0.000 0.907 0.000 0.989 0.942 0.983 0.000 0.933 0.000 0.000 0.970 0.000 0.972 0.893 0.972 0.000 0.965 0.000 0.000 0.917 0.000 0.939 0.928 0.824 0.000 0.957 0.000  
8.50 0.000 0.964 0.000 0.871 0.981 0.966 0.000 0.945 0.000 0.000 0.988 0.001 0.825 0.939 0.996 0.000 0.991 0.001 0.000 0.947 0.000 0.949 0.970 0.998 0.000 0.977 0.000 0.000 0.945 0.000 0.861 0.973 0.998 0.000 0.993 0.000 0.000 0.930 0.000 0.442 0.978 0.962 0.000 0.983 0.000 0.000 0.962 0.000 0.994 0.975 0.996 0.000 0.979 0.000 0.000 0.990 0.000 0.989 0.957 0.990 0.000 0.989 0.001 0.000 0.968 0.000 0.967 0.970 0.930 0.000 0.983 0.000  
